0 0.0
1 -3.9811381594167554
2 11.346098294518717
3 -26.571917446759297
4 22.18653952292363
5 -50.98141092802447
6 17.350304162531174
7 -55.36391978979725
8 3.051716391143743
9 -61.71649708997014
10 -33.76331282782057
11 48.26189644774055
12 -134.83333672252638
13 105.919914998478
14 -119.41871393080886
15 84.12049551285433
16 -66.99386872141076
17 51.719759795701265
18 -22.469562826839145
19 5.398195569319593
20 13.743299649620083
21 -0.20360969317500924
22 1.2747950831569268
23 26.256633338812136
24 10.281571373234879
25 -34.01570293165303
26 24.806842540631493
27 -34.03237791768184
28 -13.378542886348617
29 -17.306349819262504
30 6.166134299781478
31 -51.23291104364252
32 -14.6878674078599
33 -1.648725269502306
34 8.222366380128708
35 -58.133187164294185
36 71.46744516731515
37 -80.64627933336084
38 14.896732983978339
39 -43.69699586641728
40 -12.7489664272229
41 -10.480624275842565
42 -27.31545227865382
43 23.821867961261034
44 -58.82533581366514
45 49.18830057040342
46 -59.90023063788541
47 55.36450446228057
48 -15.846893605604764
49 13.455439883278004
50 22.388860130484826
51 -45.54199820579815
52 50.265371858983784
53 1.082877382226165
54 36.30059915150407
55 -8.228088899797065
56 25.053638969611207
57 15.631986106593539
58 26.172515385890268
59 47.42783055090761
60 -8.160765816645869
61 11.365128515058236
62 11.353729083767409
63 24.162237050195642
64 -6.584326245837723
65 20.49949112472652
66 29.594509865551377
67 13.73402521220251
68 7.301753013487217
69 29.17794538153936
70 -4.610347967554212
71 2.17878415712627
72 -10.870121841216628
73 -25.25476462849139
74 -8.390202121080225
75 15.618305455697728
76 -44.53857164742825
77 37.57479097573881
78 -37.60680748232468
79 -4.931237075203449
80 -13.519766785438266
81 9.120136019775599
82 -16.29364464393612
83 -17.03274473572964
84 13.412599638689247
85 -76.71484869058176
86 69.78232120421063
87 -60.07411617951083
88 56.227489502815786
89 -38.38933503893151
90 14.653977691877301
91 -2.2575079046747994
92 2.1206843404613123
93 -19.29417319728856
94 47.28066620484547
95 -14.89406991817347
96 -19.46357515407988
97 34.30040615546554
98 -69.02388046008997
99 54.052805705735544
100 -35.645507638405476
101 12.196579510863163
102 1.6443058158051413
103 -36.53440572066214
104 17.356992492989555
105 5.409900864808309
106 -60.256772094868
107 62.61528315763828
108 -131.13504633449648
109 59.36229246256211
110 -50.5489190782302
111 -19.426517674518173
112 9.794474438217614
113 -34.198566291354425
114 54.91198731522363
115 -33.30402379242903
116 35.49111967092543
117 -23.91698714520382
118 55.58351205318686
119 -8.364013353853577
120 2.651262185265491
121 40.90268793170953
122 -8.553690352936545
123 24.29706963382516
124 1.9792735041986713
125 12.327403597348725
126 -0.6911039291419939
127 0.0
