0 0.0
1 -3.982073082680416
2 12.889486487544712
3 -20.2132061749192
4 16.45370606819709
5 -12.751951918698085
6 -13.684060992709034
7 18.618160024206958
8 -73.610695481718
9 10.237731324557714
10 -39.74231417004196
11 -6.632313160678128
12 -74.0400809842192
13 9.69363388167476
14 -11.298351174690973
15 -67.95146368972739
16 16.989199557070208
17 -70.1048264599456
18 19.52285694904478
19 -39.748565632735335
20 9.637872108611816
21 2.30862950868266
22 -5.825415475313878
23 -3.711121016610635
24 -9.654606866632642
25 8.817955474848603
26 -10.079445179772147
27 25.871552574671625
28 -3.95242991007833
29 17.95711459314779
30 18.26876321737747
31 -27.744747936681193
32 16.47448863517909
33 39.41768193359677
34 -31.063924260472717
35 7.656522982293871
36 -4.444847508413734
37 -20.425305261626015
38 -26.44109140738463
39 53.83284763697224
40 -28.17645665537578
41 42.520151022719936
42 -33.13697491534576
43 28.90887858896237
44 -13.966719513659664
45 -15.08205896389891
46 18.767658655258202
47 17.98456714907333
48 46.39425574059534
49 -19.627906108811466
50 13.271677502761206
51 1.1677753628151704
52 -28.978880934714795
53 32.86730101391694
54 -62.10030625865441
55 25.599857509548126
56 -15.916433259273983
57 20.22645858884926
58 5.940501056129111
59 -26.735915997328807
60 56.175377299029634
61 -24.638365748149944
62 33.87933401408404
63 -35.00703745703486
64 -16.80887122532945
65 -33.44927736900425
66 7.3738614424090905
67 4.680926816549599
68 -31.208143354119358
69 2.880528324421599
70 -9.773500372591045
71 -40.05516383767286
72 5.023384846738673
73 -2.4674889066298578
74 -5.646062393766818
75 26.91707781960398
76 27.510215384204
77 6.515486353500343
78 -7.030582818675938
79 20.582817420656124
80 -7.557127221022695
81 -2.0604118367013786
82 -18.035243566746807
83 -1.1701167687184988
84 14.946876243144029
85 -12.791014740362064
86 27.283479495131004
87 -0.5551566211023966
88 -34.964302573082314
89 27.229613718019994
90 -21.56916380146447
91 -15.821417006376276
92 39.53311495563048
93 -54.46896520004556
94 35.99486921766231
95 -8.022326582986848
96 -6.58429781400358
97 -14.571659527786215
98 24.83598456400418
99 -46.84161356476336
100 53.16807149178681
101 -19.478442656102047
102 -1.0938087054512728
103 18.56292822880382
104 30.554735030996298
105 5.996170952705877
106 36.948192733181415
107 -33.024248399288304
108 29.16516688324615
109 24.7430300218899
110 -41.121270288887935
111 56.915919881956256
112 -90.53585712545588
113 103.19521315570576
114 -89.78361668706508
115 83.61265482865521
116 -78.2923090678136
117 7.508051727149815
118 -36.40354182508934
119 23.014595767118415
120 -63.563008163920024
121 20.77805679795683
122 -20.098005813631563
123 11.443689303861857
124 2.0676170528084787
125 5.064870843312185
126 1.7995856747921897
127 0.0
