0 0.0
1 -2.794365279415506
2 13.828342246113534
3 -22.70576872492768
4 28.468018646033087
5 -17.74554321843634
6 9.653711880511459
7 -42.54870952317271
8 -16.87851894582119
9 -45.73830170814264
10 -52.226207763841
11 14.135696988834937
12 -57.539202512009965
13 -13.396191477385488
14 -54.16322992196552
15 -5.3239911153787824
16 0.003374745588697062
17 -46.80596873326621
18 21.313548195253578
19 -9.837944337310141
20 -51.38335414186997
21 48.56979808480695
22 -55.48014820850349
23 -20.95868486491186
24 -2.9881507040421322
25 -0.042159362768181
26 -55.93152085077966
27 34.10701495308342
28 -82.22786151138429
29 -9.912985104620365
30 -39.81237931244403
31 -61.67862716905516
32 -0.5187466841732267
33 -37.38458296221515
34 -39.512148188932045
35 17.67758330615274
36 -6.3029762406436465
37 36.48461909496094
38 17.93899518455129
39 -3.726343850398489
40 69.72744943266468
41 -30.386533187101488
42 73.24848221229404
43 25.864011580371415
44 15.696647923764237
45 63.207042789353395
46 21.447978663902575
47 17.352088581867797
48 57.53554174207249
49 4.540038398569264
50 -28.14592905290856
51 30.184133497413242
52 -43.73942250110862
53 -27.67039411330776
54 9.552367862882559
55 0.1959367249423298
56 -4.236795215854969
57 -30.865664541547407
58 -20.159799270460546
59 -25.294427755087188
60 -11.64142795265923
61 -26.524268711234843
62 3.478422611937786
63 -35.18010521113517
64 -33.54269015754097
65 5.862394212490068
66 -46.15481456046031
67 -11.170277055920815
68 -21.068347223047304
69 30.89740756182282
70 -37.533787569599895
71 34.48624788227496
72 45.13748635951735
73 -40.19604585654087
74 67.30500967322114
75 -36.37786541407682
76 17.531224966090484
77 -15.553152991588933
78 53.85807802407158
79 -6.384676117604884
80 -21.408540802201713
81 32.1320918400855
82 -14.142950826114179
83 34.54861798922658
84 17.894886529765785
85 -7.634969861133827
86 -27.627185887303966
87 25.619148638833423
88 -46.73990232160535
89 15.670923029059207
90 -8.889860966095243
91 -24.9235072601723
92 19.68970041998954
93 -65.51661630250966
94 36.07285985182561
95 -30.33612558778551
96 11.145614502609861
97 -25.221683684857926
98 -2.272233371968665
99 -15.607194374864987
100 -13.320755335314443
101 75.92966962001468
102 -89.71726925606374
103 107.26134155241296
104 -41.29674559504695
105 6.363044602898336
106 97.35565965382486
107 -92.2849903221263
108 82.00999016842468
109 -38.46456411557696
110 20.495038869714286
111 16.41501147215258
112 -39.57439496708926
113 18.22393346652993
114 -45.55144413021628
115 21.927286276965322
116 -67.49580948932939
117 52.64763582663967
118 12.236539441469708
119 -23.351667566551235
120 3.8915831804865615
121 32.1984318429244
122 -12.720696770331099
123 19.005193818724933
124 -4.708067640396355
125 16.6129825471228
126 -0.11512857052888824
127 0.0
