0 0.0
1 -5.423209621981654
2 18.17877396724637
3 -31.518147272726843
4 19.619521451165976
5 -35.776150535355825
6 5.420945994494615
7 -51.064078044772735
8 -10.163616729137324
9 -15.066854315908364
10 -44.81273991944987
11 10.937983759108203
12 -57.26319831468212
13 28.74802305791669
14 -14.016156792805981
15 2.8590555842524132
16 -15.943745334490252
17 13.890885040148175
18 -34.61139847536522
19 34.27161364301188
20 -36.49086608112061
21 14.896746915841286
22 -15.682537573420143
23 -66.47294363867813
24 33.414857566782395
25 -49.51054407122137
26 -17.261803946808424
27 45.38182295979718
28 -33.17541728902092
29 42.75584708331684
30 -7.2241739309697675
31 43.2741336957858
32 -3.0636542490955225
33 43.65035118402703
34 -2.3079600984507422
35 34.974596560133
36 20.200346741874135
37 -22.41689245160767
38 44.557314626258815
39 -46.84138251857775
40 52.90732143317001
41 -46.277789652214196
42 -23.143673763287573
43 -27.600259454825476
44 -11.402523010462783
45 -25.43546558124075
46 -21.79518427428222
47 -2.553859462763928
48 -27.751045450899127
49 29.355964713278674
50 12.486787986180817
51 14.572818839281513
52 22.706439117875128
53 -10.897589603257975
54 1.2873690584801887
55 -26.430171817125647
56 -7.178797504999935
57 -1.363037116654649
58 -4.4710800087045115
59 11.773824941652553
60 -32.23227428230162
61 -0.9403120922740187
62 -32.51451987898301
63 20.56936940463609
64 -35.435546082844084
65 -33.28110022888675
66 -5.397418669271875
67 -4.385254556371351
68 -26.56029261276468
69 0.9958371998726556
70 -7.013233098310186
71 21.961918860114366
72 0.12250716710376423
73 15.075169644867422
74 36.111903114315034
75 -41.340562192918156
76 15.177568879046001
77 -10.209685579878208
78 -16.21184569723566
79 18.90577849021582
80 2.4591226783977045
81 -26.13256941787945
82 41.17849448363049
83 -37.339043635484984
84 21.954381122024103
85 -6.314753164624075
86 2.831192794858117
87 -10.619150501824901
88 4.534513093924407
89 -5.253385512197813
90 -20.076891287143503
91 3.2058544358645698
92 -42.909295347512156
93 15.989559605667548
94 -13.465368196101933
95 20.68112703957433
96 37.3023686691719
97 -12.192686485873917
98 34.78162730128628
99 17.572309027811198
100 -12.093525407917953
101 7.822040846077641
102 2.1521385065993077
103 -37.10108850251861
104 -16.16707907194033
105 7.319281452077701
106 -78.42749612542293
107 48.29687238281877
108 -51.810151815823794
109 31.08450079814218
110 -11.875666488656456
111 28.445092606432002
112 -9.127933588774688
113 -1.4967743966094946
114 18.083475761080248
115 3.706578994243032
116 31.22707317583932
117 15.049411356118389
118 9.921616358632786
119 50.024297181769384
120 -32.81814105934926
121 65.09758169089875
122 -21.16285500162965
123 24.271085489089543
124 -12.241510879861298
125 14.933269575909836
126 -0.7275532631143764
127 0.0
