0 0.0
1 -4.890943122783995
2 14.271964566011897
3 -34.333249036913266
4 10.992834798936181
5 -53.366143075803066
6 2.192341052874788
7 -41.668955169873755
8 -45.87153212784871
9 -3.1192601542816654
10 -44.23543492664004
11 20.621140159254765
12 -67.21332423501745
13 13.20845120145632
14 -22.820494038359836
15 11.74078507343439
16 -9.576360543678797
17 21.278967985715504
18 7.433937446493456
19 -6.144311617344735
20 36.563832073457746
21 22.508990858277652
22 14.42897527477587
23 -3.21132397009554
24 35.65708359560123
25 1.6971699205628317
26 27.347641624487018
27 33.936077587960355
28 2.4865582858688673
29 24.545650547161735
30 7.9340461068778145
31 36.4885227523883
32 -25.66520103441135
33 5.699433443387414
34 -27.88512270723679
35 19.300405434730926
36 -43.04439761261334
37 -11.823300337926861
38 10.333032226235755
39 15.98051079853647
40 -19.54221681024634
41 2.796540616213191
42 20.245556762272365
43 -32.24784251201816
44 26.958003510557305
45 -55.65545946669623
46 0.0828100366942397
47 -41.11851043514188
48 -4.178546168267893
49 -37.25108403240626
50 40.70422606172699
51 -53.787870970567354
52 -6.693429446259795
53 -4.475940695521233
54 -39.280403311553926
55 11.570903577696605
56 -41.63154336230688
57 49.19825367386329
58 -29.403199103928163
59 5.355019178293723
60 -27.85074747554029
61 29.16058713892853
62 -22.47662794702048
63 -7.128704355745015
64 -9.172116035510696
65 -2.768067644949393
66 -23.14250434137419
67 23.59465159553823
68 -20.188253633872755
69 9.450932516385103
70 -20.710279712670996
71 7.8140210011301185
72 12.89643869417055
73 -15.070239796188558
74 10.256921894924222
75 -8.30128636250867
76 -12.183466697650573
77 -0.02667897876886889
78 40.99682460138583
79 -47.97221186968899
80 49.91438970016125
81 -37.42320675326287
82 66.35907779662291
83 -60.39061399553537
84 13.090698403749501
85 2.6595654046332493
86 -11.235788764616032
87 -14.405501470493052
88 -9.372972395817802
89 38.87762746431233
90 -16.705956572592605
91 46.58177669511794
92 -15.430919395260736
93 4.718330043136026
94 -30.40257824445241
95 22.942023407530712
96 -45.486839624353465
97 36.72008923975569
98 -24.59674550079995
99 12.544684236260608
100 16.942313994407613
101 -38.47932034179298
102 25.26474792975038
103 -7.106323281515929
104 -18.631928901916165
105 -34.80189816745584
106 0.6386951228940205
107 -58.85608029852599
108 22.34415097294823
109 -50.30010728045757
110 10.243503947535286
111 -51.4750288578506
112 -17.036428341278924
113 14.28808484722702
114 -40.11962848723813
115 5.043812187248438
116 -5.512101053585368
117 40.030058963822306
118 -13.581272933513064
119 101.30603587647448
120 -28.351755646873
121 91.41408347024301
122 -21.58187207097
123 58.192916849111484
124 -14.283275591951599
125 13.576490362762305
126 0.9468874857595655
127 0.0
