0 0.0
1 -3.5446463622962288
2 4.032322215250394
3 -12.319438481899232
4 -19.491367264906522
5 -18.748244184906735
6 -26.924068849069457
7 -46.473126552306205
8 24.264352299902676
9 -48.67741190419902
10 28.8479058226939
11 -43.03338538645917
12 52.60982798991054
13 -27.691694525193434
14 67.26679807543593
15 -14.246529750468895
16 1.748823597311022
17 32.00678779239437
18 -51.78871747517236
19 50.149816002493736
20 -64.54164881251751
21 31.454361923292847
22 7.51992138050014
23 -0.7848004132289359
24 11.14910231085494
25 18.757945921070764
26 -35.55971782478823
27 30.91286580774813
28 -75.95951648929763
29 3.5482963300161714
30 -25.830079862357195
31 -27.153224068203134
32 -4.2870239580583105
33 -19.657997937945904
34 14.062270238876623
35 -24.761372864930912
36 -1.1082789612603892
37 -15.655649085869518
38 39.52741656666992
39 -55.290335308485204
40 16.50436333072676
41 -43.65834960163928
42 -8.424187415081247
43 10.16371070199624
44 -30.455796879099776
45 49.97347311542915
46 -28.25774063251482
47 68.88126735882626
48 -19.504779401150717
49 44.607138202096955
50 -7.828912485254457
51 25.23618324688083
52 22.755540501137933
53 -10.943079699959881
54 -8.610482779195316
55 16.861626809016272
56 -31.02269963136747
57 -31.26467811058768
58 15.991126785495986
59 -36.85596549730726
60 10.549397393519813
61 -15.33147311590423
62 24.368709807523523
63 -18.6244783997062
64 -25.387471748204085
65 -11.475073382819145
66 -40.931915946787484
67 -42.80690426254572
68 -9.228670027176817
69 -36.19294908224143
70 -44.945233515922865
71 -10.721436611892562
72 7.533001095187164
73 -21.258531446580605
74 24.93002105785455
75 -29.23120470956677
76 37.684907817889815
77 -21.325759750021724
78 16.552384628346314
79 12.034368947417601
80 -50.205465945115535
81 65.82961450372245
82 -43.04726951995661
83 56.380426353394455
84 -25.47177944585686
85 54.12795391942272
86 29.845553424450635
87 20.833540644819525
88 9.379564606688263
89 37.560942205638085
90 43.83361676174629
91 -27.0349387406169
92 51.175390399151695
93 -30.835551224395548
94 18.615214678853143
95 -8.02877530806012
96 38.868669963244095
97 -16.86161117618271
98 63.65829889720567
99 -11.556409339821753
100 -32.7447213756847
101 20.991374143232576
102 -46.87351735621214
103 -4.606254487158139
104 -38.552565706646526
105 47.77619430156871
106 -71.12949761662993
107 28.266066657056243
108 -60.91034308845223
109 -28.300845237933196
110 34.04046666021122
111 -44.160248924732855
112 46.475385549998244
113 25.447133757321524
114 15.954057225221542
115 65.39042884687623
116 2.7589936462888454
117 -8.699216205857207
118 40.2341397801343
119 1.3244486882533972
120 6.933640713856549
121 5.754952339760544
122 4.753727811264565
123 25.100565819401858
124 -4.880078482749986
125 10.490175428643905
126 -0.9880585441085706
127 0.0
