0 0.0
1 -3.8621408808848936
2 9.58250459851742
3 -16.44654975702051
4 -3.8773003935790142
5 -45.103901434262696
6 -12.072379378055151
7 -70.78823640383278
8 -0.6945017231477161
9 -85.63083769350847
10 -0.7851495138027785
11 -23.838970623924148
12 7.7295888739247856
13 3.9602543284890386
14 -0.9281016221406063
15 36.779642950135184
16 -53.36875203792514
17 90.50503178756465
18 -36.03380372859466
19 47.61835878348958
20 7.469458890006394
21 -4.633543017052354
22 16.817656351595527
23 -19.474112419469677
24 -20.28600395203704
25 36.33373118934666
26 -19.00333066967027
27 35.94711368168078
28 -9.356374508004413
29 28.673915066341664
30 32.98227017598378
31 -27.342749687734017
32 -2.1913119795226526
33 50.152081006404885
34 -40.515339700312246
35 8.308347227448277
36 -22.701698400735427
37 -45.23253319073776
38 14.42549566874133
39 -51.09318782114835
40 18.44593723566382
41 -7.348485226375517
42 -5.341245103783492
43 -14.199209222606816
44 63.09515628979018
45 -28.876303391389158
46 52.90828632815986
47 -35.40867150519309
48 0.0727399735400274
49 -9.050224879611653
50 -68.56175801304448
51 54.88061637543616
52 -58.98957296868508
53 89.44936754809933
54 -25.52283379051966
55 -8.839172566602985
56 63.862858568904926
57 -59.932340401448776
58 30.741743322632022
59 -48.87249732148585
60 33.44044950046878
61 -52.78042622166146
62 11.256633750296324
63 -5.608929351735591
64 -38.909938456505614
65 43.440131607495445
66 -51.8617103277936
67 57.07434195286236
68 -72.65539720467106
69 61.75693881617513
70 -48.89910720326543
71 3.923713384828461
72 31.161034309546164
73 -53.66201812755507
74 20.34043106533979
75 1.2055509433503133
76 16.124767566566444
77 -33.20301917528111
78 54.101480629311325
79 -67.57806526529275
80 51.53810346206483
81 9.585634341140633
82 -17.54241041261635
83 73.13077120904538
84 -42.375116767719
85 46.24412374494293
86 -37.943820782095436
87 20.503794095159208
88 -2.733604359845244
89 -53.98777390890862
90 57.67328763945266
91 -44.849157332504085
92 78.13175449002311
93 -38.851674427225824
94 40.43129112236421
95 -35.87853322413745
96 28.869581793075003
97 -4.49829942974876
98 0.22289719330879856
99 42.216425027891766
100 -44.90603968395727
101 57.07441839061697
102 -30.584505968713497
103 -3.5229887397867183
104 -20.40825039261104
105 62.99193423618586
106 -7.957551490643854
107 -3.282092008780494
108 2.321565267234007
109 -21.341428629795217
110 -27.634377295953758
111 -28.856101316768513
112 -8.405461342552568
113 -16.851254880561896
114 -32.43981338308458
115 -18.969612848294677
116 -2.81617989187033
117 -12.253125813998812
118 25.14778004179355
119 1.4517005354630463
120 -2.2123308169597284
121 33.14765900449765
122 -56.12493171647356
123 55.2412526448273
124 -19.59539179773272
125 13.869657125399595
126 -0.4258512652028502
127 0.0
