0 0.0
1 -2.892442450866307
2 5.5188522846914685
3 -14.573558397028048
4 2.525645304570335
5 -34.50132785061021
6 -2.8421949952335233
7 -44.59796961430265
8 -22.280769132581252
9 -33.29182869364058
10 -15.919495912378938
11 -38.419323108805806
12 11.582173670760818
13 -8.608607052125608
14 -61.83002691818353
15 42.21441558266899
16 -57.51474412174257
17 39.36253959198014
18 -13.939445306881709
19 34.353648272576855
20 -11.511168224548385
21 26.227329903914057
22 -8.76068917057105
23 28.352722172987782
24 -1.6335781567085261
25 -23.481232528335042
26 20.233873699746958
27 -6.253434554257088
28 -3.2675597896078097
29 -16.710529116853564
30 1.3345564116367072
31 -31.846503225588922
32 31.904239784424995
33 -39.50885651115238
34 23.747316442998713
35 -5.037600220539383
36 55.60389970201234
37 -11.540994087286819
38 44.22466404119511
39 11.350423119435291
40 9.872952218742398
41 33.326029042977915
42 -39.64669236868902
43 17.895881796761145
44 -50.34882232324945
45 31.44872845206841
46 -50.7336095557553
47 -11.824321372104267
48 -7.154577360503881
49 -62.71635285434768
50 19.59441927937409
51 -40.773162854552794
52 2.1610705207744627
53 -58.68786043879491
54 -5.577505769427402
55 -19.56957106396486
56 -23.053055908360058
57 7.547218269349419
58 -24.059117788936337
59 -1.0299628520887845
60 -32.62096373672799
61 -30.322611073943783
62 4.605273820360019
63 -61.49679220413556
64 -2.260651416660095
65 -1.7429166551383377
66 -34.829234546534465
67 -5.163865931012559
68 20.76372486451361
69 -28.467408558224
70 46.89416159026765
71 33.23057431675785
72 17.600621128082256
73 53.28106974035579
74 5.466735413404086
75 50.29555969752013
76 21.22786982930659
77 -5.638208638999696
78 1.9327668060379353
79 39.71222431763402
80 -16.788790083369754
81 42.71598674849378
82 13.333590185493483
83 -0.737233030123187
84 -25.217774849620827
85 7.038767672677652
86 -18.5759733318848
87 -7.609483039463803
88 -5.1797631717808255
89 6.0063122183712565
90 10.462514395391784
91 -17.642482741906083
92 26.675838710723227
93 -18.146218967792702
94 -9.9987957418835
95 -19.43091624020723
96 -16.117410721936782
97 24.558477080299383
98 -42.08762427216436
99 64.58555648775884
100 -34.46844493227641
101 25.187300411321857
102 -10.339804491583282
103 -15.302388484282593
104 11.456871404270832
105 -40.43928787384445
106 8.399016362878442
107 -17.32628838800246
108 12.934749293904698
109 -2.257199192325366
110 33.20342643970281
111 -9.201380472419364
112 47.896541605127304
113 -53.651178782599835
114 71.96449013871378
115 -68.78041068015158
116 32.40731442251441
117 5.5481007226630465
118 -20.637446386745584
119 68.31684040297665
120 -18.01907034465396
121 60.470579254625314
122 -33.897418339864856
123 40.31448421392102
124 -20.32195237938623
125 14.10964460117509
126 -0.15564514008518204
127 0.0
