0 0.0
1 -6.45998414332842
2 19.590511023397458
3 -32.496347944956035
4 21.27050109138662
5 -36.306469968255875
6 -4.728241630419014
7 -15.18931287400689
8 -35.10887590063022
9 1.0059912468814993
10 -40.759779032306
11 17.096004090278743
12 -41.970609363147254
13 16.922233784917413
14 -65.31559029190792
15 36.786407893494186
16 -102.00975871308361
17 50.50460954323155
18 -66.60882200554863
19 -2.118062291254173
20 -5.74042811176048
21 -17.235389215605363
22 -38.04589512688926
23 30.50750753416473
24 -30.86437049559034
25 42.101144519519195
26 -5.258472034240795
27 -48.7939047942009
28 48.560564131104044
29 -39.110148028113315
30 18.00492199737731
31 -6.36665558104277
32 38.03948218182563
33 -46.30711044192007
34 35.61003592550492
35 -41.73659163460509
36 18.96215400068876
37 -24.169784131386738
38 -31.306102912872884
39 12.69903459146935
40 -56.02340354169034
41 -15.476000851736819
42 22.292768165198275
43 -89.93880711231503
44 57.40961202061705
45 2.089728250970326
46 -10.094920477299738
47 84.16512727849133
48 -56.37993044155234
49 60.53865970890234
50 11.60635008322257
51 4.2295867618557805
52 55.61830600089608
53 24.52954253242081
54 -12.06566982947825
55 49.93637722132068
56 -38.85927247374368
57 32.22712972437708
58 -63.18481602046804
59 50.810700499809386
60 -22.006442974851907
61 -21.067263138241103
62 28.38835859008464
63 -33.560702352764324
64 59.17686696993717
65 -23.86599381615382
66 31.87125097595524
67 13.52374272765116
68 -5.766106033124635
69 -13.798735776416157
70 6.01519782296882
71 -20.184258593100576
72 -5.816400168906071
73 -20.339684940802453
74 -2.7117867782777907
75 -12.602818697720446
76 -4.4453231019688015
77 -19.689314407535
78 23.70908037226135
79 -33.79817275681273
80 -21.14787645990818
81 4.123013073499929
82 -16.984478260731898
83 -16.416931886171202
84 14.17332778858947
85 30.138623453546195
86 -5.0705860363201305
87 38.25021817653013
88 3.07872568158768
89 17.22079047932725
90 -16.755596297417814
91 -15.062540231489356
92 -3.1347025741290375
93 0.47817630889300844
94 -39.6067683721855
95 -16.6206279289932
96 -38.02996265381928
97 27.063224193592912
98 32.398091491764475
99 -2.7735346898651883
100 59.01458127441638
101 -4.429163387786471
102 20.473690253530037
103 10.15017055398746
104 10.587917176313889
105 -32.96173461578113
106 8.349437606210516
107 -8.17010805329086
108 -5.075586971727773
109 -11.089060630431238
110 1.0119129895829735
111 -37.81004943002399
112 8.074653337269252
113 16.654954865198068
114 -6.772370384984088
115 12.409675469372543
116 -18.021884322720947
117 -4.002707120215283
118 -24.569788145836316
119 49.24927853461889
120 -11.0814677593392
121 61.72317781236916
122 -22.129886599472467
123 51.8773123011404
124 -22.773520959152684
125 18.66008955152071
126 -0.6348679639008009
127 0.0
