0 0.0
1 -2.831442005149645
2 9.947639127027937
3 -7.064796992357359
4 -11.54063470853766
5 -11.212355653144233
6 -1.7213040395946462
7 -66.06260726064943
8 21.143442578328138
9 -68.80762769099593
10 8.906294922141536
11 -36.46623195114765
12 29.84418717079407
13 -65.97141981532334
14 47.740038750662514
15 -48.055947492395156
16 20.361754533885783
17 -50.007616545747226
18 -13.6629480354188
19 16.999105781123323
20 -68.44204628319466
21 16.945372641944342
22 -67.63479629394831
23 51.039003257404275
24 -38.80717584516312
25 -19.47074827662576
26 -13.425046233783533
27 8.774816536979605
28 -49.523094797171375
29 -0.3962613540176624
30 14.94946770313079
31 -25.77363620712564
32 6.515277655047523
33 -16.639451783767974
34 34.9333281233324
35 -44.19324355420552
36 69.29699977164152
37 -11.3316571723699
38 27.68980630952246
39 75.8680847695993
40 -24.36915411162522
41 83.61500285822433
42 -38.37905300699843
43 6.244170558849158
44 6.795408329933062
45 -1.9979558283773597
46 -11.706498228561419
47 8.337555436718132
48 -30.058075098587462
49 17.816238765669006
50 37.58312973740189
51 -20.834598761877487
52 23.819267216426972
53 -33.38136493942436
54 2.5572660176135615
55 1.8872081244555738
56 12.738403263867658
57 40.620194437346804
58 -55.354685366469475
59 -2.684064699634806
60 2.0005823770151436
61 -8.604790758152417
62 -16.869463821056478
63 2.076712099147298
64 26.098807418736236
65 12.736548206578458
66 58.59764965468169
67 -17.808523376990173
68 20.679798419845934
69 -8.420287357168434
70 54.51519787485057
71 -2.580246407910639
72 14.500290588306893
73 25.67003007839014
74 -4.8413881586906315
75 64.47157076025276
76 -68.38445353216142
77 88.43099090783332
78 -31.205678346359463
79 -7.464208190650567
80 -20.077545581674404
81 -31.92791777045901
82 -17.554815953433003
83 -6.104023579101344
84 -27.931274492432102
85 -8.996525663596959
86 1.8110402079543795
87 -34.58781965582317
88 14.956459367961294
89 -28.96696348615159
90 2.5285838544729815
91 -42.42778718954664
92 14.782076877224519
93 -18.54212545354194
94 10.92283042684893
95 -14.478327952086637
96 15.469594749102503
97 -27.95860607539557
98 14.020101548163968
99 -50.96620313864574
100 71.42305152669161
101 -47.90099373438376
102 6.197210952849849
103 21.08648319202672
104 -33.35059434945861
105 -4.820746755625308
106 -54.21547751779904
107 18.502413079450594
108 -45.23823353995191
109 21.43711729467532
110 -25.81406113847862
111 -8.826711485610158
112 -60.115174201773144
113 -15.198881559890596
114 -14.48132289947867
115 -14.64433382612768
116 -26.21810489608835
117 36.682917965351
118 -38.74027220687821
119 27.114312303902263
120 -32.476936317612285
121 42.07659979178118
122 0.835798233793844
123 33.93032823778082
124 -6.340358425293125
125 17.107713277574696
126 -0.6891820457031274
127 0.0
