0 0.0
1 -5.943013701398518
2 13.751507641537312
3 -20.22948949615542
4 -4.006923220426034
5 8.501258802088275
6 -36.432689241990246
7 -37.85710762251065
8 -6.659440705562029
9 -64.41195999854314
10 3.7777995095342827
11 -11.315355392185692
12 -28.884108894991833
13 -24.020339251967844
14 13.137638675252461
15 -25.305093867617643
16 -13.073877527350705
17 -3.0081079324009834
18 5.887697847974382
19 -36.68699848744327
20 10.009861207467182
21 -3.8398432601719223
22 -32.43201548243777
23 46.453324441226265
24 -54.336092191163274
25 91.53441101137177
26 -16.4386565530536
27 60.08962000363633
28 -28.015880632582
29 60.065243500907464
30 -28.91627591942775
31 28.16074237478617
32 4.503264702268965
33 -49.04186451355625
34 36.44007710763467
35 -63.579247580702145
36 26.47658056674131
37 -54.14165496785042
38 11.146804668131596
39 -40.391725262390345
40 -13.446081237726034
41 -31.98048081005065
42 -3.1643445778029506
43 -13.582707144527847
44 -21.047724555449893
45 7.441718389721942
46 10.279263246906684
47 -13.792063093520836
48 41.09638632876682
49 -11.292885872090052
50 -0.3062194097821535
51 70.7683032969779
52 -38.83037477946299
53 57.78052415384225
54 1.3248193946842675
55 35.933299890337565
56 -0.9419869632553975
57 25.921543554453407
58 -34.82566699422827
59 14.477295832868116
60 -50.49259348864382
61 15.446978980300287
62 -59.045879546854216
63 0.35565580617925024
64 -14.043242827732447
65 24.01218697142931
66 0.3475765931275085
67 11.479073538757067
68 9.652816488058727
69 -6.22149513099716
70 32.921857261945355
71 -46.68180105654676
72 50.048776092980106
73 -28.24245036952287
74 66.62749412082928
75 -47.409804060987454
76 67.88698271496892
77 -44.278908860776276
78 4.144432253914971
79 -10.278191062056157
80 -35.142129388209845
81 33.14066330742977
82 -31.829976947076847
83 -15.165110220600079
84 -28.010045209204787
85 -30.02754309245211
86 -28.633431241028365
87 -41.4113190176264
88 -51.67023549130154
89 4.239765546430039
90 -47.11671202408185
91 -11.098882112974866
92 16.248443756211433
93 -50.09040993179437
94 3.0725828500039225
95 2.168625272925496
96 -17.81112144157205
97 35.27730189032573
98 2.894587071488759
99 38.552286415307805
100 -2.933531362595259
101 -9.157967623426723
102 70.72333925103715
103 -49.13486704110839
104 64.24380714111221
105 0.777718265296645
106 25.62811207264928
107 37.61347463700637
108 31.32762348821496
109 42.216469256387455
110 -28.449972658391047
111 54.367194174065055
112 -35.73082023615796
113 -10.994642527489594
114 38.37844249192643
115 -54.23011302491315
116 4.8720578116025965
117 75.84690153334886
118 -69.13764437108168
119 93.12182555793143
120 -84.7500496958682
121 72.26902525861303
122 -41.12057824385665
123 30.414151902486104
124 -9.168058860670149
125 10.619687643531165
126 0.9529527816788139
127 -0.0
