0 0.0
1 -3.2185097879177302
2 10.191657612440284
3 -13.94276912590378
4 19.58954358168551
5 -13.291175165817128
6 8.368700356406837
7 22.881936092149335
8 -42.69751241571401
9 40.423611585652495
10 -49.154362566096246
11 -3.6855719485262473
12 -22.04237523012004
13 -12.073984257037962
14 -22.27777375007931
15 -2.825425555017761
16 -36.68611254105223
17 -35.265390027347586
18 1.3065617503776894
19 -58.98187157864148
20 -5.485700287153133
21 31.46141740562766
22 -69.56596711842974
23 13.783713798540179
24 -22.40129375530036
25 -8.899316739505812
26 -22.57737193072164
27 5.613328156538877
28 -9.610089116733317
29 16.230219459115318
30 -58.27366263153181
31 4.90877682994473
32 -70.80162856143244
33 8.021346862177735
34 -8.417891643852917
35 -31.565715087827673
36 44.27741769558061
37 -34.6815647350717
38 40.17981440971951
39 20.77198673278939
40 76.58502773584358
41 -35.85487619421754
42 83.46262230276264
43 3.3294075919450066
44 42.93462903077289
45 32.92666549254599
46 9.237086057979326
47 30.67547628064599
48 -52.08048370287535
49 46.362573308277
50 -91.43733898354448
51 -20.30601419375659
52 11.187888705776494
53 -48.57801462816036
54 -28.633413114242288
55 9.203789091242808
56 -20.463108109613746
57 -9.255669178622494
58 -34.68292060136806
59 -32.734481635983215
60 1.7642083550422007
61 -41.977393842400396
62 5.02230996144615
63 -13.245768285246633
64 -20.224890152687333
65 22.513724170470546
66 -41.04646637511328
67 27.870222355950464
68 11.957860182658015
69 6.119013839425338
70 14.995412290996416
71 32.612790828861044
72 36.51748032933254
73 -8.629099684676024
74 64.24903836517223
75 -30.155924634755216
76 68.43765145495803
77 7.287901767733732
78 -2.401996793125557
79 11.283736196883678
80 -9.370926517990775
81 20.103146085489033
82 -7.847704561427573
83 -17.31423331596216
84 4.6822580722989855
85 -13.181368502207926
86 -69.29321021840555
87 6.409149746750936
88 -48.899345837423546
89 -27.896753859357144
90 8.875328947610807
91 -21.29975316391103
92 7.045956331181724
93 -1.4229170338673547
94 -12.886738689806457
95 -3.837955725741828
96 28.3440620990775
97 -75.01033553861309
98 50.01096797478399
99 -26.693245305850233
100 10.24561955050329
101 -9.574341110423314
102 -26.369944784927018
103 32.63253359451304
104 -41.46493123696731
105 25.253139529093055
106 -67.65335738339824
107 16.69479202543135
108 -41.50520393878595
109 -8.434135529999129
110 -68.84267644900737
111 -7.70681857618697
112 -61.01592209592248
113 10.826990125349003
114 -37.5565816034924
115 1.2315128703879705
116 -33.39471525279375
117 16.509795450684592
118 4.733111215286297
119 -7.836458135508455
120 38.74047583879085
121 39.864042904911486
122 1.7265083045031264
123 41.81371021192932
124 9.077056658745445
125 7.273401248312466
126 3.1808923043030335
127 0.0
