0 0.0
1 -5.263805183963757
2 11.315712590560883
3 -15.715234376329349
4 -4.222003944292568
5 -39.3571217689821
6 22.819163252115473
7 -81.22874585517013
8 50.36256694190823
9 -78.04923626576327
10 2.2659462308770872
11 -9.052566280482955
12 -50.649343702828354
13 33.26760796474178
14 -57.26539434773789
15 0.23026009031692707
16 -44.12947407521765
17 -1.5695502871265492
18 -19.720470679481814
19 39.207155959606865
20 -28.003919328158652
21 43.8103119862877
22 -38.528532232449095
23 -29.014626020672235
24 2.4649668230959736
25 -70.89413917029432
26 20.57794944786899
27 -38.428276427081954
28 27.23219707902803
29 -51.333758593040024
30 30.193287832525733
31 -10.985879146463876
32 -16.885421183458618
33 -25.30854803975737
34 -20.299614303799824
35 -16.901300441049973
36 12.481932413978253
37 20.8074335597227
38 -38.26908081785758
39 42.320116952620744
40 -33.73246800001796
41 109.54139833851244
42 -128.45554284105356
43 159.4262532095477
44 -53.17376930711355
45 36.444078106004426
46 61.287182442871924
47 -93.03574787165827
48 113.6093578263101
49 -71.94792007632333
50 97.13234228303234
51 18.688376831082472
52 -7.3631638297237
53 97.46221708062677
54 -34.147152457319
55 5.494948567518082
56 34.32205979220727
57 -11.654702968953334
58 3.2665303880408856
59 11.036374063922697
60 40.86499495861727
61 -24.24827281515892
62 21.585773594251243
63 7.326714416416217
64 15.087221142830236
65 -16.89039459379259
66 50.112001825018474
67 -30.042600084047017
68 -8.840613173212674
69 -0.4238818090151187
70 -9.173218662507201
71 -25.73544929820017
72 -7.808847794606461
73 -17.120285452485298
74 -1.1744610062056051
75 8.852314487699966
76 -33.810854815372934
77 44.53422941395336
78 -70.49522559113326
79 65.37757308490666
80 -58.18581740775304
81 -21.193515391879266
82 -4.758761404876064
83 -53.05895586211052
84 36.01590532973578
85 -51.787882685999776
86 44.959147259977854
87 -17.77723804925865
88 -1.1812012637628524
89 -2.061547832689395
90 11.416686444690704
91 -10.377248340935786
92 -7.291148651122692
93 30.7020308605219
94 -29.460142370634692
95 47.32292837659453
96 -32.58093522100759
97 5.897836330566669
98 -38.96220696219259
99 19.601363066184565
100 -15.013155116371447
101 8.730644646876975
102 -18.549905915428116
103 -11.068989298906205
104 5.548736389406627
105 -42.50804716989397
106 31.85510204091142
107 -55.51014122164006
108 70.51709884142697
109 -56.86898086212139
110 71.0191688911498
111 -23.533273283621984
112 7.698831992176855
113 -6.907941610322205
114 -26.68420165117315
115 44.8009020633111
116 -65.68412063798814
117 90.78095271525822
118 -109.48810835095406
119 51.06469869844658
120 -55.68310527157793
121 54.24755540585922
122 -38.29668190268987
123 41.37312275104548
124 -7.502629063345895
125 13.604399156217944
126 0.5513886593593637
127 0.0
