0 0.0
1 -4.110702668654821
2 9.074810762223795
3 -16.291115243043393
4 8.05570989077442
5 -12.12632626313182
6 17.18321722244491
7 -38.95532394602703
8 -4.274403838253668
9 -56.10246768545156
10 24.955055847455707
11 -66.19282713098531
12 24.939484310223182
13 -86.68147534276792
14 60.274826301082015
15 -48.11084065700731
16 29.054856995646528
17 -52.43998212085335
18 11.043067021504054
19 -30.294059787862096
20 -23.253373597809443
21 43.03416841674976
22 -73.07327279038964
23 42.3583530351382
24 -108.57400336957765
25 62.42295147914606
26 -79.63921540508717
27 13.281021519324876
28 -19.446203451311465
29 59.655714369921775
30 -27.32007615192372
31 89.85725986550996
32 -27.158935660999305
33 41.15957569778737
34 33.82941858457645
35 -20.230565099013937
36 26.530351632426235
37 29.777769053070834
38 -13.919062335409013
39 5.005228216531014
40 5.471545596313449
41 -34.496992451452506
42 31.927289117305666
43 -34.14271715312549
44 25.136230749520813
45 -17.584118303426532
46 7.118114591553566
47 -5.558843405230618
48 -14.923404066291484
49 -17.835206887900476
50 -22.70899818333397
51 -54.06140700926433
52 66.76782447069537
53 -65.0491709918774
54 35.22355091606034
55 -48.18619853532004
56 0.8977192815188684
57 32.412307120482126
58 -4.853114680256808
59 39.09594150467019
60 21.93540838631956
61 2.6172116320850383
62 15.070021656949372
63 -39.549376484814864
64 47.49517336981414
65 -33.1208160644876
66 -25.681224259916156
67 31.407665810934777
68 -97.40374355140283
69 19.847796227704208
70 -45.37415695919873
71 -21.40552602622839
72 -14.244889970382927
73 -59.08573005226809
74 26.241193947946844
75 -26.59652171191807
76 -12.249732956309238
77 22.361134999967902
78 -33.172101922783305
79 41.40633991842013
80 -48.75002307071943
81 61.90034286105224
82 -52.662302863195066
83 50.190739771165966
84 -16.801435646644933
85 34.58448329011538
86 26.243924962981474
87 14.70871603895602
88 27.929278387521716
89 29.573505442536693
90 7.813641594228371
91 28.652317967779695
92 -7.0253164514339055
93 -0.9009777849018453
94 41.99513642794105
95 -24.686515832959312
96 21.957508217845014
97 -35.764583947412824
98 26.574448646163567
99 -74.57299190531994
100 34.19901670051077
101 -63.82849110765959
102 -22.626761519389778
103 4.314810906740792
104 -37.23404187398779
105 26.1132577681615
106 -29.038258875719347
107 5.896376368340064
108 24.196784221124965
109 -15.722555941883979
110 41.428711879114935
111 23.55910115308698
112 47.00696526522423
113 19.71502024399732
114 -2.4592523146876575
115 60.24606274371053
116 -31.40371035065606
117 -8.378258501066231
118 -2.741116461952897
119 50.756479521750585
120 -48.63144338174557
121 39.77769737983946
122 -14.890574692938008
123 19.227142653667286
124 -2.793611934599668
125 12.05480623772407
126 -2.035384281162321
127 0.0
