0 0.0
1 -5.653756670094442
2 17.21302934377151
3 -27.100663136991603
4 12.719041916680439
5 -34.70205032646072
6 -0.24135730954421214
7 -76.03797824696345
8 -0.44884667030235537
9 -51.27640105396903
10 -43.138836857508416
11 -37.89424005405726
12 11.509988862974863
13 -38.53483792012543
14 -37.25524126612584
15 42.31194773885347
16 -83.55791569205007
17 53.9059377703795
18 -75.0256656521704
19 36.005595239039025
20 -34.75085489222504
21 8.673290497842626
22 -13.280670280894508
23 4.965503622700891
24 -61.91572657122269
25 35.103742164672525
26 -65.67635687027864
27 39.75790857318759
28 -31.91419792413155
29 5.174759940093776
30 -12.212833742273059
31 -1.5547438375488083
32 -12.915505071016383
33 11.071078085036374
34 49.70052592879944
35 -36.57546077289372
36 110.82438377755278
37 -56.51162208319033
38 103.93885663910012
39 -38.556152667910254
40 35.39186997580572
41 -4.0234869722084134
42 22.229889954690343
43 4.16369097343004
44 11.756671500201797
45 5.225539439931863
46 -47.3073389055385
47 -14.023020043768545
48 -0.3026119741887198
49 -61.05259688836779
50 -24.39799573153263
51 -16.235364499620438
52 -58.70441105529661
53 -5.1559272311615185
54 -33.217796084547345
55 -24.36289441347604
56 -52.82499241091653
57 6.924997928004925
58 -85.28954209957193
59 2.997481927154325
60 -44.68427097634225
61 49.77218878905231
62 -14.674647583733437
63 60.11829831229751
64 -16.84015145225122
65 23.643460701185873
66 47.211557156926794
67 -9.723244664197454
68 72.82577475032666
69 -51.17010507743713
70 46.77097173527192
71 -22.937085949884633
72 4.668694594621677
73 22.29743294961485
74 2.88965205062078
75 35.442789418026656
76 -24.076523316801246
77 48.72034444148487
78 -6.007725403069488
79 17.29221644809837
80 54.75108036054976
81 -29.571230756754105
82 64.6117937586864
83 -7.774992976831449
84 -19.39368153226883
85 -9.444544350996136
86 -35.82880677584793
87 11.82916177951523
88 -36.153514917634446
89 -1.0703514654295085
90 -29.30563372458839
91 -48.02519281543468
92 -9.328590985363599
93 -72.65848539780939
94 -18.993997871340685
95 -44.46746501703257
96 -0.19412643040169286
97 -41.25010823486042
98 32.174565419145736
99 -17.038980420170887
100 29.81280548805024
101 41.17438792531015
102 20.79164416090842
103 -21.043028937737372
104 70.23617744336987
105 -1.6735927862823716
106 38.043569927218705
107 59.164030975766934
108 35.56257182083026
109 50.33151651777083
110 -28.61493476875784
111 73.34854161144075
112 -45.97548247826836
113 40.99844303265781
114 -36.451687290808536
115 64.20137947545247
116 -48.15774725055668
117 -10.23718093900166
118 18.650071843115896
119 15.689077308288104
120 -15.252636742842776
121 53.57362821832746
122 -34.66267279007367
123 50.27117568407782
124 -17.951872446820424
125 13.90955849919666
126 -0.2372004758851424
127 0.0
