0 0.0
1 -4.5148730307891185
2 15.167759734622548
3 -19.412034235491717
4 17.93988931963262
5 -26.35751333460458
6 -0.1153416235795123
7 13.447443369381066
8 -78.5569809138355
9 48.111055748804084
10 -77.14286508769604
11 45.833190362772456
12 -46.25369545315942
13 -17.060180593829664
14 -3.538033916023289
15 6.028748073644899
16 16.44908866465642
17 -32.384953090955264
18 9.261560449236873
19 -10.295331753932718
20 -11.291869384233108
21 -20.096622447175243
22 -25.146502899214962
23 -38.732349407067105
24 -27.604256553914556
25 -29.435204569945483
26 -19.333491531905423
27 15.196624765078457
28 -7.854587431871351
29 6.926176988202967
30 29.260164538729242
31 6.757005878236748
32 8.565346822878459
33 25.854325928681163
34 -68.9313177997877
35 66.99251069871913
36 -48.67044288916964
37 20.6964575631337
38 12.816197345840257
39 -8.161055201759485
40 16.549333888192688
41 -19.848447002420272
42 -27.666290216356803
43 -27.42376722810883
44 -46.453490772746456
45 -25.72105151466853
46 41.50635748005679
47 -51.43784380091375
48 63.70960412364066
49 -1.5419222874244891
50 16.74699642345273
51 3.2431129991421472
52 -28.53621242737639
53 32.29423488748394
54 -30.29401680776452
55 13.410280247214603
56 15.375741608688628
57 -6.627653985539177
58 20.461919809946373
59 10.34376429146288
60 7.8404006367038885
61 37.9770134147269
62 1.0959206268204826
63 -18.99079810839562
64 12.360968679421674
65 -9.270485249076858
66 -48.54640919075597
67 6.274373120874549
68 -39.474828416946266
69 -29.205837277819683
70 -28.946849132232792
71 -7.238339189091005
72 -27.362424625390034
73 -23.662010568888288
74 2.333696422436247
75 -21.781326057336866
76 1.2260762468364466
77 10.811021815374243
78 5.251358009896858
79 -23.725544422866804
80 24.179845771430006
81 -9.52645382807472
82 70.02076912181333
83 -13.037046312980403
84 93.90049516263576
85 -3.626542968544603
86 47.393558407660386
87 26.88841182168031
88 -23.391545168412218
89 99.50161097297779
90 -36.24722243204262
91 65.53712649018802
92 -7.531142535130213
93 50.07515149822147
94 1.419089818997188
95 0.1674957143943283
96 41.75802330615814
97 -34.873950996314825
98 1.405642517504475
99 -23.493537348573522
100 -42.984706273890396
101 -19.94777977557256
102 -64.4683233827681
103 -20.74176059593074
104 -23.756940077110002
105 -24.025099117949413
106 -17.365400766576947
107 -18.814860438142375
108 -8.615977522225103
109 -22.56758670257894
110 -13.039466379589228
111 -46.5979534130807
112 18.05839291837287
113 3.0098951347664484
114 4.278149613474662
115 45.687563256963756
116 -19.034889367797962
117 36.88095625931682
118 -16.14075795941429
119 26.501122459068238
120 -22.08085212324665
121 16.357246039770203
122 -1.950328059552121
123 11.524336225356793
124 -4.897529457510193
125 11.334304662193214
126 -0.12334071089148922
127 0.0
