0 0.0
1 -4.415999672159062
2 13.377515331182625
3 -14.977850328950439
4 20.616645658705
5 -35.44825989080514
6 46.08647044212831
7 -40.184361441484825
8 38.297490214159
9 -7.801953069319577
10 -1.2603729176741385
11 -51.68740373391764
12 -6.37228830610137
13 -53.74006420119402
14 -114.00962891063617
15 -14.410156427621324
16 -99.52743426054676
17 -19.215496796611898
18 -49.032130673176276
19 -32.60301252279413
20 -17.86784778502622
21 -6.569677507534051
22 -72.63301119724578
23 9.777840862013704
24 -58.321684624226876
25 0.04442128311370819
26 -13.739187141148326
27 -5.082929020765047
28 -23.35906718184229
29 28.834872142299705
30 -2.4329122274833686
31 0.36024483309379957
32 7.685582417992874
33 24.493062057041477
34 -7.614022211352326
35 70.55978873897003
36 -3.796637616693314
37 7.1082328784254045
38 38.44626020907535
39 -25.329364268407414
40 18.02439724995775
41 34.24745648560063
42 -37.68652131854244
43 73.5779019484157
44 -3.7074391056157987
45 -46.669987866146286
46 73.21034498049175
47 -37.58732520180051
48 28.97681720712685
49 12.840267918769262
50 9.039158425925415
51 -1.571383087217507
52 51.07152588515608
53 -37.48651542357546
54 35.75216907084624
55 18.664883830850375
56 -27.89163528656582
57 57.163567131151495
58 9.763781434914328
59 30.790249908128565
60 23.84422929484241
61 -29.19643982870841
62 59.93547525364881
63 -48.34673592198471
64 13.787769341836404
65 -27.12929225933694
66 5.934228174864554
67 -66.94866536825606
68 -18.244821831158948
69 19.644396743369963
70 -126.53883144560355
71 62.93305589740091
72 -99.1985058691783
73 48.51436310623424
74 -1.2020981364559489
75 -33.0341994173265
76 43.79903383447291
77 -9.033324289943554
78 24.092843078103662
79 1.9667506053265744
80 -14.73863004696856
81 50.1147039299886
82 -27.253484596249585
83 20.426384662112092
84 -0.29535948311747406
85 -3.7404829355520524
86 10.792646459626836
87 -55.41142563829054
88 25.563453274344074
89 -110.2746375937207
90 31.81703206221943
91 -40.38978220615021
92 -19.735108610211977
93 27.69089124961493
94 -9.607680955006701
95 -18.933534619910553
96 6.166298486866784
97 -38.34278328099404
98 25.404724999752307
99 -25.032186790065346
100 52.106050242250376
101 -48.399510072839476
102 67.68978984761961
103 12.03544761529909
104 -39.52433911510754
105 71.05846552638386
106 -43.456621387593444
107 64.49719508438132
108 -28.96122694693414
109 39.792407354007786
110 -40.02683217742767
111 40.191853030955144
112 -59.07313642764806
113 25.23135808105952
114 -55.21887515154663
115 0.7648045294224302
116 -30.585106222108507
117 33.765788676753765
118 -40.741460480027875
119 32.00607975794197
120 -12.655843783840927
121 45.9978332852356
122 -11.562611398225593
123 24.37097522954966
124 -6.314410252332551
125 13.674096457294457
126 0.4950747797040386
127 0.0
