0 0.0
1 -2.714382732668905
2 6.300157145690979
3 -9.216813657045094
4 7.502493833798832
5 -30.561634387724467
6 9.79161097816992
7 -22.16861238204746
8 -46.71471850921529
9 30.706718384310612
10 -50.66962699406884
11 11.395517296376216
12 4.468294849128586
13 -61.80711028283896
14 61.31567216892027
15 -84.15689095378883
16 31.12515703733068
17 -13.435720455944221
18 -43.537759270261326
19 71.08633848113357
20 -115.46234026417034
21 91.26243689091514
22 -94.15746624938379
23 17.96787471454766
24 -10.163166112325724
25 -8.361412197855373
26 9.191074397215786
27 -25.44642082508105
28 27.969993964274483
29 -48.737332847562016
30 47.98606781308689
31 -71.32764263312015
32 64.67420763483946
33 -28.93752062760909
34 -25.342876649915667
35 29.176505262031267
36 -27.060419156175886
37 -20.822367921364588
38 6.039434571566109
39 21.15900533777091
40 -47.05522240209818
41 85.1590900820828
42 -33.21434073570796
43 55.81219778418838
44 -26.46572556875631
45 27.444428952689798
46 -20.619235159775915
47 -12.870424429654443
48 -3.179230687895315
49 -34.48566691859593
50 17.5148391322539
51 -35.422743807850516
52 -5.9934587913443025
53 2.788882942419636
54 25.438084187520683
55 12.70498037390725
56 -39.57564073018122
57 58.07300983479596
58 -25.357948850075577
59 -5.157963316149875
60 34.442569505240506
61 -35.540342099260094
62 59.44937432020616
63 -42.5837484731053
64 59.52636552355302
65 -56.40328230761997
66 20.368886338733272
67 -21.25932538765155
68 32.549102669413365
69 -42.41491799299151
70 -19.500529841369826
71 19.437329977994526
72 -55.25904302426324
73 16.515344114960826
74 -9.860889392778992
75 3.900736685420497
76 -32.32388218638413
77 -5.756730453814545
78 2.6384721211628386
79 -21.01726396026448
80 -18.94720996460592
81 15.246675663413445
82 -34.633553009359666
83 13.121798202967922
84 -75.02361301794596
85 37.59997214139885
86 8.503089205476346
87 -56.53624565427374
88 94.0988837861294
89 -36.97922345600321
90 22.194029761851837
91 3.319944126753082
92 -31.600842535459567
93 9.510631737008378
94 -19.71596208840613
95 -17.152365991132456
96 -17.965843580831873
97 36.94523486455806
98 -39.58044922363862
99 24.975812335366232
100 -36.80373328447379
101 -29.053866070097808
102 -38.747475826116464
103 -14.672981303835058
104 17.7728597446773
105 -16.665343029612487
106 -23.40373085606525
107 54.80400819751201
108 -38.07608561965478
109 47.776002498374396
110 -26.293205753264463
111 49.14914649083033
112 -2.0762185735033976
113 -8.36428175999628
114 57.34745470551982
115 -37.103589803522006
116 43.293738121320196
117 5.211578112954351
118 46.7408452961997
119 -22.290339159555995
120 19.123350638332344
121 21.37144710268529
122 5.864578884834935
123 15.805923013305295
124 2.1392362957197077
125 11.134916031278724
126 0.06429789263728636
127 0.0
