0 0.0
1 -5.27764862744472
2 13.961090257661933
3 -22.00188294716533
4 -6.460212599291752
5 -25.27310821421902
6 -5.441683221123323
7 -54.967670763715624
8 8.285312099833094
9 -58.91603547913928
10 11.400733323035396
11 -28.42048748361234
12 1.992901400221311
13 -19.671040324750933
14 15.698083631310832
15 41.40256443270063
16 -28.744527007186864
17 74.68439022639727
18 -73.2199239879479
19 80.4051033698224
20 -55.547946773608125
21 27.990936907987038
22 -62.52067581147798
23 16.025194089980808
24 -13.34095727791347
25 -32.55409799892302
26 15.09682612079895
27 -74.57402665492023
28 38.56031624360107
29 -62.26258815240695
30 -21.626396938301063
31 -0.5895589426258838
32 14.227208341332615
33 -14.771896988362743
34 -14.88342599642079
35 7.010474684931138
36 -8.139135039948306
37 48.85380812982826
38 -56.952415298354985
39 45.30512965182109
40 -9.609316704730057
41 -7.705172120486687
42 9.230142543323723
43 -28.77302741191248
44 27.530031530254515
45 -45.35448713748239
46 18.225665050358657
47 1.1174080310725267
48 -0.8574124569929669
49 -28.385930180536686
50 42.569132299683524
51 -14.392066976500615
52 3.570891367391302
53 29.742717012737963
54 26.79946749983852
55 4.22328495607446
56 27.286796204463094
57 2.3909508453594306
58 -47.60762180970698
59 52.739513074636754
60 -45.120001006237274
61 0.9100398582600397
62 -10.837543657064714
63 -5.857715172481636
64 24.501649359468008
65 -32.72595086608971
66 7.719159593028443
67 -21.652735486830355
68 -45.92304957209341
69 3.895409577845082
70 -68.24529578843463
71 -23.995071319327405
72 -29.55725537188922
73 34.351002035248605
74 -74.13268030023235
75 44.78440135511701
76 -29.835877468350922
77 10.365134403824806
78 17.030716852494304
79 13.52450895035185
80 48.31704354513315
81 -20.961460256180217
82 42.63032803028369
83 -63.07937255458638
84 -10.296346068471086
85 -38.00875534559071
86 -18.38092891474281
87 -4.6500340459641105
88 -0.44223176569391137
89 -51.49837461634161
90 55.39139003674234
91 -33.764729958990365
92 25.206871252513118
93 19.021055321564912
94 -5.5614396189809465
95 16.95504475943653
96 19.627332603338
97 22.02542689706539
98 28.462511536924545
99 -16.836931260189246
100 -18.352202095807506
101 -20.258621521371353
102 -14.32297137076187
103 11.468820354550259
104 -18.28313250702584
105 -10.220806672663459
106 3.689407566228426
107 -34.416942852506644
108 17.909255565794492
109 -23.9194505030818
110 20.661767861849565
111 13.080992939398403
112 -22.882252906386945
113 41.63344685267832
114 -40.40562068313914
115 5.529950156170068
116 16.654863326515954
117 45.635028517490795
118 -24.09731450908918
119 99.92111342789127
120 -72.30276122593858
121 112.18891583732962
122 -41.93593098134036
123 44.66953902853949
124 -6.014295188769801
125 9.374892558784431
126 1.5079616716490059
127 0.0
