0 0.0
1 -3.4270905251072223
2 12.597347941628371
3 -10.260346469099233
4 8.39037984079522
5 -10.693608651328269
6 -21.87062355765481
7 14.565741795152565
8 -40.11698824275166
9 38.07893867827057
10 -66.82321093188095
11 24.785794824739703
12 -108.90045075942079
13 5.622278411389841
14 -83.81932122645684
15 -69.4597575268333
16 -9.582369125555044
17 -12.132857422583808
18 -26.577516542602236
19 -12.268786188011545
20 22.427795693351946
21 -34.31803850671916
22 33.15009810016897
23 -25.531248528898487
24 41.03625923677303
25 -45.6899304580221
26 35.11817097948492
27 -5.526586802416165
28 -46.794578496811575
29 33.35441841063316
30 -27.371005909603987
31 11.821117543981234
32 -30.731983112953248
33 -12.832611016985329
34 3.6172502616611113
35 42.41089785751424
36 -3.8248894369196607
37 51.615998244643684
38 -49.11625576930142
39 34.04387164242428
40 -7.234900171611948
41 -20.54946618597368
42 42.73712945574718
43 -24.356450260265742
44 39.518610464706555
45 -8.009521973239805
46 -25.99813121789647
47 9.545292714857892
48 -9.039094561301532
49 -27.24071635246739
50 23.984713866460858
51 -33.602947395527835
52 0.9736037827158933
53 -37.03270864701939
54 -23.830309810070048
55 -30.18003760293354
56 3.1034661363941747
57 -22.017295517256976
58 33.554220779995674
59 -32.59377226242469
60 34.98730170120707
61 -0.13654853455174645
62 0.9582824792275011
63 10.541378261431355
64 -22.750681100817914
65 19.93136187057185
66 -12.548314379444383
67 9.836534606017294
68 -31.926935502791352
69 22.46973731757747
70 -26.813959659043384
71 25.568004654464087
72 -23.56869284060414
73 52.83741381688872
74 -43.72966611385602
75 48.11722848555876
76 -58.66262023178949
77 13.851792371080876
78 27.296441136841786
79 -30.640310961262497
80 48.4291603481378
81 -37.392030968579974
82 65.2678418134214
83 -38.92462642894169
84 21.839540311981086
85 11.712910645299699
86 4.582326739395655
87 9.358432537119022
88 23.23837635310355
89 1.1456948413049548
90 34.422259514835304
91 7.033112674115593
92 23.82801178815073
93 7.845768987389442
94 1.1085274464554802
95 -8.768463990746726
96 5.884652671610384
97 -37.07384802868313
98 26.869463534510597
99 11.89316571722214
100 -24.02172896416486
101 -15.387330151604806
102 -27.96249120956885
103 -24.90286221129235
104 -47.81172452889764
105 25.93078386516796
106 -38.49928178139864
107 48.26266540338219
108 -17.600926520181595
109 16.312229469026324
110 -24.411292072289672
111 31.54584147298258
112 -47.694201769444135
113 19.31488084879091
114 -51.147446582141235
115 54.6482059353984
116 -24.32313870211156
117 -39.38346356323225
118 57.19925896584825
119 -64.70570834060493
120 78.19233459006766
121 -19.6810196099381
122 14.613403558572307
123 30.01934439520673
124 -8.557173002824927
125 12.205859474320468
126 -0.11881665525341159
127 0.0
