0 0.0
1 -4.526448499473745
2 9.25978967968614
3 -19.05327212297129
4 20.592744193939673
5 -41.77995880167186
6 7.376554872882437
7 -19.03744453349131
8 -46.6169423482928
9 23.539579088757822
10 -23.75988740896634
11 -3.4874637492102196
12 -13.017743962963158
13 -14.954021782261979
14 6.984054732356994
15 -22.276344801180322
16 -21.470458582099234
17 -18.190869756270846
18 -38.005378656979886
19 2.4648260402782647
20 -34.45399664697337
21 -0.11647157521699353
22 9.220757489498288
23 -17.39148832865799
24 11.216986555185542
25 -16.516694709157314
26 -9.141177756464979
27 2.446014019007622
28 -2.541883983573963
29 44.64844622036767
30 -62.37621917262683
31 81.83641070354402
32 -25.664938688869263
33 18.407205246517336
34 17.78359141816408
35 -16.185719216075242
36 36.729623825497185
37 -42.44408264655479
38 0.3843235885877255
39 -6.057858348090154
40 -30.41218600827996
41 14.94044653783841
42 -24.54548303778474
43 -28.8762663296131
44 17.07321734567405
45 -32.819406643159404
46 56.78587177832394
47 -21.722071851463653
48 -21.01122241180809
49 17.590076732206366
50 -75.06661393743055
51 25.41602474570109
52 6.952412244222461
53 -48.1621949120951
54 17.25620928680367
55 -76.50392013078311
56 -0.8514224873535429
57 -34.31588467593683
58 -9.36211360954457
59 14.674382197560611
60 -32.15087892403022
61 69.85142833168386
62 -48.611390116207666
63 52.311711225599936
64 8.777656148297707
65 27.056287954716616
66 47.775134386742664
67 3.007401162984
68 39.77215827572131
69 -1.278846426074516
70 43.19019941795445
71 -5.00501362365871
72 14.314110648671228
73 26.660728300683875
74 -56.60283165606994
75 58.78927539131573
76 -66.27739809404487
77 4.273021193338461
78 -12.986205312906222
79 -6.40621697151315
80 -2.073204505489479
81 -30.56903948596637
82 53.31971435311147
83 -26.535947613707197
84 52.01895593005719
85 -27.66874276294262
86 36.991554717631075
87 38.27964240376785
88 22.840386605241907
89 55.20568376170931
90 -28.41651370408725
91 55.397318807553745
92 6.109448688280259
93 -11.251768130642093
94 49.92805345735961
95 -38.59306553072461
96 17.649108793037204
97 -19.33952585249434
98 0.9063547147738108
99 -46.72246040181794
100 36.43166652084602
101 -46.879541885865784
102 -49.48541286472833
103 7.613921395326924
104 -50.76204164470923
105 24.82815833778125
106 -3.563165950444905
107 -11.484227310117372
108 9.239452188627252
109 -3.02965770659688
110 -18.5874767156559
111 25.72149019753258
112 -69.4081906169798
113 63.531780800770505
114 -65.42981334195294
115 38.13960840437792
116 -53.87815086990412
117 21.958516904391296
118 -29.584778174034717
119 5.586904877853759
120 7.05078503401062
121 5.846544791859282
122 16.843457079099007
123 19.300189769126337
124 1.1709484055817299
125 9.476353753993937
126 0.42231972181938743
127 0.0
