0 0.0
1 -3.4223582457043578
2 8.920714678358832
3 -10.748824370360493
4 -8.537671265881123
5 17.535145793649622
6 -48.860180515622304
7 6.689607654129709
8 -16.05682503042799
9 -21.854086351726824
10 13.51486847679665
11 -59.758579296765774
12 72.91758161284032
13 -102.22958645445436
14 69.6403073525071
15 -40.76267758979959
16 30.112372893604253
17 36.20126077936776
18 20.188240673076116
19 22.98898116832299
20 42.73767425290431
21 35.64900399984784
22 13.244127212727372
23 45.5200881077779
24 -15.427642376300552
25 51.59141554239931
26 -22.702887087013515
27 21.589490783422256
28 -6.91093255336872
29 21.665919922893
30 -9.42979826185893
31 10.753084809729595
32 -52.445761370807524
33 -18.485715250115064
34 -52.04476103156042
35 -31.684054335095123
36 20.4752581110638
37 -56.484166705586794
38 42.45874307171578
39 -41.08707339034907
40 9.696273490042572
41 -8.105782183719345
42 -11.397783881945827
43 23.68104424867339
44 -11.36630563477845
45 1.3421221983689624
46 22.00035985322529
47 70.2976645667637
48 -22.907150197196497
49 20.683647471356046
50 25.50518231298296
51 -22.48793202518038
52 2.378163147836738
53 -21.197884940208578
54 -16.33560865089486
55 -23.700266392710844
56 -51.15858222022784
57 11.26205752793534
58 -59.83318740662936
59 -7.202647192399011
60 -33.59921845059133
61 6.518195057770053
62 -50.37214291693576
63 12.618710023403878
64 15.662318716370331
65 5.790247929226401
66 63.79274652083463
67 -25.734570430481153
68 69.13744749607173
69 -8.896957412316269
70 34.62166017850633
71 -11.223542711001015
72 -23.485028114318645
73 -39.35054161206882
74 -31.565187772112242
75 -66.4200079489928
76 -50.4360400497938
77 -46.57577171869732
78 21.306338081751747
79 -53.70835078775123
80 27.434906543083404
81 9.433517984925768
82 -48.72814821232505
83 85.61733469020241
84 -33.59481265654794
85 34.2324159134432
86 24.88533188118681
87 21.740026161928956
88 25.984147255168526
89 9.760069396317572
90 17.422982198243016
91 68.00652932655989
92 -11.729351032493772
93 3.7808822474403416
94 1.0424214965963778
95 -2.270648131031495
96 6.832019663684337
97 28.680793308981865
98 14.419289258795047
99 29.91626496368203
100 27.27431911579293
101 -26.725925885361356
102 47.81024642112202
103 -32.01571991470574
104 35.51194114446051
105 -38.373542181333896
106 -14.287895434379026
107 -9.501679809882642
108 -51.797205379115944
109 5.4726538567540866
110 -51.89939237723401
111 36.675431174646995
112 -16.913464364456253
113 -18.038845330872597
114 -9.73590734613534
115 -64.06732233888897
116 -22.863858631867465
117 -36.981568947755456
118 -36.8919920193438
119 -13.325502355036914
120 1.0709487694405904
121 3.437030653649278
122 -10.011298266745065
123 28.263119311482285
124 -12.79834964224904
125 15.445894816677349
126 -1.3962029570715606
127 0.0
