0 0.0
1 -3.158765381482202
2 11.494596773710896
3 -22.129331215324108
4 18.946981132621307
5 -41.659954795386
6 37.37867865745207
7 -30.757199929872026
8 -3.4617981623313123
9 -47.62721228660775
10 3.5159851668821362
11 -54.17010744532633
12 -43.26790410194614
13 4.476463920637457
14 -114.13571465963254
15 35.460743805991044
16 -82.4704097294665
17 29.519277918927344
18 -80.06577983788999
19 3.5447034346111654
20 -22.38353641278412
21 -48.195674124205304
22 -37.955181520330086
23 16.104818461913663
24 -63.001303098018134
25 28.695079441081013
26 -16.859941207287097
27 -48.324414953811974
28 27.773793294957592
29 -67.61695488836267
30 54.00732275685076
31 -38.366356242366386
32 49.61861495749343
33 8.328631581171829
34 4.715065505329657
35 34.51523172480267
36 25.47089009404257
37 -2.2110769967404096
38 3.7652658588740815
39 -29.70373160033188
40 3.2925526872414723
41 -61.32355143115959
42 39.635056060742755
43 -13.495119745480077
44 26.271752971073152
45 10.313322216742908
46 -18.155111857947524
47 24.3034351136167
48 -30.38616538349431
49 64.41599653585396
50 -24.18745328849199
51 53.332204820098816
52 14.865318181463213
53 37.6655392597721
54 39.31689786842622
55 30.330200305553973
56 12.00429883275627
57 30.44565740965926
58 14.420713759574884
59 27.014944749682254
60 1.8839183992271982
61 -9.551079787208216
62 5.654161307209646
63 -22.875011704541503
64 -1.8353695045122247
65 -1.912871150580526
66 -9.521756801409682
67 -42.30724136279266
68 6.051316297840879
69 -36.6638823137433
70 -71.37061485935939
71 75.91415303713141
72 -88.77333402372408
73 1.2223600685279696
74 -26.250410879123844
75 -31.567537898374056
76 9.628268662688173
77 -16.90214419343831
78 21.6713314154984
79 -39.278062598876396
80 17.783634162488994
81 -15.264576094841521
82 9.208609714485128
83 16.191041654922163
84 9.96696015930741
85 -0.932397545682758
86 -2.737592747338629
87 27.04242819265435
88 -16.213787408488038
89 -16.719287560905734
90 26.304037218117326
91 -24.717631282950055
92 52.52142130693711
93 -42.549327768982735
94 21.36901573026731
95 -11.478619590773716
96 30.73023624129531
97 -72.15083703797231
98 18.81431187127281
99 -27.05731090206309
100 -18.818267668566826
101 34.669519058604436
102 -36.01974428433155
103 32.6476576270617
104 -36.55612754251142
105 62.12519784226261
106 -47.14031173150173
107 69.31460598498826
108 -55.97891374808722
109 10.798739933536286
110 -5.098552755866635
111 -28.74523034526224
112 20.12519156315354
113 -36.30061216182187
114 9.38084451646359
115 -13.901535983675485
116 7.4496089521606415
117 13.976572523879023
118 -5.02479348153207
119 45.023679402467764
120 -5.375183104386309
121 13.516672943158609
122 12.077147778762114
123 35.08756938565278
124 -10.889441576611944
125 17.04269751699505
126 -0.7342243732869422
127 0.0
