0 0.0
1 -4.347169406458943
2 12.6991635512609
3 -14.673588533452982
4 -5.018798213237392
5 -35.84600908205085
6 8.675256190026916
7 -55.097640001158176
8 6.361989524857876
9 -45.484357253826474
10 16.24420298298163
11 -42.729038071832576
12 -28.0706622837522
13 -2.7524227871872315
14 -92.73197406095005
15 68.4810364020204
16 -87.69891693143822
17 70.17370781385374
18 -70.70373964328202
19 12.834906095505604
20 16.731879590045878
21 -65.9246371784947
22 55.57087031029447
23 -66.08090380075852
24 15.823155977600578
25 28.13782716506407
26 6.250738579515491
27 -0.6818789301408598
28 -20.92544569669919
29 39.0388772734453
30 -41.51329865859132
31 23.339439902788936
32 -18.64861436490704
33 7.395703024909445
34 -20.399061062598886
35 44.56752735040184
36 -2.731668480818149
37 23.376953021697826
38 11.744153112420042
39 19.28956529539286
40 16.956003954678778
41 -18.137004701788737
42 49.47432706913002
43 -14.434639701949774
44 67.51254565590952
45 8.116608758433236
46 -8.625511139200238
47 22.389132753178078
48 -36.96393992833651
49 -8.6323845649166
50 -28.95620839059079
51 -19.480795839869604
52 -26.885835053309766
53 -7.091526683466276
54 36.21807293422261
55 -61.99544588141432
56 47.17633480640259
57 -42.494739851128635
58 28.803072161208064
59 -24.675746688511637
60 -28.858731590167448
61 26.88751326234328
62 -52.77326604369271
63 20.299293397704663
64 -1.4620096233013025
65 -16.54374457009258
66 20.82235303059238
67 -46.67975603470878
68 -28.288050940543275
69 65.2196839001177
70 -53.66213359423416
71 22.337125170113968
72 12.628029062074468
73 -28.222664477965612
74 -22.357003907649624
75 34.431800838983065
76 -0.6337847341763826
77 -8.06951694965714
78 21.23324172531249
79 -1.407020273563108
80 6.593920476095233
81 1.8605538174232974
82 -9.490256745277321
83 71.47537008875003
84 -6.033928946018841
85 -21.849849877053153
86 17.944551015657982
87 -44.77432585093154
88 50.391032283508416
89 -39.87293245408061
90 -0.12240584720507922
91 10.05185883887396
92 -30.368839414624897
93 -0.2961987550479692
94 -31.51968399317412
95 -12.222143203037264
96 6.1444490038109985
97 -70.74693985713023
98 -16.32716251147494
99 -52.51678962446014
100 -75.97168319781433
101 -24.07439077094791
102 -69.347049036143
103 -8.424958638906329
104 -49.89601824921815
105 -11.243371869064593
106 -4.441270386228883
107 -46.30705141417972
108 43.21886803021695
109 -4.870404848425579
110 -18.94462951814105
111 81.34233790255992
112 -40.19695093386432
113 70.51797114994113
114 -15.15966923106058
115 13.437601578142896
116 -31.89605108812265
117 81.75605252273304
118 -21.157511397865406
119 35.60975385750961
120 5.253536733857664
121 40.78937030404181
122 13.854219704678304
123 30.478556083339257
124 6.36765273149388
125 11.739893694230425
126 1.0941389435309303
127 0.0
