0 0.0
1 -3.856042848444688
2 12.33936141016155
3 -13.697156443749153
4 1.1873423206767046
5 -18.08372474107848
6 -14.706459321169618
7 -5.365307286994215
8 -17.288368863952886
9 -39.130029613542675
10 15.039306514200279
11 -44.116614297779265
12 -6.641801452407831
13 -9.593737125735489
14 -8.427963652938795
15 22.025979187028106
16 -41.32543358744367
17 70.47508187979048
18 -28.660518081148094
19 -13.564102993401058
20 80.0359018228481
21 -32.16143750587108
22 17.228341314320218
23 8.371873251022702
24 -54.56847771372568
25 55.25397793407983
26 -94.96731081922125
27 50.86930630367145
28 -66.26449902274506
29 35.41106609620289
30 -23.035055245421717
31 -17.98764756326333
32 31.368275389933597
33 -42.1128433685607
34 56.77765965696706
35 -25.22039945385825
36 34.80305649868781
37 -49.113485745300025
38 53.549216472044726
39 -34.64251638148881
40 41.15614542662434
41 11.622553456237798
42 -38.17538207366325
43 37.40453346821955
44 -13.226529423576283
45 0.06752416932752207
46 25.309334513314482
47 -62.64789558278702
48 45.253154056940055
49 -31.972452610565384
50 -9.674598319739315
51 25.594231288911047
52 -43.65945684157197
53 -6.388684593010634
54 -40.48667468215841
55 2.8029669189677033
56 -27.128984348300634
57 8.707296226717775
58 -24.1631735077983
59 67.0249507271901
60 -67.58426138083938
61 13.031959879263052
62 14.482336008483244
63 31.547154141505352
64 41.554829527942154
65 36.36716912610329
66 36.55081162806397
67 25.544170836981277
68 4.803530126457465
69 31.531314979137463
70 -4.973651056011657
71 -0.5044205884169748
72 71.72479249638606
73 -29.417476165829818
74 7.8647508222929545
75 9.0703921055307
76 -5.4656071713934615
77 19.70526321146505
78 -13.15825841801032
79 6.861570755252205
80 29.546592116228485
81 -75.61781206149888
82 11.750046942930846
83 -13.76025168602938
84 -54.082682092117366
85 43.190644306766515
86 -54.62266715212258
87 20.93297002026395
88 3.738222114493569
89 4.698564889631559
90 32.90790251953733
91 -25.08625223988623
92 15.469749451210397
93 -51.096105967254154
94 9.67328848807483
95 -73.54785330651741
96 41.981868504244495
97 -55.331459114402854
98 -49.00861492515891
99 12.856923769697188
100 -81.77537400743722
101 -14.683834934999304
102 -19.265607685781593
103 -12.135057088204118
104 -8.645492552879768
105 -63.612493059846585
106 68.45192433778672
107 -40.75497064120099
108 36.35823185251064
109 20.63788563502867
110 -7.908192564222269
111 55.41701583593471
112 -45.55039266410356
113 49.95254966687615
114 -54.829312181158095
115 88.60946283396116
116 -88.33982053003281
117 81.18738072178463
118 -54.299856264612195
119 39.84949109228785
120 12.336673062520234
121 -27.73241080276135
122 0.18440784432768212
123 6.154172929259085
124 -3.260919103866821
125 9.157373252399937
126 -0.6104470174717318
127 0.0
