0 0.0
1 -5.207614321777357
2 15.733366647488142
3 -16.788481437024252
4 18.817349185586142
5 3.4390833877877003
6 0.20332774026081646
7 10.936873319068818
8 -37.162649187793676
9 18.5363310973129
10 -48.327606825619704
11 8.668887382364442
12 -70.52490603422495
13 6.45781502746274
14 -55.15622061436977
15 1.9189819038111786
16 -67.44915286983006
17 -22.49320204386584
18 1.9657917870929114
19 -40.39150020702171
20 33.06175207165405
21 -26.844204718002135
22 24.739062511970538
23 10.593891809681358
24 -10.866348251140396
25 5.135174009793363
26 -20.861165454744995
27 -11.096274003093662
28 7.244736430060276
29 -83.82536534398287
30 -18.1898238070788
31 20.359068856732843
32 -82.62191466302777
33 40.36439031299172
34 18.02038803742669
35 2.497792073823317
36 72.16428889946792
37 -17.284670014474017
38 43.046766975805745
39 -10.10517841877206
40 -29.73247613259774
41 42.612868787891266
42 3.644985337146374
43 -28.78868679618561
44 50.38634409177203
45 -40.29096741255096
46 -21.090047696104314
47 63.054411854444815
48 -11.672133433848655
49 3.8124632086786154
50 26.532933984733102
51 -8.561524455184491
52 17.36465045855789
53 12.725768828003456
54 -62.33480439016307
55 25.032478449624602
56 -49.17715983191146
57 -31.088308381211313
58 -16.49775196832411
59 -8.685704493181518
60 -30.811883353707767
61 -0.31662313828980726
62 5.269292805838521
63 -46.025020937413615
64 38.72537892873386
65 -31.925833149218555
66 -3.312857092423971
67 -3.4609637182755617
68 -21.96284409690941
69 39.3756605043051
70 -70.98914631512056
71 80.19734036975957
72 -35.87109619942533
73 27.392817229659318
74 32.920380250240875
75 -31.911167046573265
76 19.735127137210398
77 -8.97438919164767
78 -21.43579310732951
79 12.079918557268757
80 11.605172023936014
81 2.306538746037303
82 56.99830995852115
83 -23.05295131558751
84 53.76021664828231
85 -11.115126031400145
86 24.60763108366188
87 7.600505064882216
88 14.06331330542224
89 -22.586918679433676
90 -26.198557676380318
91 20.798109829270462
92 -15.242345336263623
93 0.9803056271295375
94 8.01645613225434
95 -54.77518920213897
96 50.29293825967842
97 -72.44497225379588
98 73.67925595005792
99 -33.5132904720919
100 51.52682793072293
101 -35.70475658158406
102 28.094003911257026
103 12.08329898870012
104 -53.136199585434454
105 67.86514662822898
106 -91.90025613353663
107 112.57799960945434
108 -84.41340569672165
109 53.149801583060444
110 -30.88331822483583
111 7.65057807563948
112 -46.077019582679256
113 -2.600691481553148
114 -69.5986575537139
115 12.037517402735672
116 -57.97229979596142
117 24.751562064481412
118 -59.505042556345714
119 53.54341934027695
120 -23.918944241723334
121 31.077765104442985
122 -7.1186298721175865
123 12.320012854423384
124 -2.4251110671825513
125 6.468449904752184
126 1.3706503400470382
127 0.0
