0 0.0
1 -4.747653048004743
2 8.933082094737244
3 -25.169515702757646
4 6.17250543760758
5 -34.60373001067811
6 -26.117240655982865
7 -8.572967139764932
8 -34.87896031538421
9 46.631949905865405
10 -4.76905808544157
11 -1.3070290768304935
12 46.06085098666326
13 -49.76527672719649
14 6.342368675855682
15 -18.416373685755907
16 16.854542961136655
17 -10.38947235699399
18 -1.791832118685821
19 42.83591846808196
20 -25.742289317045003
21 2.8144155459796987
22 17.561579999219997
23 -1.1576608883099802
24 -60.138341620325036
25 58.54548319074968
26 -24.647749089718015
27 0.6797118915965036
28 -28.216873206500644
29 -7.445578529646602
30 -39.75519215442574
31 -12.565747210367054
32 -26.380488897322607
33 -11.624256545799803
34 27.336659119734758
35 -16.965320414946945
36 14.739132465241441
37 -40.81691759867271
38 8.916374481526079
39 -29.935178604149876
40 17.33688154319913
41 -10.656236960469236
42 -7.11552137481176
43 22.92758158019135
44 41.23733867317023
45 21.08167142798792
46 -10.43224732647219
47 73.7146676332531
48 -62.14223294058161
49 26.64324796309571
50 -23.939133450692776
51 -41.080039803409555
52 -0.8640687337034021
53 -2.3381889918082464
54 19.5252263157798
55 -4.816453292402866
56 34.59972517309621
57 -15.596666611036614
58 -19.162046327571275
59 -15.561460976015182
60 -7.643707268666025
61 -2.352510932821336
62 -8.214217515306753
63 -30.297255655752927
64 4.664077996613046
65 -23.178253305873465
66 3.5502424638020744
67 -17.3441461723615
68 -5.642348998684067
69 4.3496993633056
70 37.17681399656816
71 -42.431133495469155
72 48.925496029029226
73 -22.307056058877222
74 7.489505009496217
75 21.807998286274955
76 -5.827716398087111
77 -16.038887003959587
78 23.53468706967828
79 19.206800605594907
80 -24.94312406576611
81 13.090840087733651
82 -31.9254097607021
83 13.312669797181233
84 -20.832138949244367
85 -3.5351726635159832
86 -19.59456896351396
87 17.08727347919959
88 -47.05689365477595
89 24.355755100116816
90 -24.001167464021023
91 -20.148251168894223
92 57.12351254217867
93 -37.86181338412604
94 60.38564827348708
95 -23.319991557069166
96 55.749867681949944
97 -7.183840279793356
98 14.599384725719224
99 21.96067178839438
100 -0.5657966535346971
101 6.29689953279615
102 6.505937336617594
103 26.26125117079605
104 5.5326819095264845
105 15.894354288621413
106 31.274787708258806
107 -0.06057130912147155
108 -19.691732406140275
109 22.02254487233992
110 -52.40658789115719
111 16.232544427738905
112 -41.95885083646805
113 6.459512395965814
114 -31.01657869536565
115 -35.93841049854269
116 20.240526081516233
117 -20.96408135482152
118 -27.397896984535944
119 85.73439761428855
120 -55.97713677538242
121 60.40056126187369
122 -19.341754383521646
123 42.828679530113305
124 -12.229744926881711
125 11.032109334165103
126 0.2163623129360014
127 0.0
