0 0.0
1 -4.78739886532876
2 12.666506734457867
3 -15.894929729306341
4 2.1222491768704974
5 7.198446239825688
6 4.666450558557032
7 4.039017350740361
8 31.520388643479635
9 -42.090155605411574
10 52.38696123146883
11 -11.717806824695405
12 -20.27788438854313
13 89.87891761581523
14 -44.50647816012964
15 50.12622153881774
16 7.66098013350269
17 29.000427888651224
18 -31.225703686492338
19 34.95413958545944
20 -11.98375771731094
21 9.501744955369631
22 -2.617524130746862
23 -34.199280175254195
24 -7.674892139807852
25 -57.138047792386
26 -41.67788933400681
27 -58.420320863461725
28 -70.90645963028591
29 4.022139706236219
30 -31.201123931056006
31 -30.124003240252357
32 3.9234652249796267
33 -77.37328151907809
34 22.880907439530553
35 -59.68494842207061
36 36.18007355204756
37 -47.46898066501837
38 26.839506525470426
39 38.16262198078361
40 -30.75099995932371
41 94.87779400180146
42 -54.47888109244035
43 63.90371900162407
44 -19.643094159803802
45 -7.403873101534903
46 21.248055008955184
47 -4.851109774392147
48 2.750871880464122
49 -13.473729783186611
50 -37.08711218646953
51 10.58186393474585
52 -32.76967561968827
53 -7.721317740807283
54 -19.70673310381973
55 34.317103144976834
56 -57.314580896608426
57 68.22924334708779
58 -15.323842378437524
59 -2.110410308710653
60 27.851494724670975
61 19.13051546725486
62 14.013557016810358
63 34.510060093674475
64 96.74340558670153
65 -29.961498756821687
66 78.5232845265766
67 0.07118167424197443
68 57.65026801998537
69 -24.0917992405507
70 17.8578559377784
71 -21.687719953689093
72 28.533116330003637
73 -15.065210017650339
74 7.44458033747878
75 -15.634265165224884
76 -28.23057028664864
77 -30.97156378081881
78 -55.67082795748818
79 -29.081155247222966
80 -23.684970224427367
81 -13.395444890283748
82 35.511821168367206
83 -49.648317721986594
84 11.54386685702484
85 30.38729149106092
86 -41.24402115503517
87 46.40319964013284
88 -67.70424744375609
89 29.411187397344083
90 -34.288857433466475
91 10.31765873575137
92 -20.077337794352648
93 -2.7797554341415918
94 -0.5512494325448443
95 28.014509931860182
96 -30.215128694650147
97 45.16350374745783
98 -30.308015717989765
99 -11.852278063665565
100 26.256995656187346
101 -3.810615872819348
102 19.764007151630956
103 -31.541688197755164
104 30.752882977269866
105 -20.408311351608887
106 2.1629826496812474
107 3.393284670662612
108 -0.5124190839936247
109 -29.022434771588777
110 23.51978507698704
111 -43.62134576984684
112 2.355772357209092
113 -43.256056859633134
114 7.719303054432261
115 -11.13502169800951
116 19.653002647603465
117 -36.3372023799711
118 23.485455982209412
119 11.46154193355099
120 -43.11303233735401
121 45.13902014060282
122 -43.46795608910247
123 36.31717084252003
124 -16.224877333343894
125 12.35127480505208
126 -0.7751613841691365
127 0.0
