0 0.0
1 -4.837626963354195
2 17.956335407989073
3 -8.43556624692141
4 20.281104036835853
5 1.288275600446313
6 12.512187961049458
7 -2.322447035291654
8 -23.654293601226033
9 -17.57589903160721
10 12.497955838117315
11 -34.2999662766206
12 -1.4866404615300393
13 37.07927469393606
14 -34.488693218993205
15 31.795973889096423
16 -27.940722022837935
17 45.01200317387341
18 -49.149402938784036
19 -15.628788932650972
20 23.509310537143683
21 -50.4208918373842
22 -7.970169321658007
23 28.537900052403504
24 -82.6979523383016
25 58.31707447387243
26 -19.538959781741156
27 -3.0997935888893826
28 12.761975323807972
29 -32.33584222388017
30 8.677598508579504
31 -28.059371796885443
32 -45.18474519186892
33 10.108750916393616
34 -48.21909282793375
35 -0.6941078657918203
36 11.883293461215407
37 -6.93264791555652
38 -11.915551363011982
39 -7.522023378139687
40 -1.306305511196833
41 -16.42245999384438
42 7.2389600526034625
43 -11.975096507565182
44 16.928089110793394
45 -21.917088666249914
46 48.022508740187874
47 -28.11775339916321
48 11.89691200682127
49 -38.87138629843694
50 51.95456329764907
51 -1.6114259511023323
52 48.014813485073674
53 -10.36572231106181
54 29.54821318327447
55 -29.74179160195915
56 7.020458103000013
57 10.02597470894788
58 -44.87070336848567
59 31.87923220282051
60 -56.03745260332734
61 37.7101704972961
62 9.778616425643431
63 18.374826935569263
64 10.891526823725808
65 38.88216186330062
66 -11.287791661300052
67 67.54500411455297
68 -19.046299046982607
69 47.63034233255267
70 8.34784627211417
71 50.24885136224836
72 -34.744557181057644
73 41.899616928527394
74 -43.582330614714024
75 4.229477479916479
76 -41.66766663988719
77 4.749286056374779
78 -25.39306308937459
79 -34.971544526501695
80 -2.6595554839618387
81 -33.916416775577545
82 68.12045648231717
83 -68.55852946775028
84 97.07056922088756
85 -32.29595695069955
86 19.737211661672042
87 -6.2672955751979815
88 12.554597267157703
89 -13.107992229380715
90 -12.981288027724336
91 -26.652544711038118
92 -29.444915828481523
93 -5.6477673692791655
94 -27.187204857570613
95 -25.637170827722596
96 -2.365680742068578
97 -42.943560756981746
98 -1.3841574316638867
99 -27.5837895248607
100 7.448400255056716
101 -5.987643220489992
102 -55.09335599347386
103 22.57850652588662
104 -47.178806332888506
105 37.948854451649986
106 -71.24842339221668
107 13.759936856317005
108 -57.99924197137792
109 19.072528879313328
110 -8.90383633965471
111 0.11067814389113602
112 12.656740950379124
113 -50.76493433774713
114 45.78280529490716
115 -81.24017979638585
116 -4.778912758376426
117 -20.30487819573633
118 -47.92200451355827
119 85.63523802417534
120 -67.09541523292097
121 58.61025339294989
122 -35.4552296628485
123 29.972560213365966
124 -1.7939966339601299
125 8.001609499043319
126 1.1401763621322742
127 0.0
