0 0.0
1 -2.6324075153048883
2 1.5519464123158493
3 -16.522590859267723
4 7.118763974334873
5 -61.968937282781404
6 29.410523168833368
7 -106.1566875322538
8 22.71179518108373
9 -66.60001381456259
10 -26.962739029952406
11 -23.537492006204932
12 -42.71180316787608
13 12.329386826436789
14 -42.741720933737355
15 42.745717113675354
16 -29.531847070408094
17 8.489704018986533
18 -27.938406275756417
19 31.675721457517295
20 -19.79158662377597
21 16.633919930291885
22 -6.814166931160023
23 1.4040590095151144
24 26.446726792339568
25 -4.7715448363839625
26 29.116512204003634
27 -5.39664859119261
28 1.8389258909577153
29 16.299536880629226
30 6.356072335188966
31 28.76337400203999
32 -30.749705468623347
33 13.81829305462347
34 -34.543701832853294
35 9.01244477201419
36 2.100349413825875
37 31.920616994288764
38 -36.68634341467514
39 45.2747557113867
40 -1.5464003387959648
41 -26.448169100649764
42 8.171984246378733
43 -30.21327478938203
44 29.468595317176487
45 -14.251398006651222
46 9.60821582813157
47 3.52751032671745
48 35.96946135011203
49 -17.427265239077336
50 33.760834623804534
51 5.352317615816812
52 28.144168008045067
53 -0.6196911569334592
54 53.51300355105856
55 -18.210716409960543
56 51.215316779636936
57 -5.187189154781712
58 -36.48906233981034
59 41.18278881670794
60 -41.36476574386239
61 -27.31031054153534
62 1.6397204487198023
63 -30.141479588872194
64 -33.41117625559649
65 -43.75898355191011
66 -11.909036402385906
67 -30.653179040390853
68 18.20857782282255
69 5.549876492227293
70 -10.987880120050987
71 40.06811230016403
72 -23.070600515158638
73 87.68177479495148
74 7.991048762962054
75 22.547629043129803
76 51.94051687388967
77 -39.42658928779924
78 62.608001631524516
79 -37.780116066309176
80 35.711930496766385
81 -45.542836585671566
82 -45.806430690679235
83 -10.230839337397494
84 -49.82562683536585
85 -5.971435598372329
86 -37.20170858084676
87 17.197115375552944
88 33.81696716680983
89 -41.71937507801194
90 68.34798552877355
91 -30.37210078894803
92 12.497370434982031
93 5.424516461529085
94 -62.93361349068412
95 29.193561058181817
96 -63.71932765998247
97 74.52391969142165
98 -76.71890057868721
99 -1.4982716247557994
100 11.636549489658053
101 -31.303290832630342
102 23.005191647035243
103 -1.868940167523334
104 0.42898447478864754
105 21.367891390813863
106 -10.201276135525225
107 36.73094195749671
108 50.00417279402412
109 -5.015152116300094
110 38.507836550378336
111 -16.206448326623647
112 38.19572748794947
113 -19.70103012879492
114 6.225891648607495
115 9.084463530166365
116 -41.51389194517904
117 53.85467162753194
118 -79.73073925528229
119 82.66758478645494
120 -68.30982785624052
121 55.10237244477394
122 -34.22078624275859
123 23.913379989571702
124 -3.7517338621232956
125 5.723175471040044
126 1.001969679980577
127 0.0
