0 0.0
1 -6.228942197039534
2 16.922397684192724
3 -26.76840167396294
4 17.927746546250667
5 -10.77196713317231
6 -16.18185079235497
7 0.249600352006133
8 -2.01540266976088
9 -34.61718630678546
10 -30.814725154865478
11 -2.1105140299176415
12 -81.27567627949718
13 45.285361966269114
14 -63.91294746074222
15 -0.5224159102515631
16 -26.605060884662507
17 11.29191555531738
18 -59.56739672539035
19 66.6066157361972
20 -77.70925089643681
21 18.449717408406507
22 11.004764022393042
23 -44.15878057916945
24 54.22191113008663
25 -60.3350234487264
26 3.940508984833907
27 38.19780942934051
28 -36.77198044740456
29 8.775342689629335
30 -8.99843749857793
31 5.947876337523553
32 -15.563016533036453
33 -3.0085320694468605
34 7.688695813386008
35 -20.19575545482116
36 31.057265314164653
37 3.2051064620131675
38 47.84782858390067
39 -11.608439873274595
40 18.949089043243394
41 -9.329049383401035
42 2.8925980658703496
43 18.831981490239993
44 -53.55762504953055
45 -28.80894966326529
46 -51.84142923789848
47 -50.64754453681581
48 -53.92452775908002
49 -26.780995833604422
50 -27.72586720975734
51 1.6597537574726968
52 7.246325437003127
53 33.3645525439896
54 23.35562479734989
55 9.717339805293511
56 -37.57206765532215
57 -14.492256375126782
58 -36.69338334094274
59 -31.82795945720995
60 23.667578302151856
61 -5.930427367194616
62 21.858699929335476
63 -7.908605918621072
64 15.04347515828666
65 -3.5459385979400913
66 -5.03888999076083
67 -61.16026651869259
68 -6.911003212607537
69 -11.13906636178593
70 -7.786527665132638
71 -7.650153646472178
72 12.637644695088
73 13.137504039206396
74 -6.638647135335836
75 81.4207443411649
76 19.047674070085588
77 47.0938400298936
78 73.8550018324583
79 26.941806344597772
80 65.39569690317394
81 26.478173975658656
82 28.128523740702338
83 74.8759458426847
84 -53.59604851838626
85 34.11081807378927
86 -63.02240799013256
87 25.07602481596475
88 -5.1701109990130405
89 -63.6373689491738
90 51.01642057876709
91 -52.26478044826532
92 -15.286159262645196
93 -5.264564897074235
94 -35.89374517998277
95 -15.470757463538172
96 -0.9459020109804124
97 -31.950183777815475
98 31.092528376585676
99 -44.88421872357456
100 23.760045726533008
101 -15.604332882170809
102 11.674368734411734
103 -55.84503588285572
104 -12.753001515376884
105 -51.160794194865204
106 -10.948023348776164
107 -12.326656735234753
108 22.072461849926643
109 0.8210978937190198
110 3.1574659756293366
111 51.94009182097053
112 6.459651833201749
113 46.225767467923276
114 2.8035340310897916
115 82.936735308489
116 -33.602219197917
117 58.12887419734763
118 -22.11240858933088
119 44.56909892666548
120 -51.83800557641789
121 53.682848605796394
122 -15.376483727862214
123 26.96580902216901
124 -9.79789662656755
125 10.643784179037874
126 -0.2872943344679755
127 0.0
