0 0.0
1 -4.220241846826536
2 12.201127353414975
3 -14.61333378845807
4 15.497658564038126
5 -11.606991364419132
6 18.371000870421398
7 -11.870492120191958
8 -65.22273225601663
9 -11.077095276017678
10 -24.182325088315018
11 -60.626902702218985
12 -6.216457835639782
13 -45.4710138263617
14 -41.139944037117495
15 6.318619855188942
16 -18.262207117617244
17 -33.2048928312573
18 -23.31938343657633
19 -26.893197234359175
20 -41.34766687129979
21 3.9442955463865754
22 1.0189091077797738
23 -30.901583805277763
24 57.82391348786328
25 -64.53817302090646
26 -1.131025092539162
27 -1.20754547932307
28 -6.26230841092779
29 2.466871233753954
30 -11.851112992482456
31 -8.703733967516271
32 -17.7315695675736
33 14.367032882656922
34 -29.15605182769103
35 -15.032814642882663
36 -6.433792160244562
37 -4.123075097733914
38 -1.9682612000679887
39 25.54333176132807
40 -59.71588802443504
41 79.73043653179103
42 -87.61878450711448
43 39.8043410271288
44 -6.616495526501986
45 -50.045133021119426
46 11.234882556796702
47 -56.00942051309365
48 18.88097329941834
49 -33.36059521257283
50 2.1862285397918377
51 -15.316605117690635
52 -5.339602106885761
53 -4.380052969486014
54 48.73800916859177
55 6.8133368496851405
56 49.33658113152937
57 -6.261391120132319
58 58.08534316246709
59 -3.045040971466642
60 -37.631581170782425
61 55.588863066296426
62 -35.95591842393607
63 12.820596955762198
64 16.853503958509172
65 -7.436760839264436
66 44.64045854970873
67 14.825312785165984
68 9.651628753474165
69 62.009516715712714
70 20.579236306931833
71 8.671362910553166
72 45.07035130735989
73 20.822053944291177
74 -8.142759507992238
75 36.03855223891246
76 -6.690479641300022
77 30.47599082724206
78 -20.26112960326679
79 7.839388798083624
80 -1.4714906253657227
81 -20.34959920638399
82 -0.4367112402790889
83 -18.155366335437613
84 -1.4474471487067733
85 -54.28097203603984
86 37.248275796548306
87 -31.939194614445487
88 30.117135984696027
89 -18.35947404672237
90 -28.716467776003665
91 3.350131774494689
92 -32.23674468111319
93 -3.468432879908976
94 -30.858410418494234
95 47.49381819994912
96 -14.486304173928012
97 40.36992826308434
98 -27.28931454668937
99 36.84370427305565
100 4.377711220530972
101 17.91856002283549
102 29.764005946167025
103 30.02508670196747
104 13.50209717416889
105 -42.40874060833034
106 57.653235756190995
107 -54.74003562342412
108 -3.469193730203864
109 -1.0418582592240653
110 7.093229588563281
111 -9.383949008928315
112 23.94217882596642
113 -13.167700873712693
114 -1.3495852666967292
115 -3.6994558715152865
116 8.976293189467391
117 -8.848696247434017
118 12.916675839737424
119 -0.9029686737453558
120 -5.874293447164468
121 33.66293747367856
122 -61.44091685384935
123 57.073406423698486
124 -28.138662454381567
125 14.377345207325517
126 -1.394192492498325
127 0.0
