0 0.0
1 -3.470378239936257
2 13.153923354330027
3 -12.931964454979461
4 4.706645349664013
5 -21.633864654853195
6 -0.02704715408969887
7 -18.94976636632076
8 -29.817889750988016
9 14.496453280580733
10 -52.2348153471227
11 54.15626967987802
12 -71.5365781387458
13 50.45613361505021
14 -30.984304397342335
15 0.9608991519672282
16 -7.375055063131039
17 -60.10516716234316
18 49.78284547833181
19 -75.92321195483639
20 41.00752014836409
21 -13.541020905871408
22 -16.07310208542944
23 15.816102112032976
24 -2.4882295160537544
25 -0.049517620938032324
26 10.199262689954345
27 12.183262637276993
28 26.57955958179084
29 43.89615666193215
30 -14.344914612186088
31 46.33437704009582
32 -40.39895841960871
33 -8.566923839012027
34 -40.95666730742947
35 -43.98128421697264
36 9.079064575314527
37 -67.50477235497458
38 -9.053263639631647
39 -18.567219242342613
40 -31.989902952374678
41 -24.169403049260104
42 -15.21153951900473
43 8.962135414233035
44 -42.23854762327883
45 38.71532032198792
46 23.769604981734425
47 -10.358211127546639
48 20.724796746903827
49 64.22852001416656
50 -10.171780120678655
51 35.11906387629616
52 -38.55519662897365
53 -9.891967607178092
54 35.231521403939965
55 -6.959921316261475
56 -1.4414502416138333
57 20.842208502261826
58 -27.507114190129702
59 -2.4924550929783367
60 21.50083659795343
61 -33.0408628084282
62 17.44945404823833
63 -21.754620039555757
64 2.097145623500488
65 3.6867355882533537
66 -10.52898524818276
67 6.685799799519786
68 2.1135622244699066
69 20.30532705228111
70 -4.06668235905814
71 69.30229072290733
72 6.668534812150611
73 8.12776274310344
74 41.292845675543205
75 -23.18956277525981
76 6.731731245424888
77 -38.14796235130322
78 6.087599357614701
79 -53.339902187558096
80 -39.96753802893024
81 -1.9622156904800918
82 -69.46581850804446
83 1.5552081236096829
84 -49.93229987857532
85 7.5622917092171065
86 2.854302925434723
87 -37.893413825612846
88 41.07779966700325
89 -13.533427197591669
90 -16.63470624419838
91 34.91407603592586
92 3.8450654224916794
93 -8.859036354245346
94 49.93318613573736
95 5.14730058811905
96 42.92719535587941
97 -14.923069726143083
98 43.7479639975883
99 12.91019340359465
100 9.200292969711363
101 -26.446477705929027
102 28.63163337232618
103 -14.439870088608284
104 -4.54198550939294
105 2.743945893343807
106 -36.318123145052205
107 30.584470979878756
108 -47.99414565147748
109 31.18727383337715
110 -1.1384575757528566
111 -13.993673197091693
112 -58.4047845976419
113 50.21346314570945
114 -78.7723813675166
115 28.6588711677067
116 -27.025734674711543
117 -37.06861153963084
118 -15.30862189400194
119 -15.163953140939432
120 -25.033583767351235
121 10.145593728869024
122 -16.903052348572793
123 22.932729444743906
124 -4.901863262069303
125 7.9457531820216
126 1.114754724145681
127 0.0
