0 0.0
1 -4.594553102544987
2 10.946063567946407
3 -16.65231835924854
4 -4.038891345036146
5 -10.687994590644669
6 -20.340243404437967
7 49.66871520358869
8 -23.835676449893004
9 49.498329837515335
10 -5.84174612915949
11 52.03400352959638
12 22.56762195485172
13 27.090124739410424
14 -15.654615340265694
15 51.72069815213488
16 -32.3830782186068
17 -16.921508824454843
18 26.945990116036217
19 -20.204996179618657
20 -36.72005399065856
21 -3.8227759472063894
22 -17.061064012971073
23 -27.501673325358144
24 -41.02080392958518
25 30.65599726600619
26 11.126866954843424
27 -62.512357058688444
28 75.32358192273485
29 -79.49544609819526
30 44.680855743247946
31 -60.89538721437162
32 5.168229307288272
33 -10.950449451094672
34 -30.46989294323758
35 -5.215965259805223
36 -34.91954987112417
37 17.41412795729112
38 -20.941476947060323
39 -15.284876459658415
40 56.282461908419286
41 -108.9878287287743
42 41.311576127395334
43 -22.576980256004152
44 -20.47023410253154
45 29.683329028559942
46 -42.29811299121873
47 45.56262178445142
48 -103.76027723688405
49 74.48326526047008
50 -48.30418660707446
51 11.471626100166187
52 -14.792415190660044
53 -0.12448683311552762
54 -16.33536876724448
55 -47.64188998662598
56 -5.611911747268618
57 6.828959386957859
58 -41.32889058447536
59 16.09087275625122
60 -28.637007338808132
61 -47.12735277150455
62 0.1656214850021874
63 -28.660156872737883
64 2.024850895186539
65 6.873907210913654
66 21.020161792881446
67 -10.302538299678808
68 38.34753504600698
69 26.301451947410758
70 59.14645672722208
71 -46.23906613933123
72 52.84512406302019
73 3.6346162950794727
74 -24.905273939560768
75 -24.18719418503152
76 -17.599824868518446
77 -6.71125837424612
78 -3.44530898085978
79 26.133670896663222
80 -17.862487220309536
81 46.473028436034824
82 -12.099070924837534
83 25.297055216803333
84 27.201459733447845
85 -5.101481699785127
86 49.58007338585576
87 -19.344995591263146
88 21.37416152151024
89 22.113457237497624
90 -25.516518593100454
91 35.558770093980954
92 -43.88257894481402
93 15.290740430932313
94 -31.641022979148396
95 -16.12749684708195
96 26.871234202834522
97 -70.02261131716064
98 66.54614724676898
99 -60.16271245334981
100 2.8738263144079217
101 -3.766797577851862
102 18.73067015555243
103 17.478171591285495
104 -19.655241498774586
105 4.562831607040037
106 9.14163063476803
107 -31.816532212000126
108 -18.50084963184759
109 -11.01745586534586
110 -40.05399615553223
111 22.222256318748716
112 -68.83397731472999
113 28.630333790207946
114 -68.09922748410555
115 19.729920133060002
116 -5.497460607145147
117 -20.96974185058219
118 4.672038582900668
119 41.67830571259966
120 29.70106880242336
121 31.84307974208992
122 4.121880462583795
123 31.247358887950615
124 -6.036200025479163
125 11.492321646475142
126 -0.27931561598916027
127 0.0
