0 0.0
1 -4.845633717853674
2 13.029751812720813
3 -18.83815626260999
4 4.78355577838487
5 -20.194579715590216
6 1.1962357185494434
7 -50.03137359364319
8 -34.014760001231934
9 8.698672722077939
10 -110.01786644741838
11 20.700755195778044
12 -7.627471374409243
13 -38.08797708671721
14 -4.339081638688283
15 -54.756690117978884
16 -12.5388014224455
17 -16.454391908937804
18 -15.145822918787207
19 -11.85032910216928
20 24.091206595374434
21 -30.891706812806294
22 -15.013031018935488
23 16.825219080832518
24 -80.7568762003743
25 42.166253823292614
26 -52.5142671885293
27 -5.1916654339434505
28 -5.835185517687051
29 -39.29273518806204
30 57.36339773403169
31 -33.18634620412987
32 3.0025006016689395
33 10.116910336493849
34 -42.77388124906529
35 -12.912971769535007
36 27.514685720775912
37 -35.37758602255941
38 -1.7198683572226574
39 -19.873566795417446
40 38.711401094726945
41 -16.29774724600542
42 2.664727357396158
43 -1.962697512460123
44 34.131131195413836
45 -7.1997239823011725
46 41.70862060452117
47 -28.00381440137264
48 77.54629224652622
49 -25.73134142458095
50 19.05923131580495
51 32.098303064302605
52 -5.1268329164664985
53 35.8529605036391
54 -7.4701029519318976
55 42.032489393742374
56 -32.840167931590564
57 38.064929602867515
58 -30.077535252672014
59 30.65896027247471
60 -73.98708295803837
61 13.586639758804859
62 -46.80256073058543
63 18.11889900096098
64 -34.69695095792127
65 25.528484134675878
66 24.653339585863673
67 -28.357286691152577
68 38.9030555156181
69 -9.045886200435833
70 -29.305367418655756
71 30.094538391889877
72 -40.299254352717824
73 -33.989045189496565
74 24.773482476748647
75 -63.33436393587992
76 44.62503361449742
77 -67.92647980388834
78 16.450348085750853
79 -26.496826557503653
80 -47.31683787805638
81 1.2793137002131671
82 -0.33727929985934074
83 -14.38305978694049
84 0.7882438814943918
85 41.6429455376374
86 -23.6054941699212
87 32.26550385671223
88 13.1411560517131
89 -5.404966350673281
90 33.59970292680703
91 4.2912352759203065
92 -34.73428311324887
93 61.5773039950936
94 -64.99035899127476
95 79.25391455742287
96 -18.08300933795721
97 42.21748928262701
98 -16.248783584556794
99 11.384605359429921
100 5.151904663933761
101 -51.431000410914216
102 36.459686297011096
103 -41.52639125816406
104 19.942793231053777
105 -70.69929930983557
106 81.8949232625553
107 -45.10741744944401
108 21.208105822195723
109 -1.5940568514554423
110 12.84390945496884
111 15.661016405369576
112 -2.582501628414332
113 -3.92853406259299
114 0.5623231036909109
115 -33.00861358201306
116 -1.3498164275143276
117 23.31136474267231
118 -48.27208829039944
119 66.1079904970277
120 -54.947656457820194
121 67.3197386332434
122 -20.91653878435577
123 47.37442928728794
124 -9.380548237639168
125 17.306507315825943
126 -0.24883489596618988
127 0.0
