0 0.0
1 -4.0879192037718015
2 11.080883257176925
3 -24.344774481081867
4 1.6322039431771955
5 -20.28825118207602
6 -21.621590531379457
7 37.52842003279565
8 -38.46079701577317
9 29.670548593596592
10 41.174961750984544
11 -13.419000981867972
12 73.84233160589677
13 -53.4673052820204
14 31.973997416900804
15 -60.91751428112436
16 2.501983628566927
17 -40.660656494067204
18 -85.43006699017515
19 26.146211720724814
20 -71.6224164039818
21 -24.236348138901132
22 -21.26630385813774
23 -52.48039902309503
24 -23.1889492084539
25 -11.276453548994082
26 -25.1590495397586
27 -34.039480311069305
28 -18.969446673699025
29 -39.28237057580784
30 6.385503844806829
31 -31.029336701897815
32 39.510249153792
33 -7.500289642301036
34 -5.671231436686882
35 48.24324413192759
36 -11.678927560296142
37 54.75677067176397
38 0.2843067934062274
39 28.575041508899194
40 -10.868969697734155
41 41.17192535048661
42 -7.251834929609201
43 22.962581997836583
44 8.168092272089368
45 30.768533501121368
46 -17.714676190045594
47 38.14099287341753
48 -12.687397743768573
49 -8.436613838021332
50 -43.22925336785908
51 -12.332221221843728
52 -19.151182342208376
53 -30.516020999823088
54 19.83389107162235
55 -8.154529494311587
56 1.00507734379948
57 -22.893016969239177
58 -16.86257783765904
59 8.742474238722625
60 34.68694638629802
61 -20.21234002402561
62 84.88206385613677
63 -18.15050968172509
64 62.03997851012334
65 24.733165319418394
66 14.3768553806757
67 24.02323448202501
68 54.33164863751333
69 -18.122020123809982
70 57.66214828888146
71 -2.4051880061238418
72 3.479615322023593
73 65.83239111251822
74 -58.05970169793918
75 11.350553087703787
76 -34.211210898231435
77 -26.069977958589803
78 -34.750053695360975
79 -28.947394413726762
80 -30.133417726509776
81 -30.81672384986669
82 -18.78510571494286
83 31.53108021649704
84 -36.254713593100874
85 27.414995765860414
86 -24.54395315263798
87 7.947145571199033
88 -6.037945802442959
89 4.030585666852491
90 14.036754847249792
91 -34.96506490009055
92 -8.146765672044815
93 -7.840290111080639
94 -0.7574445766156359
95 -26.381597453472033
96 31.383518046361417
97 -28.561301825664582
98 25.781076268796113
99 -27.64723649281493
100 3.3992180256774427
101 13.966784906820997
102 0.35759929183462585
103 -4.368890011651809
104 -7.160395370115077
105 9.08490709449568
106 -47.92919275317088
107 15.199458532473432
108 -6.090734307482259
109 -73.06032724527768
110 27.284622265905426
111 -1.740358531298383
112 -50.45423166372534
113 43.09236966908949
114 -18.008321588977715
115 -3.6956435267751813
116 37.54856790864018
117 19.27964439815974
118 20.08704324590351
119 39.24477279140489
120 18.140532489247423
121 46.85852545548026
122 -23.160600280696848
123 46.02450672784885
124 -15.294676876817736
125 11.365661081248515
126 -0.8981812464028968
127 0.0
