0 0.0
1 -6.3919627243216235
2 15.793957142367773
3 -25.290497984859787
4 8.798926750000772
5 -30.764831914632424
6 -12.786820827036372
7 -8.45993591195295
8 -21.648511154320634
9 -45.477881083266
10 1.0521582323787086
11 -0.2038755262098806
12 -33.60300702703987
13 -8.660892148438531
14 -9.878113761066238
15 -24.105702855923216
16 -25.075484967245966
17 35.59074433189232
18 -65.57484166940121
19 34.56165844727164
20 -63.209816000918266
21 -13.934938914853081
22 -40.71487525304432
23 -28.730159740422206
24 -29.311552241253235
25 -39.903563550052326
26 -19.509637654476006
27 2.425685228731304
28 0.8925749178062018
29 -15.13427233591832
30 22.706687712829474
31 -32.167924819648064
32 -4.637245615193587
33 8.776045813620826
34 5.056884179496177
35 26.296953191395108
36 30.989997548325455
37 35.544025863555206
38 2.5639780853779714
39 12.953862298712176
40 0.25646869779646336
41 4.615537526852464
42 29.702399607069765
43 -1.994540975745093
44 10.423334608162461
45 29.539483129261146
46 -34.259237173615574
47 22.173692583835702
48 16.18284144124008
49 18.9447159591589
50 33.95105967088671
51 21.35851412398021
52 9.093981726922356
53 5.649806912586979
54 -32.85932380279373
55 -33.95608739614304
56 27.946451164524657
57 -43.91965200361357
58 1.904148456813603
59 -38.411404586421234
60 25.278305630124027
61 -57.87546141949795
62 11.177158581190314
63 -37.786730167028004
64 -2.8882799635261764
65 -6.40981466677579
66 -48.90893306152022
67 5.92233281758502
68 -36.03272845433961
69 45.486586741664595
70 -6.248063974282429
71 -7.8876533513397735
72 42.448034731575476
73 -53.76797139713177
74 31.919057941645573
75 19.20205497973915
76 -41.41948568468457
77 86.09633484577628
78 -47.424775876092944
79 61.07758298426169
80 28.316598261075693
81 29.27011834181534
82 10.638189959314627
83 12.86425162605397
84 23.61329596545269
85 26.987648248769688
86 -17.958173050152055
87 56.2552817602417
88 30.40359557964617
89 -18.003927581288423
90 12.659864394011661
91 -35.25814207261599
92 -14.591468053772932
93 16.24660244397062
94 -12.313901571253458
95 -41.8622195563249
96 22.497685951386845
97 -19.568438323541027
98 -20.675903642432694
99 -46.667145782033366
100 -13.531202757963593
101 1.5383338145472132
102 -42.457931256675295
103 34.11699437156054
104 -32.25925861603784
105 4.824885327732269
106 11.196466979109116
107 18.984239561243236
108 -38.33746613869124
109 36.16827003531814
110 6.9466754416475895
111 -12.98109339609568
112 56.07862233845836
113 -45.37729206234122
114 24.780915419289414
115 13.045136371473967
116 -11.673799949327355
117 45.84170803163319
118 -6.435117832697875
119 42.213817750624024
120 -6.610571876453952
121 36.19281075462741
122 -29.999927063210553
123 34.94716773201794
124 -12.190052089305238
125 13.06689421728746
126 -0.8490204783593236
127 0.0
