0 0.0
1 -4.787382296829652
2 12.203598838519985
3 -16.164400388941257
4 7.379630082377144
5 -13.097967562928766
6 -6.702479703200159
7 -13.006999856491204
8 -22.07105580621617
9 7.621958819548409
10 -25.05580683788455
11 -30.611613598678034
12 30.49529247393674
13 -52.25406285368278
14 61.98853054276374
15 -5.197045165523024
16 -45.77218531243346
17 24.008956365067924
18 -37.20445866598932
19 25.999191289672446
20 -26.615605391502122
21 9.6130425815557
22 -36.78593025122488
23 -22.716489523180556
24 -32.42883318889622
25 -39.24076599618525
26 -39.0562316675689
27 15.512326397221118
28 0.41934998547444363
29 19.3854965068958
30 -35.217878058388884
31 35.69189116648906
32 -43.573201087743115
33 20.120671860936163
34 -4.413233011671686
35 32.120816150980566
36 0.010285660368966791
37 16.77381805957598
38 12.13273656677894
39 -49.305057603514044
40 23.17013223991156
41 -54.43254163850292
42 43.49212064003859
43 -2.123054334563525
44 -23.568497714311164
45 6.98843032825871
46 -20.281851379360862
47 21.0347796162296
48 -0.011173710324778971
49 -4.344006356901172
50 -40.23919873096875
51 -3.390249976342557
52 -0.8682526244125331
53 -46.841022983398666
54 1.98695961043819
55 6.090782576392666
56 -33.36105799250887
57 65.75134592666758
58 -40.91128882367338
59 10.10154925571874
60 19.323194478392196
61 -28.27415784861348
62 12.473708056587036
63 -13.522936004109383
64 -27.278923148150184
65 -25.5056805148859
66 -8.57488361910367
67 -68.19593988104097
68 20.527873797246308
69 -22.221696555677866
70 53.993399147904874
71 -6.935492228692803
72 59.966220893526575
73 -6.942791673586653
74 28.35972009863163
75 29.64322397965023
76 -3.8783596196922545
77 18.782969822591728
78 -26.96076001770864
79 42.239926822668174
80 -11.626758959347688
81 -55.572956715737796
82 53.3265480446995
83 -31.553409586717237
84 -75.33386374008944
85 0.236131493926716
86 -62.336993246544374
87 37.25531228115418
88 -11.9609958102259
89 29.598726347500627
90 -31.91744352618348
91 58.44850059638657
92 -34.46942016165207
93 -0.769898372990264
94 -16.127308238084243
95 15.97087371179172
96 -5.093600846122113
97 -2.9943175189375206
98 -15.22003503293932
99 -37.31493093299608
100 37.87110278861862
101 -91.94941113291014
102 62.903042330536245
103 -70.25795655994746
104 17.3057547589914
105 13.250296787535653
106 23.636039952896123
107 38.72395818425831
108 2.035890176505511
109 28.407579853835415
110 34.21412853089585
111 58.31714173409845
112 -11.765234050696204
113 66.99071738529955
114 -20.022407923084494
115 21.08597576867471
116 -0.2501000100582271
117 -15.454496101152934
118 -11.035311782664012
119 19.75067619847488
120 -35.30897839159431
121 42.447096746204465
122 -19.3218509401809
123 41.412609835883266
124 -10.531422723693202
125 9.088728736914998
126 0.5384128032045534
127 0.0
