0 0.0
1 -4.928595209272586
2 11.977525074297379
3 -25.04601510618977
4 11.384130502683737
5 -21.612028582989286
6 -53.41467715853514
7 3.980670412291521
8 -75.32698670734193
9 -51.498958496522164
10 -30.074206811803286
11 -54.24560728189978
12 -8.67429830225954
13 4.509630410766978
14 -14.496337814828856
15 18.909671284176788
16 -0.3482120344757321
17 21.694352091648984
18 -9.845018343527308
19 39.977522521965696
20 6.769816357062914
21 49.53740156076326
22 -47.21731254269202
23 12.251859411468727
24 -53.19303500671759
25 45.065108929855114
26 -62.40037174434325
27 8.921657158473334
28 1.690824866594983
29 -16.530789909804675
30 1.9870449082708515
31 -6.462181433348523
32 39.579083136921646
33 -36.04204882995416
34 42.38592030798366
35 8.807939690001538
36 73.24607319700841
37 -20.005305805010835
38 56.81002247688749
39 25.869609703769445
40 -2.273409789511425
41 -13.439523220644746
42 -19.71224239876153
43 -29.863278780721764
44 27.003282966240302
45 -50.954614032035664
46 32.476779103789006
47 -3.9304879783749933
48 36.150675325630274
49 -9.498439231154707
50 -29.49123975286223
51 47.933075864605
52 -48.95915733611698
53 22.207386148823385
54 -48.349061846408304
55 36.33559289098536
56 -37.621626078305034
57 -13.843703339306874
58 -34.92658588314521
59 -24.27745356711596
60 5.690972128902933
61 -37.314298912362105
62 0.6929262473760501
63 -15.033159794817065
64 -26.67162521438023
65 -28.570161655586745
66 -38.441749382591425
67 -18.88071866063825
68 -9.0112027538559
69 7.028801207908702
70 -35.674677840454954
71 21.43702769080246
72 7.113525972199402
73 -0.27273461678555705
74 52.94608607842675
75 -1.5708504063364002
76 10.878866690403177
77 47.7663179100313
78 35.49062439751306
79 9.488427319915276
80 3.428577938255391
81 72.76396380257017
82 -13.167335311926523
83 37.320420865144015
84 -7.682944670775561
85 27.597801961031426
86 13.63700174864311
87 -10.063078565473768
88 -11.154274272336242
89 -40.81610823278702
90 -30.057718348757895
91 -15.141312974160911
92 -62.625044325690205
93 -47.80257996986532
94 17.336196095490013
95 -91.46553205872362
96 48.798748232260785
97 -45.6858472387783
98 34.71075657863249
99 -1.1229350267077185
100 2.4123957117827763
101 -13.823095658529413
102 -3.445824163378941
103 -26.479612719967722
104 -9.733333883563
105 -2.1590533270064918
106 -29.652077998598678
107 -9.413692009809465
108 4.9312931836168845
109 34.93167144639455
110 -59.59658957789496
111 40.752919750820524
112 -26.143142577220512
113 20.70451649033531
114 -36.35808823788147
115 55.87470767784581
116 -75.48578057565095
117 85.30925183877277
118 -18.165089667674355
119 35.544964691635705
120 53.56079730575239
121 0.08255155296925354
122 25.03560413317573
123 32.88103929627804
124 -4.121622358843212
125 12.263448468122789
126 0.6401353988765118
127 0.0
