0 0.0
1 -4.33663343785228
2 13.38270874584276
3 -30.98088642134492
4 23.569570699667405
5 -49.82385362043574
6 -12.199121974792892
7 -50.85300289718332
8 -29.669490690311108
9 -30.870337777039712
10 -96.63845530596421
11 -34.41898023048587
12 -50.45821741409678
13 -51.806941867673864
14 -51.07750695926307
15 7.503647135993323
16 -71.01634961052531
17 3.8468505895818867
18 -15.11506950858819
19 -14.792393107231886
20 18.181230054121677
21 9.014969535011947
22 19.95530380982901
23 57.804208938550964
24 22.72108314115472
25 33.75136366269884
26 4.985830024532241
27 60.770352732457425
28 -23.753356646410822
29 79.39677060362425
30 2.7553417227068366
31 31.587687408818162
32 59.179338043359785
33 -32.56882394489026
34 92.39677129081977
35 -37.56268675106858
36 11.252753592305657
37 49.82714785248121
38 -40.67049987314404
39 57.743573754667146
40 -50.7508647734593
41 21.191916704411216
42 -9.315983268415328
43 -9.634415857796686
44 8.048362588232447
45 -31.009827011037157
46 4.479506094064258
47 -38.21988024899748
48 30.658428610895374
49 -46.41520320523861
50 -15.271484858928718
51 -16.331882351335064
52 -28.608216293970624
53 -45.10664641589967
54 -7.656313417215783
55 11.716614893377864
56 -23.942078927774965
57 31.80044428608148
58 19.029715231721944
59 42.35910656518103
60 20.86823499430164
61 5.193140190348682
62 30.5295249613783
63 -19.06591311854567
64 35.15859966550792
65 4.062367351855009
66 -1.2350738029741455
67 10.689435877315534
68 -21.697027206203998
69 11.46019278806321
70 -0.3906455398070184
71 -27.228029234479237
72 44.487051203833516
73 -23.264024606996973
74 -12.29553752332204
75 0.7139512129322627
76 -19.918038269475037
77 -15.729389399294023
78 -25.65545472955904
79 -28.765882304997934
80 -45.85926613953211
81 -3.14049699723217
82 -46.755392095143655
83 -15.401996749060782
84 -48.48053259422545
85 -27.31499868965522
86 -32.15639915724946
87 -52.03700575625498
88 13.29142532371849
89 -7.214685730469648
90 3.0111826336779735
91 49.74032072088774
92 -40.992281866556574
93 44.65016428943483
94 -0.81422322680231
95 50.081360719556194
96 7.978891232475482
97 11.9337160472018
98 33.338353447505156
99 6.616922771616343
100 9.335965282117415
101 21.920741667535925
102 -32.575555947035944
103 -29.58882239031266
104 12.11024114405315
105 -42.38856159916144
106 31.925386703737264
107 -52.25147877481587
108 26.541691710930433
109 -65.15957832653896
110 32.88538782715407
111 -31.10408698427117
112 -25.748326666236043
113 34.20910918624809
114 -22.01300117143594
115 37.36370598964902
116 21.98293687387013
117 68.45458366454801
118 1.683463668707092
119 46.53279332299256
120 8.382850167951284
121 14.909487188162613
122 -10.629451433887194
123 30.727615839070225
124 -11.051547453098513
125 18.13871542636524
126 -1.0786528306840812
127 0.0
