0 0.0
1 -4.211842056447897
2 12.90175044211535
3 -25.713596361938965
4 6.940247795797341
5 -31.001007882050423
6 -30.683474524620976
7 21.866180386239648
8 -127.6068322802322
9 81.72126107618892
10 -124.06153274181843
11 48.98552626282931
12 -68.31572528155786
13 20.98930040207969
14 -16.124618047604955
15 -10.550239112960657
16 -13.049187132161697
17 -2.8036963275678315
18 -39.650352716078416
19 7.633407278929429
20 -5.361691552401182
21 -17.044309396424634
22 59.13495237747751
23 -55.26234339013533
24 31.43106398712419
25 -22.28787622828964
26 -4.956063610156081
27 -12.628040121057817
28 2.952773624295335
29 -23.753891907510972
30 -5.330172175241834
31 -24.865736022711918
32 18.057970887261884
33 -63.14878677705094
34 4.102434738587363
35 21.196464002238994
36 -8.573125647641668
37 57.00618553890263
38 -1.4265604737249808
39 33.16512407775384
40 7.698121275638483
41 45.02836427849647
42 15.91914554058936
43 34.563156939886014
44 23.865161678279183
45 43.59185488632753
46 20.307060314144476
47 45.896155575847324
48 1.15902527532344
49 47.13386159169801
50 -4.702120867545166
51 -0.37655093795343725
52 0.9935025923799105
53 31.653492964137016
54 -31.044223788509743
55 40.413199029727856
56 -63.4490071030439
57 -43.305357160986695
58 -56.29229922023513
59 -23.549514826485076
60 -58.40563699722902
61 -31.59346654942743
62 20.784358086431478
63 -82.17593367148277
64 49.014739362544056
65 -79.6392892543317
66 59.221445703838604
67 -55.68996763486072
68 14.314028996458177
69 -1.4531122733894166
70 -14.151208671920198
71 -18.930521940141773
72 -6.090517341521992
73 0.43885939212110125
74 -10.70658144760575
75 -23.394139894432843
76 47.93675433435855
77 -19.9761370205472
78 17.112510166275925
79 6.79652065522615
80 16.178783895099702
81 -2.847846925638691
82 -15.553894028362276
83 -2.1004461161276398
84 -1.2738965624285563
85 32.690377723076764
86 -13.48517384543984
87 42.23667919603858
88 -2.028113917291294
89 -12.948237372822692
90 -1.864578723393053
91 -39.05552217430347
92 -47.51502715089471
93 14.421957912026025
94 -79.66696414592649
95 46.55500980695315
96 -80.44791325173365
97 33.77766549877103
98 -27.73447322213554
99 -69.0799203365441
100 86.90213422700224
101 -106.47606571320127
102 55.49208624402323
103 -24.305243154229682
104 28.190961263465
105 -1.2882286316999734
106 6.306413590650421
107 19.410136541776772
108 10.902209132127936
109 45.198363927350414
110 -38.35623625923527
111 48.45152924356594
112 -65.25896430977468
113 61.37605486187262
114 -39.58635215677451
115 71.40159229379681
116 -12.670992927477377
117 38.83766497475636
118 20.366353311035056
119 28.19127573676902
120 27.553222941500923
121 24.344230149389272
122 -2.3216792854831025
123 25.96164935825231
124 -2.183554916481921
125 6.088870924672439
126 1.4975257064487197
127 -0.0
