0 0.0
1 -4.206513025863365
2 13.40531607793226
3 -27.65090846194086
4 23.245897510707206
5 -37.49682307452577
6 14.389553226641556
7 22.009727792851038
8 -19.281890872653392
9 35.59475704620418
10 22.097245374524398
11 -12.790802040486227
12 19.56284911819067
13 19.27735210730993
14 13.370561927587497
15 8.720178319839958
16 11.27509491976343
17 -2.654233915371938
18 -60.19294347564771
19 13.255525674012679
20 -79.67437819036208
21 6.883457478891872
22 -51.4096135033165
23 3.610274042961905
24 -47.049476617287034
25 40.63110760716603
26 1.1301820018673707
27 14.863323268109664
28 21.58892904193257
29 -12.15595449379681
30 20.224460942120455
31 -30.011044580022848
32 41.77906961221573
33 -39.17834240873999
34 18.106627114920833
35 -1.465390912984774
36 -12.77206762231064
37 35.628327937878325
38 -24.587444448733876
39 -11.808571950669545
40 6.6528366403170365
41 -41.15956780650747
42 39.32378717196225
43 -30.951609459293675
44 36.349013988985234
45 5.811584646904057
46 32.92938785929779
47 -11.518617360730778
48 -14.626891345482557
49 6.356577179860179
50 -65.55289533662788
51 22.912023255746018
52 -37.55438797798199
53 -8.134632420015002
54 -42.857673720925604
55 23.242486723827877
56 -36.26230768247976
57 10.541734309625426
58 4.0789619040144025
59 -18.62319019712402
60 19.09398649620569
61 37.44427833912238
62 -43.19503620191651
63 79.40931168163755
64 -19.209652279024624
65 1.3405402565138347
66 22.105746386074753
67 -15.32647418052697
68 -3.0872638775555936
69 9.499315466718997
70 -10.286062876571268
71 -11.168322097373045
72 21.81746047986567
73 -38.12260920526883
74 46.28869233252072
75 -24.158376555397926
76 -5.914592195265715
77 -4.76598693108799
78 -25.916026277288577
79 -1.0215001966977784
80 -59.654861654577104
81 2.678212171814117
82 -30.76270313122157
83 -78.15640153303431
84 -11.900091408605812
85 -33.04903776505072
86 2.2101711815405602
87 -9.69191760197787
88 6.2802901695481586
89 -23.71307791704599
90 12.928855754506742
91 11.67707547432493
92 -22.32716359341296
93 0.7715429000555535
94 13.298493447392138
95 -20.64026465609176
96 25.689440102090316
97 -11.27458116628552
98 6.9872183211473
99 11.733951833502656
100 9.824717084535065
101 2.3354794262738365
102 8.33118099014385
103 -43.89195616440259
104 50.66151123326947
105 -45.00438693083555
106 -10.464253300966758
107 -0.23172207341552226
108 0.8437364117667762
109 38.11494219899251
110 33.47439243125761
111 -5.398154970668343
112 11.248002952259178
113 50.897303038962825
114 -33.363286093809776
115 44.253868537208064
116 -73.29498813792252
117 37.52881867538178
118 -49.30222200366872
119 4.396930961734165
120 -14.565557756752078
121 39.791068483885596
122 -45.46733322790333
123 57.904374604079294
124 -19.448126113422155
125 11.018703242510249
126 0.8099141521167716
127 0.0
