0 0.0
1 -5.557211771405253
2 13.34677418150162
3 -19.244146953533075
4 -16.366759934914246
5 1.4184524214486225
6 -63.19760957835538
7 11.559529179126102
8 -40.65052491360975
9 4.455104073401335
10 -41.9171712674676
11 5.673730724241449
12 -48.14160347627459
13 1.3363043860604231
14 -79.17435960949933
15 16.4889854261253
16 -50.929798032155965
17 6.10940904156222
18 -39.52928712561396
19 -0.28473363374194316
20 -8.831137094707163
21 -3.580792672813936
22 47.83831640142069
23 -1.3861920306937465
24 52.40470395389722
25 45.24979748133774
26 45.55865537462737
27 18.025688098662336
28 24.30939685381931
29 40.2710521795618
30 -10.896287701145246
31 -1.4900208557547407
32 14.982736758966572
33 -19.52756272540448
34 -7.75035342742059
35 21.682267206751465
36 7.375263047768427
37 -33.522118824046636
38 29.47406697979526
39 -44.97409157130067
40 3.325621563427759
41 -59.68579585938303
42 -31.602873519987405
43 -11.329562836484776
44 -32.78923589311885
45 14.212658737761608
46 -11.996621754707984
47 -20.852537021264578
48 -11.363566317997952
49 -2.5394448813122703
50 -47.722505277280135
51 66.44441510276526
52 -26.45493785341747
53 33.374983875072985
54 -6.725492887160947
55 29.210413091450793
56 38.12855872000661
57 -0.7209832590721663
58 50.49427476759388
59 7.644500548040239
60 19.307063901844174
61 16.83303241322209
62 -35.3690283552076
63 43.003094964205815
64 -13.46644501144317
65 -6.508986142886288
66 19.805123088479064
67 -48.73844042002793
68 36.49629613898038
69 -61.514039378123634
70 10.004514699834836
71 -39.74256682678426
72 -0.2015856501393339
73 4.7557829852877855
74 -40.90736493270375
75 -17.647739550399983
76 16.66369199622341
77 -62.02805975475345
78 29.52408912821458
79 -43.10604430195415
80 15.458994035795158
81 29.112260546816298
82 -9.975024338236036
83 1.9063871390072316
84 -27.270902069417318
85 64.51310302270525
86 -67.03113345857354
87 28.501592889856102
88 9.947087754592445
89 -23.633670240989996
90 27.979622795739314
91 -29.776260645412535
92 1.5030270174877998
93 -5.444212887238593
94 -25.98683685902081
95 9.97279798240724
96 -28.47153997939294
97 0.8142503785576575
98 -9.68989674387088
99 -4.860590283147334
100 -13.805498411342326
101 40.62818717744569
102 -14.603080433644571
103 -7.76528600355211
104 72.62147819121554
105 -66.5365400674554
106 62.26668739331132
107 -25.12625946313365
108 22.130695656032543
109 13.250239191751852
110 -52.56459744336489
111 45.495975978975615
112 -74.41494960615346
113 56.308632303065025
114 -31.710431922759046
115 33.497567591289815
116 -17.057756351888152
117 60.56166459325004
118 -19.619754958160133
119 6.183334490207575
120 28.757068994940408
121 -0.7562406113929128
122 -3.229197806181864
123 26.348001644918835
124 0.2612539738873275
125 6.524526212681737
126 0.9592338106465189
127 0.0
