0 0.0
1 -6.117632912241868
2 10.090159964400419
3 -17.440172080402043
4 -11.574486126588802
5 -27.03151236576421
6 -23.638755166279694
7 -42.091553509788746
8 32.703816363582845
9 -47.90415665800782
10 65.6615276821215
11 0.6996542541058179
12 -22.65125242019801
13 50.79356228981257
14 -24.2132823009278
15 61.71545561081132
16 -17.525727587358574
17 35.20867679817927
18 -23.35141111249335
19 -18.710511950415764
20 -9.72604276768962
21 -32.53854793129276
22 -22.978334135624316
23 -2.465556988571805
24 -64.83455312159894
25 38.372723385066344
26 -57.000683257320155
27 9.306952253550493
28 -81.88630852626102
29 10.402208801026372
30 -1.8875186868797897
31 -52.74388337481084
32 6.314027603456846
33 -37.985374353303314
34 20.465699527653893
35 -30.391104482322408
36 11.663842924336029
37 21.607006802003976
38 18.77454516736095
39 -10.749466062208526
40 26.565272154146662
41 -21.85001691801947
42 3.7229848955386693
43 -17.380485726395236
44 -14.18109774438276
45 -16.972795886424773
46 -17.595608027838935
47 -6.532091454713336
48 53.059515566621165
49 -56.6119998126268
50 46.538389249444045
51 -0.49216033449854973
52 -3.28972368473456
53 -5.198101386919725
54 -12.736154094622247
55 7.202326355711859
56 11.124158292536306
57 11.001394701597333
58 14.130034082352475
59 -9.915969771140007
60 8.403844106835049
61 35.85451832978612
62 -5.454849878093638
63 32.22644382184033
64 13.51690840166992
65 8.328620818758512
66 18.2403794008536
67 0.31761087725559417
68 4.74238085092975
69 -20.972157782315637
70 -17.036710699001492
71 -7.063656742345107
72 -36.36703391976809
73 22.846634573106805
74 -56.228043148352015
75 25.52463258990623
76 -47.2408321420685
77 25.162525615149065
78 -70.33024116710622
79 -23.89173758232701
80 -5.977571541437536
81 -1.7349013566463394
82 -22.54104010838977
83 38.67539679358685
84 -15.489855184087205
85 40.764202650965274
86 9.808807996801974
87 41.10458544968797
88 42.046070628537336
89 -18.300870536663677
90 60.58268442065321
91 -28.255213278655624
92 -7.146229453425252
93 4.831572619858044
94 27.31674809635113
95 -11.748436472508995
96 43.26669910483438
97 -50.601770656509714
98 48.436214479036536
99 -43.91283001758457
100 -13.944532825856177
101 -18.646674296377537
102 12.43784577153596
103 -47.84508216045976
104 2.3228613160521268
105 -36.00299236220021
106 11.84969385697335
107 -56.26418579396285
108 0.8089608871328733
109 -21.458558517659878
110 -52.47534119373117
111 56.918302374568626
112 -60.74692247507698
113 80.89253886551762
114 -46.66889972479856
115 90.54071540104533
116 -2.567841959133927
117 52.929124018981966
118 23.594447817799523
119 65.97152865584793
120 -26.866693469912434
121 75.09168850431026
122 -29.81858682296386
123 34.43809973010257
124 -8.541374288490266
125 9.919333449671292
126 0.5321699237456682
127 0.0
