0 0.0
1 -3.8796563481397515
2 10.293601056962247
3 -13.65799527365032
4 16.459653053299075
5 -31.736535859110038
6 -4.463290059819356
7 -4.527390963585863
8 -54.709859586726154
9 -18.370708480792175
10 -45.229790587955954
11 8.677732224160987
12 -29.74620866587388
13 -29.596111178166748
14 7.7315634010736245
15 -8.952876390289996
16 2.133292247025487
17 -10.04350101630693
18 33.02064889672337
19 14.302583200984584
20 -16.470707915419176
21 25.2890287734078
22 -11.306270568285662
23 13.410270567404094
24 -40.72952526405162
25 -4.931995945007279
26 -17.39933476316649
27 -24.31204665825877
28 21.08416162044001
29 10.829070037063001
30 -14.564751701819985
31 38.485529012196025
32 3.9016589397451265
33 -43.33694595399172
34 48.11259736990067
35 -43.7430383233499
36 31.908091869832
37 57.338634048849016
38 -17.395388615315802
39 33.66952875588032
40 -4.69247606709105
41 21.039033202743756
42 -16.795159712063562
43 -36.729262398097184
44 8.506812369841487
45 -38.40062668313798
46 46.863069642451016
47 -36.963876838998694
48 30.574371318038875
49 -21.6833526941466
50 17.424267656262607
51 9.961038075693779
52 -18.38548965715153
53 78.22235431984878
54 -37.040701238639734
55 45.71046865085946
56 -37.22754112622941
57 -12.171825546544486
58 -24.326089498582558
59 -32.086586883875185
60 7.464196863795386
61 -10.209331325999916
62 11.698555306964007
63 13.77179432069336
64 14.391397822918265
65 -23.47081977261159
66 -7.437612045785684
67 -49.561076562545466
68 -19.728862731005538
69 20.100851863429025
70 -19.91350709458688
71 4.725346980717824
72 8.02723643852686
73 24.968908327419747
74 20.671785360324144
75 43.310849284873875
76 -9.121582391306553
77 50.180374384454254
78 9.370969787542922
79 40.55273548342684
80 -11.115161683011644
81 12.497910182170077
82 17.774150254474726
83 -39.961660561187344
84 12.20095226385609
85 -15.200748027175603
86 16.551462274043203
87 31.430694965855913
88 -15.155918271910659
89 19.63462213079896
90 -50.88554543662937
91 47.021093111743134
92 -38.58207409867223
93 9.979385285287306
94 40.94657474329849
95 -64.58189061752775
96 80.18849576507003
97 -45.858448585819026
98 62.724911214594215
99 -44.51354790090117
100 17.24060929714967
101 -34.54574371466338
102 6.833293695506249
103 -8.484620365359381
104 8.627781647852624
105 -26.70388341235859
106 17.674166819864556
107 -53.74169549434625
108 3.4364297668039074
109 -14.582288612614285
110 -19.718048294261468
111 42.08758997513204
112 -46.28067647788581
113 64.60041201330289
114 -98.94335160712576
115 55.16201070228678
116 -78.15297120045669
117 -18.94067571489152
118 -26.489080227280635
119 -9.891948904189034
120 -30.37609747706524
121 23.941001225234203
122 -46.411835153978224
123 28.64767819592726
124 -8.910526917982711
125 9.12448033930073
126 0.6275806901252229
127 0.0
