0 0.0
1 -6.019839687988495
2 14.823339566334909
3 -30.382846167389257
4 14.015121937133049
5 -35.20665044515039
6 -21.860508794379005
7 11.416937925804117
8 -52.65847956583002
9 57.467816458266945
10 -54.32273365785409
11 31.485803314105627
12 -13.947949531927582
13 -6.30570943880473
14 -7.6805897539975225
15 64.57877531225891
16 -24.858616789907007
17 69.42896683009559
18 -30.293954548871767
19 65.22130950272629
20 33.232184065010586
21 3.369323326995863
22 9.11565333883761
23 7.285243210031254
24 -7.752895914759285
25 -11.417935858763645
26 -20.128979791775485
27 -5.715036445006244
28 9.94436039263091
29 -9.623181809056346
30 16.774664468870984
31 -5.27542547503102
32 -16.23088176180375
33 7.783961729573424
34 -22.60400807176499
35 40.59516974248334
36 -114.65884824426597
37 45.28802634910315
38 -16.34279604209852
39 -39.25594148378382
40 6.898609397027161
41 -33.8561992564406
42 -16.52665976990037
43 -82.96381260402298
44 31.357277084310635
45 -80.06297474857003
46 21.150695748337046
47 -55.283003366122315
48 24.203860357653816
49 -40.3308672341615
50 13.13523190660177
51 -11.224782582939557
52 -28.728930666994973
53 7.320991098871548
54 27.55253516369576
55 -6.823542318445172
56 48.0336934129298
57 2.1971994837824695
58 31.40983984185501
59 9.63299547653991
60 -23.559061994129465
61 69.30943057671261
62 -84.40912404028579
63 71.84618959593034
64 -36.60678413391153
65 16.902154278744412
66 -20.94503416608736
67 -6.0681849268385575
68 28.839249179248828
69 -44.74947494653777
70 41.971597093321066
71 -6.405195655829038
72 28.559502102223526
73 21.945387402895
74 -4.034310175350017
75 38.38654846685009
76 7.7391200554874295
77 31.517776065616673
78 0.4137062317352015
79 7.565246130779093
80 17.108815969162695
81 -34.801251517412844
82 41.76800968645411
83 -64.74720172810274
84 38.42062061234005
85 -76.51406249350264
86 40.422494628749575
87 -50.83786807185355
88 -30.366543910099264
89 -7.277796136123961
90 -44.77796388110012
91 32.10624007234005
92 -62.74692561309433
93 41.62553728831256
94 -75.10420067621946
95 28.554010454056204
96 -79.95386450003265
97 76.76591986902714
98 -62.07356752690054
99 10.996740082898777
100 -39.712601097565
101 -2.525588037013428
102 41.49841869813972
103 -42.966672183673765
104 76.26195252763661
105 -32.08368626482067
106 58.6113043192102
107 -31.04577971164357
108 4.330076937517645
109 18.91168783626328
110 0.46020523888157844
111 29.70741184651198
112 -11.135175413702477
113 31.39457785828205
114 -47.510644914129685
115 41.29996500999006
116 -39.83517876984452
117 7.716711098058848
118 -28.617730248364
119 29.051900211823686
120 -2.2791245092153076
121 29.773879777406183
122 -7.195651107521607
123 27.364231630309934
124 -1.0794397037807966
125 9.036067290365759
126 0.3470906432919538
127 -0.0
