0 0.0
1 -3.5119827316853773
2 19.215295037612886
3 -32.67206500836397
4 45.39541338001549
5 -54.50044965477444
6 10.98459363902013
7 -20.84602160423399
8 -58.6250006452447
9 -31.901888013692446
10 -49.12944109112102
11 -33.74047542879944
12 -43.499686539023685
13 -3.3094759724633613
14 -39.14817906139433
15 -16.845085209903313
16 -8.79934218791313
17 11.348396276124248
18 -24.280431977441353
19 44.085569106111805
20 -57.767556090497024
21 74.14251684789095
22 -109.26580458726112
23 55.891652182279834
24 -57.01734154964804
25 4.058597559403074
26 -18.967852990676818
27 -5.893879506287507
28 -27.446082468323038
29 -22.18788182611166
30 39.76612467497378
31 -68.08698616023956
32 79.56006120800447
33 -52.63911298106998
34 39.030638477262485
35 -48.95239926126045
36 40.7494276061988
37 -7.6348394848754415
38 -34.629056971955755
39 64.87915375493384
40 -32.697629808129264
41 50.10996710401873
42 7.035831288627254
43 2.6870774715241907
44 26.324935319939783
45 18.713909400091573
46 2.790606968979768
47 44.01597073466091
48 -5.524917134258216
49 37.88321508594981
50 -26.867584431237322
51 1.7340343299763845
52 -10.220910807307535
53 38.49415274837872
54 -16.400903543372227
55 24.694070531129764
56 -17.375661916063287
57 -41.752832405080746
58 20.381338253920827
59 -60.34800734600541
60 29.578205989769767
61 -16.825684647405946
62 -20.353045140885513
63 -34.986316330593596
64 9.025876577525597
65 -56.44410010244987
66 -19.80958323702062
67 -18.34374869116715
68 -63.35151038295327
69 -52.11307284923062
70 -1.4419195338279112
71 -96.15029436764921
72 46.17312420576036
73 -32.116725953556724
74 0.5531438530164834
75 13.430467967204393
76 -0.903856507599252
77 21.272305245861855
78 28.522092143417066
79 6.6065953002759334
80 -4.619750075112762
81 56.674655006587955
82 -38.9783826569224
83 87.79677507971667
84 -28.1915370272114
85 10.312834313343194
86 -0.7203318558515832
87 28.696264735028578
88 -13.400916960840059
89 7.849308173607862
90 28.585691040283674
91 -26.525607293846853
92 17.248359831973413
93 -27.056796956051976
94 10.946731104648356
95 -44.81448275348195
96 8.80924438691955
97 -1.8101658603154243
98 -52.734583793708936
99 66.42511016622244
100 -23.634385843865665
101 61.908681377139146
102 5.875121756413617
103 33.43065870395391
104 8.121744270789836
105 59.60639485097807
106 -15.362096855462719
107 -56.68202132137175
108 85.26077500759853
109 -73.74880957283942
110 -6.073654960537641
111 -10.62341451366246
112 -7.241117048853706
113 -26.62998497962873
114 33.06258574151615
115 -31.913879374359936
116 39.10096458304825
117 -9.547469134126125
118 -6.22494985966704
119 29.087103202952054
120 -57.48947143504239
121 60.56926506306261
122 -47.92560651499453
123 42.94897406025499
124 -16.440023613883284
125 16.070754873318908
126 -0.33343976318421586
127 0.0
