0 0.0
1 -2.3015244310563467
2 8.197062541740681
3 -7.03618831629514
4 6.491580795429085
5 -11.111053702814482
6 -9.325308457344402
7 -3.946287320119981
8 -10.736355066085542
9 -22.64620354745849
10 -2.817279773551531
11 -21.928860288164007
12 -44.14892128986602
13 5.882673635711963
14 -43.470591462657204
15 -73.6864950498388
16 10.600017522227901
17 -20.58420612877337
18 -7.959882256477757
19 6.4381803079982145
20 -22.233992015437636
21 13.842999631579266
22 -38.83534505886306
23 -13.151527399768073
24 -8.431402660175971
25 -21.479720134096237
26 40.341861445177656
27 -64.83645381117583
28 5.805454231979689
29 -4.642535050742158
30 -46.67122354674239
31 -2.6138114576490916
32 -7.901820799526038
33 -42.15212180113244
34 -19.61417349251865
35 -32.336591440586
36 -26.046480882268373
37 -51.131637540101195
38 8.757175520587205
39 -12.844524309562942
40 -14.251019263611031
41 26.774349134239884
42 6.3891375665521535
43 22.933359901357043
44 27.97527325832389
45 16.020339800860285
46 37.008768157154236
47 27.912277549567552
48 -30.82710868267113
49 24.73174425500576
50 -25.20731186109333
51 -10.411339521707676
52 -31.90890771982369
53 11.889719947925675
54 -49.486637108082036
55 6.145321824571951
56 30.86041190844049
57 -2.592421006801664
58 43.101148329096475
59 20.933905328938494
60 1.9894628133536314
61 6.438346188301102
62 -0.853372301647142
63 -8.042599940748604
64 -57.434978779263275
65 54.59460445812426
66 -35.27639003309259
67 -14.077732804012388
68 57.71401160100932
69 -34.269746875982996
70 60.76397994092977
71 -16.04681548934465
72 81.35469053218121
73 17.447205640298133
74 -17.23199293763888
75 46.0531741074473
76 -35.987561049532395
77 -13.471076595052944
78 7.761724538110009
79 9.893444409693885
80 -12.443755724687234
81 -12.737074886652836
82 -1.4013171106883018
83 -26.9000415786279
84 5.1557008025429285
85 2.0636724372328454
86 -5.210310758323368
87 3.9434691606945993
88 -2.481735956586068
89 3.979456625954136
90 31.164202248608724
91 0.12867061618903763
92 -9.67928717753585
93 36.289641471362124
94 -65.60444440075123
95 0.03704483173685183
96 -38.57336864117501
97 -45.23427631987492
98 16.270948807153538
99 -66.05279217316442
100 20.330690936441133
101 -12.583097484599424
102 1.4996449965826508
103 33.36073783735041
104 -0.9651796375868609
105 11.965782966340965
106 -6.08277486303601
107 9.606536203934917
108 0.07721935900895359
109 -35.752335380269066
110 -14.675720564784932
111 -36.62843489519164
112 -29.47334161123062
113 -19.224590927790125
114 5.493308224281248
115 -7.633820796055999
116 -60.701821058862656
117 19.053422822314435
118 -9.499048650144726
119 9.348460679192293
120 4.839059624185927
121 35.15015592102215
122 20.85190961528575
123 29.96116838168202
124 -3.118009100897597
125 18.140340141872827
126 -0.10398132855645204
127 0.0
