0 0.0
1 -6.645894694057739
2 17.370037570056365
3 -33.200883335855906
4 9.166044007404116
5 -37.53842136023069
6 -6.56307918875453
7 -68.99129962821497
8 -13.65708942777481
9 -21.941287964971455
10 -125.34284084668168
11 18.374600490990893
12 -73.40621214957714
13 -20.756832219990955
14 -22.37423814330327
15 -44.64210413873636
16 -1.2213019176507407
17 -52.600007887181334
18 21.35372443603475
19 7.495503854066788
20 -31.686620769971242
21 68.58307170422862
22 -71.91732728116546
23 72.01602930865177
24 -21.620925419120027
25 -4.919322902492371
26 38.120113916061676
27 -14.944514726143977
28 24.28934760705826
29 -1.7971129489719748
30 40.68952378747926
31 -39.558083544420754
32 33.98947382569992
33 -9.128715983868776
34 -0.9342504557562993
35 16.70530174264814
36 -9.364574553196414
37 20.315791753046163
38 -71.13858769106277
39 74.24881725859541
40 -59.835528443839515
41 -8.222501639027232
42 28.412875223080714
43 -19.53447352669132
44 4.3277211464448975
45 1.8645754966006298
46 -16.561410315709935
47 -26.047870282916122
48 -21.523268014850842
49 -3.78817826603086
50 -16.92323575958784
51 -14.396547216191676
52 47.32131573450172
53 -26.932299674779188
54 21.168210333138216
55 59.93559073820117
56 -15.295513041314317
57 53.75431315391994
58 37.946863009594225
59 18.123849843760286
60 35.6653957228441
61 -17.84600129956316
62 11.962963259522503
63 3.4850745851895235
64 52.059919703395224
65 -3.9433160487767824
66 -3.6483852651188426
67 -35.36233383479947
68 4.844182612623369
69 10.252883823214557
70 -56.67464310341487
71 33.67855493990246
72 -50.18944205463624
73 22.04972937784107
74 -27.702282322944118
75 -42.95956534220036
76 3.30403088601576
77 -77.06421050344525
78 -21.60685259636419
79 -24.951744945519877
80 -74.43911196184148
81 29.336998040938322
82 -16.601512578291327
83 -24.17968632239359
84 35.217545750263874
85 -51.122566174021635
86 46.04544062592185
87 -29.39121576146441
88 14.008728281644144
89 33.79488782775684
90 -29.23634353015577
91 51.54715329607414
92 15.773251436813226
93 -6.065154043302022
94 51.744271620163445
95 -40.123966997114
96 32.5036541489325
97 -34.69377782429052
98 25.947642003020064
99 -3.374259937202984
100 -32.925946829331025
101 33.244307640922024
102 -77.90761571417065
103 55.029087153768565
104 -63.89909097641557
105 17.352727187895546
106 -10.385817290485168
107 -33.80226850456066
108 33.685711346777154
109 -20.101228576037364
110 24.437292190401994
111 -8.00478801009875
112 -9.71406339805009
113 16.878343654335854
114 -3.651302265030172
115 68.0146584006626
116 -32.620949349961116
117 97.48938456523584
118 -32.80428460222259
119 75.09227044243949
120 -7.1607373766148
121 45.42151757739653
122 -5.9897137909513685
123 45.27772453385474
124 -4.581328804527708
125 11.898605722462955
126 0.33229867985160927
127 0.0
