0 0.0
1 -2.601137839717324
2 7.878676684745118
3 -13.15670113677556
4 8.744835710180476
5 -35.85593257803579
6 -0.11780975224248232
7 -43.37841546255872
8 -2.7193841377468986
9 -16.277777180393812
10 -70.94818063003098
11 1.705976760063072
12 -43.29521804447636
13 -44.42079508683499
14 3.0793363038143013
15 -21.689763512519946
16 -2.001760536948778
17 7.637720529277063
18 -22.13905140592602
19 -10.854115766571717
20 -2.2551706627041233
21 -2.8081262265561056
22 29.230618100001518
23 -24.418743709067122
24 19.095512516468027
25 13.4883984401053
26 -34.64229132914911
27 55.55075328514729
28 -82.67795872197651
29 39.68825673790654
30 -30.94713916680876
31 -5.285820073129545
32 9.035500706814465
33 -52.71679411912068
34 33.97942101157626
35 -16.167027926944215
36 69.46071822198351
37 -3.8595705778398575
38 33.08353557813329
39 24.179629248810787
40 -19.68926959118926
41 -27.274647807387872
42 -1.1953556515720243
43 -51.402947062721545
44 -11.48825196096991
45 -6.689766858173939
46 -48.5767658244961
47 46.9296215356096
48 -35.464491903096594
49 -40.36961458524315
50 12.684048493472659
51 -10.90971767365631
52 27.39395384072534
53 20.74320861273951
54 36.067570741131135
55 0.11758363885788642
56 14.217996339562198
57 24.886495043048846
58 -18.682899402894964
59 78.66053351341945
60 -29.27679613522869
61 23.039159029194323
62 -3.2140751221059634
63 -21.798714177950938
64 14.484494387074383
65 -18.427538744347075
66 -23.713295342885647
67 -2.0222998455015797
68 0.8862018904225456
69 -40.47900978477025
70 0.30454915909221475
71 -17.062089775971508
72 9.382942020005359
73 -18.913382837111318
74 62.53599649114693
75 -13.00419956444667
76 -7.875603050437481
77 39.97525509203044
78 -33.411608761438174
79 39.43097078145305
80 -15.438269213022851
81 -26.56041500726082
82 44.8659906423259
83 -18.337695410309948
84 53.27947694680467
85 -1.7812187490684548
86 -14.540614246494881
87 28.219343450177288
88 -14.029640206120488
89 -3.7424623962734715
90 4.237862430956851
91 7.606763261588992
92 -7.935450810415305
93 22.737913652119076
94 -32.72606632811967
95 23.9666785910331
96 -36.51770440026499
97 -24.27344872918609
98 -28.5751411487135
99 -78.10262585589614
100 37.300106886231504
101 -70.69010854685752
102 -16.367435114420598
103 -17.29224004881818
104 -42.82523231582604
105 14.317652997689494
106 -86.46569057263095
107 33.17839828221782
108 -53.941140050660046
109 18.78760480197758
110 15.88457780541959
111 -13.632250671077268
112 3.602264594851084
113 20.36264199131521
114 10.170914756977936
115 22.41701832705069
116 31.033811190508494
117 20.049563980429475
118 23.075127600404954
119 39.898491518479986
120 -26.633132021259367
121 75.69847542410132
122 0.14219003049546314
123 3.933118465595523
124 6.5473822246115665
125 7.995501126831788
126 -0.5031024382156282
127 0.0
