0 0.0
1 -6.073848014056508
2 7.498486088238286
3 -30.597768322067896
4 -12.117718390268454
5 -30.795841647786798
6 -27.963492502419236
7 -25.495166619954134
8 -3.7103994657102795
9 -4.4592023337109215
10 -37.747637347234985
11 58.098390706565354
12 -67.06112256007034
13 62.220665102958066
14 -7.898535750549361
15 21.79924995010025
16 24.228321106662786
17 43.00860647408921
18 52.002814779437216
19 10.696110671143453
20 71.9763635673134
21 -17.933937503247996
22 25.790294103382656
23 31.674168833860833
24 -8.807068525406974
25 3.239289630480351
26 4.611184523346777
27 -14.585135348175768
28 6.8307162978995
29 -40.87314782787792
30 23.149610824082536
31 -31.812454542266636
32 -24.30990185769693
33 2.6529274986527662
34 6.9036300142462865
35 15.008026032998835
36 -43.43018081084716
37 48.821947182810355
38 -70.4794116760571
39 10.677738425658182
40 -71.78650369530634
41 -30.036512195807802
42 5.72112422564099
43 -33.02905344366832
44 -4.225901519561159
45 -26.630413427911147
46 -3.143288105095872
47 -4.068631829151174
48 -16.340404856700275
49 23.384516041995344
50 1.6564649453375833
51 -49.49159000213539
52 89.8317311247693
53 -78.91786886228807
54 59.3215329281823
55 -31.96393583979135
56 49.98585059076098
57 -8.267196781640456
58 7.44959865824539
59 13.309491276335631
60 -7.596597285791244
61 -0.010618717732130366
62 -31.061299996213982
63 9.775350360755366
64 -19.23841523509698
65 20.337425837633578
66 -37.47261552588455
67 -10.808913881447245
68 -18.881315668506065
69 -33.393680017901445
70 -21.08408142949417
71 25.04352384232392
72 -58.74798649068729
73 105.94432797824474
74 -47.28068946364672
75 87.18139387417948
76 -14.183968585695647
77 30.51335263537567
78 19.23689571402906
79 -5.40804625569856
80 33.058630826296636
81 -22.93728563033169
82 27.43405721852984
83 29.926970109613663
84 11.589286372840455
85 -26.372022016887048
86 59.38920321064264
87 -68.43636782228066
88 67.75556046645082
89 -17.58109838609481
90 5.34240513200395
91 -16.402206766296988
92 10.886672634035737
93 -22.578473596946637
94 -30.173814538524653
95 4.78509596983275
96 -45.049459885901946
97 -3.3901675769837536
98 3.968710369332109
99 -20.32525118761061
100 34.1643374578224
101 -29.316471305266706
102 4.63868391704722
103 52.23248507408997
104 -30.50682834747185
105 45.20928609379416
106 -37.567513141704836
107 53.703271205014744
108 -6.333982292369266
109 1.2659741971044183
110 52.3410201440086
111 -41.25555829448462
112 43.081448610012224
113 12.409731753962882
114 0.496813929667243
115 28.695620270705668
116 12.320614541722302
117 28.62072074870702
118 16.245914224840767
119 32.54681759804145
120 -40.63645476671061
121 20.435786738668764
122 -34.97191957325688
123 30.43329916062866
124 -14.00261412864945
125 10.676461885368175
126 -1.432092254732214
127 0.0
