0 0.0
1 -6.004425829355843
2 19.757726609651257
3 -28.50807585899822
4 6.6291327170614505
5 -28.233285118557404
6 -28.45202283658539
7 10.29487260260841
8 -80.95418486623637
9 14.464541193243402
10 -44.86851824626661
11 1.817626180417661
12 -61.74949198323145
13 -21.78249617018545
14 -19.090434554855936
15 21.738665995499325
16 -54.55375099119656
17 43.62490097722947
18 -60.69860379566786
19 35.39044471803997
20 -28.759059175269677
21 -12.582946077358441
22 17.962747561747992
23 -25.315993008655536
24 28.093051539198736
25 15.631473942055798
26 61.50645733256703
27 4.47944568014782
28 71.9294944654862
29 -7.380883264879496
30 4.815053338151938
31 21.466630078762872
32 -70.43847615801829
33 40.43742112026989
34 -115.8057054952795
35 9.774816528872474
36 -101.76688618095957
37 -25.460574277758955
38 -35.8376287162475
39 -55.9686750374002
40 -12.534881538255263
41 -61.98610689851222
42 -20.053490094588053
43 -27.552237054390673
44 16.157942585350288
45 -2.1526730997755896
46 37.3272635852486
47 10.610641674867466
48 23.60973791585154
49 -14.445114266251487
50 -13.211746548802571
51 17.715897363966853
52 21.837992238852294
53 -35.35672574756295
54 32.71198241147778
55 -8.159419644264629
56 59.33736094626628
57 20.898655792740808
58 42.08813579738105
59 28.291998386465952
60 65.70623493516521
61 -23.12296737448452
62 33.177523155643286
63 11.475590571186537
64 -36.60128856751522
65 40.27098805367661
66 -41.04315209073991
67 -9.095746624271353
68 -70.15127807259482
69 3.8176780766577694
70 -22.568662015554573
71 15.015720188577824
72 -19.3502067433173
73 27.277323941025934
74 -17.410078682258664
75 19.88620130960638
76 21.76298841314565
77 -0.1485017791305446
78 17.214842974595935
79 -4.549378512739265
80 -9.270754660872804
81 -25.694964351309906
82 53.629150503051115
83 -57.030817268354845
84 61.49950892356827
85 -0.7006783102620999
86 15.05573854706119
87 -16.61019762809672
88 -15.86073242706263
89 20.39979070729153
90 -38.87303409010952
91 53.402045537352244
92 -54.873137332679526
93 2.567255916012378
94 -15.51723380598777
95 -69.4735510239891
96 28.649030492355834
97 -52.22907847364791
98 -19.755452316440277
99 29.42958770028692
100 -67.70962298619204
101 49.69877011308048
102 -87.82718845781113
103 32.873020127459505
104 -49.78516734737167
105 -36.766629827466616
106 15.366789280440852
107 -21.9432876114992
108 -23.18751575126229
109 21.194326101967867
110 -19.184621683755918
111 -8.296661193738801
112 32.59638308934495
113 -34.444631374796835
114 75.87746034839371
115 -19.7349195426483
116 60.437764552667055
117 47.001730632346344
118 -9.336770414845937
119 45.95652686105787
120 -6.454112042391603
121 49.35392468326289
122 -3.5014958893009887
123 33.02429427529182
124 -0.6127873272758013
125 12.153754798957191
126 -0.02426100798898555
127 0.0
