0 0.0
1 -4.033121420590221
2 8.46742603905535
3 -13.3100546537552
4 -2.1262795339502594
5 -45.68686033949565
6 6.163681963394683
7 -38.816811788077075
8 -23.692158356267274
9 -21.668117216726287
10 -12.791186373696084
11 -44.03840165891265
12 -39.916119372846666
13 -22.14175717333878
14 -62.48013765045091
15 -49.56370174771533
16 -47.58346755725341
17 -45.94661632313645
18 -46.713935451124954
19 11.7308738181433
20 1.2284173790523865
21 -29.242754599075557
22 -5.032092570374289
23 23.035707081468573
24 -23.2011874594406
25 -10.070366831397168
26 20.677253620033024
27 -1.2009103507853094
28 25.430608279298223
29 35.02696599675013
30 -1.5300180331438789
31 25.607158408819707
32 27.87952523471531
33 -0.19406350194324606
34 62.87552357233918
35 -22.03881667190712
36 31.329959015406605
37 53.20607017684566
38 -72.8000097913429
39 80.9878190974138
40 -64.19966342446764
41 -15.111177665266297
42 -26.68157452937761
43 3.102169873134108
44 25.394871972668977
45 -48.11867720778539
46 64.10916369196026
47 -53.153925674528196
48 17.13073691340884
49 -37.406081605276725
50 45.669684922097694
51 -9.474521300360736
52 12.100687638372532
53 5.946480615278957
54 32.56585086246943
55 0.5997861487842563
56 -19.991900066054345
57 8.543371438165671
58 -55.3227919629827
59 29.96845553272131
60 -41.460205086644116
61 36.44212628772052
62 4.898892066672935
63 -7.39609508883787
64 -18.139244234851382
65 15.101839073196391
66 -78.7938115540838
67 48.840737385225744
68 -40.50779986122384
69 17.48432141578732
70 5.987027389439797
71 14.788605838638336
72 14.30573166122327
73 -10.795825746300405
74 -9.637751334086662
75 -5.814459889335678
76 2.928690149702578
77 -33.884714463925164
78 19.40521705299074
79 -68.81372664475113
80 51.32347795622383
81 -54.08351063040503
82 25.01750706896715
83 -53.136262466427006
84 25.90373354512225
85 -55.85460326801343
86 13.129759172309184
87 -6.0168237944719305
88 -1.4476237140798336
89 -47.103893306088864
90 24.34997960655816
91 -41.097069713921805
92 -15.766591929125461
93 0.8012248985849386
94 -27.448751430807768
95 12.305967371828654
96 -25.888774670024503
97 45.47667818041251
98 -37.791198749215894
99 94.85297887229237
100 -81.23768241281002
101 114.21580919743414
102 -50.2860313083256
103 65.59231190674306
104 17.68355308840906
105 -28.16820740634924
106 52.739768553625645
107 -42.641237254208384
108 47.20718237495782
109 -14.869668138578541
110 35.20309286234855
111 -6.528789177829142
112 62.475547324774084
113 -19.221563810939678
114 27.123935050454964
115 4.896452280991103
116 5.418275067817779
117 36.27661878772709
118 -66.06559512512038
119 80.11574295500019
120 -57.952552951457946
121 52.721662834101146
122 -14.1902218630636
123 41.12913561761888
124 -0.7109670371210404
125 10.531367597654729
126 0.5238615877851508
127 0.0
