0 0.0
1 -2.8749451260401715
2 14.087871399350288
3 -2.3058975045789656
4 7.436678914949768
5 -3.0232995338187454
6 9.974700756418738
7 -29.68207611567211
8 31.45003998274872
9 -11.475367499474835
10 -37.34231397110164
11 18.26953278715409
12 -25.997375859627144
13 -36.18698384153023
14 -22.80560271161577
15 -31.534418230597666
16 -57.871845799921644
17 -19.561814879450356
18 -63.93141811516586
19 -36.75201718928831
20 -57.20040477173403
21 1.8438587707033878
22 -53.95509136237285
23 -11.24171165906571
24 1.0337354982868943
25 13.829450087110478
26 -1.13247067269178
27 12.656116216688654
28 -8.213078725362315
29 30.344130324336778
30 -3.780529683486563
31 25.638394007630797
32 7.600912029927223
33 -21.09058235697096
34 24.26019213673645
35 -16.273561937722363
36 6.818666122115595
37 15.861272430061486
38 -4.8881377082358926
39 33.59114639011575
40 -12.75409694787792
41 10.62279864630497
42 -17.45932884519202
43 -58.83689368157545
44 36.45156474868012
45 -47.77488168294626
46 -41.01108025729885
47 31.29028106200662
48 -56.24095773149053
49 21.413672006656935
50 48.17011516189159
51 -16.817703902179563
52 63.64120459012864
53 -32.10306038622221
54 66.53755681339695
55 -34.1561207491905
56 23.521134092773153
57 34.1465224643559
58 -27.626105380077888
59 41.423449996791774
60 -18.77227044549857
61 51.05180715366518
62 36.64427393037305
63 -8.606401717268415
64 28.2994837992098
65 4.132648953040711
66 1.2473518603923501
67 -6.134034940654283
68 -40.9898853284259
69 -15.441652720587907
70 -20.38919397577352
71 -25.10082998648645
72 24.77486214824991
73 -44.60933753488183
74 -37.4207136803915
75 14.778766294640086
76 -90.31837260754507
77 -0.6801076812275098
78 -83.07298056132242
79 63.23145912387431
80 -52.767864403085404
81 32.92338488174761
82 11.513349680551594
83 -43.64130080345707
84 48.39696860655747
85 -80.67087220987337
86 26.588575236361486
87 -26.006823596017647
88 -6.175371639068634
89 31.608294667792414
90 -25.99752426450769
91 36.357429276105066
92 12.677662104731937
93 22.080262973757527
94 63.958737257079086
95 -4.29857373097444
96 63.65072518901136
97 -1.69568096144411
98 65.10644117893516
99 46.67660836960027
100 -6.249155737703115
101 -4.263309559666
102 25.965621038716694
103 -39.322496171069425
104 -20.366892441498965
105 -27.07647436997524
106 -23.53845963764617
107 -14.273542628970082
108 -12.14499600006239
109 -9.524971243609537
110 -25.76441966975797
111 -20.48994383688088
112 -19.382560305351156
113 -16.522418504092876
114 -81.22439032577049
115 45.62279028192126
116 -102.327884432566
117 58.46399660642848
118 -50.705394762952984
119 -6.6075324074150315
120 -14.078533608853697
121 -1.920697839016208
122 -5.570660848366087
123 24.525263419010734
124 -4.093508696811253
125 8.272776604884768
126 1.6996107763328534
127 0.0
