0 0.0
1 -4.5772765861650875
2 9.846379609650489
3 -4.134067419984121
4 -17.644045671231105
5 2.75592684192525
6 -44.64157337014157
7 -23.19869506589999
8 -84.57880914161368
9 28.120378304882614
10 -85.4153153077243
11 14.935522147726827
12 -64.58968378739006
13 -33.63103503799905
14 -28.254300768644963
15 -16.665429717833184
16 26.949967652565977
17 -21.37925758753298
18 50.88681008770566
19 -30.9130271787428
20 51.29730189315964
21 8.655241772508207
22 -2.283472838404257
23 31.492430719772653
24 -14.652427729165922
25 -2.1684147359045114
26 29.980253338268223
27 -18.748930621715008
28 1.7661307661899912
29 -2.7751071237967038
30 19.714984934732637
31 -9.654545690542095
32 14.954317388451576
33 -15.282659346215839
34 29.466453161949325
35 -13.296542422627045
36 38.09824584853531
37 -10.312309914657506
38 14.140000004919798
39 -26.623967782795585
40 -2.141531849984789
41 -9.538679612409464
42 -53.62876214956132
43 57.924887032586945
44 -47.385319102401425
45 44.99638393867945
46 -51.668775593037246
47 1.997797188703957
48 -32.15981671340854
49 -22.048893665585737
50 -12.553170054419782
51 -5.106355153453593
52 -19.71785776112161
53 18.9364254148371
54 -23.784895829534133
55 28.892855865497516
56 22.699513836135882
57 -22.725415910434492
58 7.273846035647036
59 -16.868201304446142
60 -2.0776615531542273
61 -12.409940176749064
62 21.484038089348626
63 13.847206789494594
64 21.77222684597086
65 9.15136785281966
66 25.38938251513988
67 9.846753897001257
68 35.247954590329705
69 -64.06574942425893
70 63.28892291780327
71 -39.47796060852419
72 -4.484123657123601
73 -8.188725492100508
74 -23.26168508061427
75 -29.585517660347556
76 8.548164750481487
77 -20.53957264283016
78 -16.635332811989294
79 -15.19152041070138
80 -7.233010589878113
81 38.870292729821166
82 -42.217993384932804
83 38.21867167966366
84 -30.503394755744488
85 -2.271180940033175
86 23.421237123990608
87 16.90300525025828
88 -12.138684665627506
89 -10.498234763989485
90 30.36959124528672
91 -6.667815184750025
92 -12.73211512090149
93 32.819293984311706
94 -47.5694434912092
95 -14.257467681147606
96 -10.21333862309941
97 -37.38565183563871
98 -16.08122443780996
99 1.8444245754740052
100 -31.645079635420693
101 -32.33314535366952
102 3.9655678453660834
103 -7.336511560266128
104 2.6860535945813595
105 -24.547020020749343
106 11.87757181809995
107 18.73235583977554
108 -26.167180677962495
109 83.44279729258844
110 1.3443949623119769
111 38.57002183201301
112 -0.039851404192194975
113 -3.917403748757888
114 -23.464839419762143
115 -38.794268123247704
116 -9.744037126218242
117 -4.618857023646756
118 -27.00261101166806
119 57.738038925958286
120 -3.3838216920539224
121 21.086386548870472
122 14.293659912892531
123 30.906944124408806
124 0.24591781828566822
125 10.268255726194427
126 1.549923652255454
127 0.0
