0 0.0
1 -4.879681430238128
2 16.3165487989322
3 -21.648217692339202
4 -5.604495064124505
5 -8.789071743377093
6 -33.26027804894931
7 -34.720568380181405
8 -55.06373640566386
9 -54.45853734884981
10 -22.02769147610287
11 -43.42743276680311
12 -15.639978200726986
13 -35.38391787731733
14 -31.722753233479185
15 -7.9659465521574875
16 -16.76425485690964
17 -0.6089199851533473
18 -39.702876770688384
19 -14.379842855116294
20 -22.06592767856114
21 11.434263523861661
22 -28.661761260752474
23 47.31698929912682
24 28.42234905728109
25 -18.07714367717875
26 61.24700047244281
27 -14.37670369359774
28 29.88366419776239
29 59.83818664104681
30 -0.7745501037400266
31 82.61530483925046
32 7.173972869523766
33 -0.9522846873299681
34 12.785744522818122
35 -24.93981847038443
36 45.92454704699403
37 -24.327660183105074
38 25.842325685940594
39 2.8498413302472825
40 -37.50401567817963
41 15.197428142809716
42 -20.675573932607758
43 27.28961436009084
44 -3.6052077511612812
45 -6.167733679742328
46 -21.549293010886004
47 -58.75120784988487
48 -3.1690224662476334
49 -63.900094587556076
50 -35.5087127205893
51 -28.161146331706085
52 -45.52833755211705
53 10.121304002611673
54 -38.365435511439394
55 27.317738774650156
56 8.739402049789778
57 -2.345934122674036
58 32.77596570324082
59 -8.308350018956597
60 26.783213100397564
61 25.060927328789134
62 22.752798737554972
63 20.016396037971838
64 22.272929723853814
65 5.179593031201553
66 33.350432462458606
67 28.078870791397613
68 36.38404517196173
69 35.065753445738366
70 9.120654100056475
71 35.76680494007867
72 -14.781613127449647
73 39.67905150473673
74 -20.12870915181635
75 10.239560470708996
76 -61.863307773855695
77 11.273553297287398
78 -45.315677283422524
79 4.683481380767315
80 -43.36939090568651
81 -12.468997054502061
82 -27.378669425824935
83 -34.96696556106456
84 6.6738819970013585
85 -30.670991032414097
86 0.8929202580055159
87 -4.529422113859763
88 1.6228270843705916
89 -18.584336762652665
90 -4.783359224183344
91 6.461092322470614
92 -17.362751010341807
93 11.525189178680224
94 9.208964101970455
95 -34.498583580250404
96 24.769838086225473
97 -29.136706697913798
98 56.49318416370097
99 -72.32449015187674
100 71.51022652844638
101 -37.25943923483779
102 0.12244390817784376
103 -36.43651557296326
104 -4.196132421326643
105 -6.569299636772582
106 -49.03111354563346
107 -1.4971988022597806
108 -59.36409185950611
109 17.65561974717685
110 -82.06624238319527
111 23.062390245508855
112 -72.40659202975337
113 -4.219482249703569
114 -16.07131791457369
115 -9.531003222314675
116 25.892199014135613
117 -15.018304219420004
118 53.92427906817091
119 34.18526735020896
120 14.066992180717275
121 61.85286275554989
122 -3.5565838350178574
123 42.85432005428588
124 -5.653189598390646
125 19.215637381290545
126 -0.14501087663666115
127 0.0
