0 0.0
1 -3.966397592047374
2 12.011736477147172
3 -16.4702417037003
4 3.8548577039963177
5 -31.803134052014467
6 -4.986134791771978
7 -32.71862816588733
8 -28.971187829146476
9 -20.06049323266706
10 -79.7087040081668
11 6.954646133598525
12 -61.3954867092847
13 -12.466409702708958
14 -30.14481239578421
15 2.6430999218869795
16 -22.009001999143518
17 -0.7632594648449652
18 16.086274087406686
19 -3.941403938161148
20 -1.1781072210335064
21 5.786866217098312
22 -5.336519993829691
23 -35.39178671110571
24 43.57264410043091
25 -43.369331038393085
26 19.591639504528462
27 17.004026946998238
28 -70.63316915827824
29 95.9858270731096
30 -33.87221149107442
31 2.709929186914443
32 -2.9987932836282134
33 10.158946229224464
34 -38.61219085308404
35 -1.8872354807472427
36 -8.100242785620784
37 -45.87145187009786
38 6.95597605306047
39 -24.900993503360045
40 39.792425778012884
41 3.6892147954899706
42 44.66340715413432
43 11.074022311580329
44 12.262351803545391
45 65.09035690901082
46 27.165233441275472
47 -19.320486707136002
48 55.2535447751102
49 17.885848361933743
50 -8.892662773651148
51 34.9493201314139
52 -21.52712582006039
53 -16.94409277519578
54 4.700151495075552
55 -26.556168149118637
56 16.959947605811745
57 -11.190936883504905
58 31.387986981891327
59 -18.10023454048479
60 25.485255282701786
61 0.412467371985882
62 -10.105667059688079
63 10.684301039195049
64 -4.504712499848966
65 19.961348646988547
66 8.239293809751542
67 10.083443100300755
68 -24.418888923205387
69 32.62155645296656
70 -42.72604116733416
71 28.97264712418728
72 -29.18735044034076
73 -20.81053824542716
74 -13.51303908927579
75 -6.268215653720778
76 -6.645588221969393
77 5.82700323599214
78 -16.22681413892486
79 -29.791717544008772
80 -12.149152805957012
81 -64.72302049494354
82 1.7129799521842135
83 -49.907883264726976
84 -70.07557735168987
85 -1.6046103351955634
86 -87.76190544065547
87 42.02974474789646
88 -66.37382299102833
89 60.167498444933095
90 -5.192408647492461
91 -45.74958904425418
92 73.60312539686244
93 -53.68961391176842
94 54.585901042550525
95 -67.17423238114405
96 56.99730131054159
97 -35.63204236519122
98 27.076678716442487
99 12.408797326319885
100 15.834581219254929
101 62.87669430845019
102 -40.77693209748697
103 99.96402390974711
104 23.10640239711046
105 26.78181671990589
106 46.48985317492669
107 -10.42307939873282
108 43.10769046987452
109 -21.73060034531422
110 26.894847047729563
111 -31.54658688600721
112 -31.55738943819212
113 22.141754591663265
114 -81.11247535008283
115 49.953161337345755
116 -111.66203086093418
117 30.87099205288675
118 -41.22905696940864
119 -5.3678153659011265
120 -56.65244314734074
121 58.484393977123716
122 -23.715631419580404
123 20.42027604645451
124 4.295804740715368
125 7.887977395447509
126 2.6518544786437523
127 0.0
