0 0.0
1 -4.5312893218994
2 12.291613965823503
3 -18.633491069448677
4 22.1652349019629
5 -27.49338396485074
6 -1.324913317148517
7 -24.9042339609782
8 -35.88515491069699
9 -0.821233215678833
10 -33.53310104807986
11 -32.072571529404996
12 -43.561698597891336
13 -7.461167601122937
14 -42.8797820619985
15 -11.260343550058549
16 16.854447877951255
17 6.945673323393805
18 -21.349428149751574
19 52.264624811235244
20 -13.225331984521684
21 44.54576026752839
22 -2.228359120689103
23 -25.280069531433767
24 32.43375835197351
25 -56.4087866626716
26 -5.55172327168203
27 10.467273351132482
28 -47.895313332901836
29 -7.554133137839124
30 -14.816130943624279
31 3.9959049670805014
32 -12.584129563504757
33 12.94563601615826
34 -59.101162914730615
35 15.095241457001846
36 -30.186960186606502
37 7.28902679790597
38 9.2194516729132
39 -5.828384121363835
40 -17.20729105083506
41 1.301258117435607
42 -4.226877867891744
43 -4.595282126740059
44 13.322498855523678
45 -46.733395697859095
46 21.01483960174506
47 -43.586822298519245
48 -21.295427938820307
49 15.344638064283087
50 15.614543116460467
51 2.3083081278937554
52 21.203683766302774
53 -11.36670831062013
54 63.727335854761414
55 -59.5413854069421
56 44.89680060991374
57 -9.311683642041967
58 0.6894494242931609
59 51.54254560628053
60 -39.296302796464005
61 38.02966821480773
62 -93.97352610759368
63 -1.7370112824076114
64 -11.502486984777832
65 -37.79996503634757
66 -10.869913826660884
67 -36.850470111494246
68 -17.47100736448255
69 34.285156461543544
70 -40.81799861828282
71 30.810957221459443
72 -9.428904869382746
73 27.51040551186482
74 -29.103233243016966
75 24.125117266785598
76 -20.087488829992775
77 -34.11544111842187
78 31.06064289939934
79 -71.58154626312646
80 -1.1470521759510848
81 -39.52075200166051
82 22.25170722225267
83 5.4612955338854245
84 -13.424914869933339
85 6.78028270746396
86 21.796694453757258
87 -18.356330864880036
88 34.0065523997515
89 19.214492754772376
90 24.6846943064371
91 17.41530023785463
92 19.927475243477
93 5.669504314866536
94 -12.683667033749572
95 66.38286507309442
96 -63.12434912125722
97 45.376743152211816
98 -20.523227363417977
99 -2.31269078025429
100 20.927198365015375
101 -11.116417604554666
102 18.411856204726696
103 4.2046799890038855
104 27.029906292944716
105 44.81138057323234
106 -21.612661804863098
107 55.961953708568174
108 8.862771310398813
109 -40.63378097960989
110 33.30585722085675
111 -55.462887974350494
112 47.18698119942094
113 -69.0410497173642
114 43.71451840951297
115 -63.891731616317756
116 18.445181956311174
117 23.164838162219848
118 -50.79364560634891
119 40.79541343327187
120 -27.233525878319448
121 38.42590339881996
122 -20.623754528896555
123 39.79504871262768
124 -15.42631995768413
125 17.13360840181525
126 -0.9619484882207763
127 0.0
