0 0.0
1 -4.4476372797085615
2 12.221663775893576
3 -25.958271051652048
4 19.088430320548824
5 -69.60541665330432
6 -5.184914376712931
7 -30.877650978387226
8 -53.11728191826576
9 31.161370958651638
10 -34.6272559350621
11 2.1620372933166347
12 -7.166873305842834
13 -19.189661020566263
14 -7.205766384719616
15 -15.530835788717503
16 -19.666804947514656
17 32.07491078474204
18 -81.93225475636007
19 36.77546745717188
20 -54.74325409951535
21 5.3023373384700125
22 6.297275865327423
23 5.6165762856339825
24 -17.290124486487862
25 7.682575606331281
26 5.579533109008887
27 -47.2970200291475
28 56.272409146728904
29 -92.99511999024392
30 52.58742617343432
31 -50.7493805074545
32 3.4883501567122335
33 33.925252909658155
34 -47.09386105254642
35 96.29789365181995
36 -81.55973426928624
37 35.69898006562697
38 -32.29753661291945
39 29.655231467996494
40 -21.8195767354691
41 -3.483908020830733
42 25.283042414292
43 -16.90245517182001
44 28.97574271844729
45 -7.205065541476759
46 46.21589593824154
47 3.868339247980892
48 -26.275797677140826
49 31.965072358792778
50 -7.644840953918772
51 -0.24434314490572387
52 25.618079053137485
53 24.431968397948676
54 23.052206264383866
55 3.8040320268797325
56 28.913719716473384
57 -14.78352718907447
58 49.22833701589763
59 15.837522524571805
60 17.806188646351924
61 40.07898745135479
62 -24.45895029996862
63 -0.6411344003250493
64 -28.824162534495354
65 1.7189197480402012
66 -18.080253607138616
67 3.97630929165124
68 -26.626960163088402
69 -10.172103148453498
70 -8.451600040329712
71 -9.377784482598807
72 -29.34129988213793
73 -27.50986023048385
74 -61.62862153943572
75 -27.718965487329786
76 -5.7858001009050035
77 7.9248236122983595
78 -10.634992474822793
79 13.736636356569942
80 12.584365020339732
81 -10.532825187967209
82 45.70172962871765
83 -45.322554710824065
84 -15.11022586063646
85 -27.08659413943615
86 27.21307132762669
87 -23.622391300427545
88 41.79052740673597
89 -1.0293613590179416
90 1.3466508937483763
91 -7.502573544271041
92 18.957897975636563
93 -17.68492801169841
94 2.0136728340701557
95 5.263165577773025
96 -17.123253200326957
97 68.78146510150425
98 -51.22160799772965
99 66.4803886657701
100 -29.01629831521152
101 -9.0837102186597
102 -15.645174928486002
103 -37.05851235311008
104 -35.57383196014456
105 -34.3708718195844
106 15.989695989836084
107 -70.24059253745735
108 1.054747087075812
109 -15.804082948890047
110 -8.663109800825838
111 -28.25757369927904
112 23.124319791492535
113 2.3054374392931467
114 19.295435685888393
115 8.574155930241144
116 12.85868209466612
117 62.85631756334598
118 -44.556062156093944
119 87.91850484165072
120 -37.65523689549911
121 74.15194070376535
122 3.995131168302915
123 15.510170352802174
124 2.5631960222828356
125 12.932268162110276
126 -0.25766429698400134
127 0.0
