0 0.0
1 -4.134164703333107
2 10.54425360355832
3 -19.088160158015068
4 15.099749318558443
5 -28.726062875342794
6 -9.191616540514902
7 -25.98993501087204
8 -33.672033583210016
9 -71.89747990317106
10 17.260494617037903
11 -60.09614916187673
12 31.313105308535643
13 -26.56275650960392
14 -10.1085400706437
15 24.327019749425602
16 -56.24214893789783
17 29.46365372294221
18 -55.77420674135128
19 26.853432423778955
20 -71.7966187377281
21 16.43472186529737
22 -36.482095644619264
23 16.869091055368152
24 -9.303296476283212
25 -3.291049764222354
26 19.95070994140264
27 5.8791817501813135
28 -2.101567625007967
29 -3.314802690705641
30 14.30398468258654
31 -27.861151482994277
32 -12.479053531786853
33 -14.782043111127315
34 -42.215129360559025
35 -41.07319331343458
36 -25.104799098461957
37 1.2375985126592002
38 -19.04616824289112
39 -28.794096516121815
40 15.946218336679733
41 2.0409076199541314
42 -1.9509207767249772
43 7.682874222549977
44 24.330235196693245
45 -43.56432515545762
46 47.744750321813406
47 -7.866197869091492
48 9.250994938337872
49 4.299771686424247
50 17.61257195746945
51 8.55608267082559
52 4.483645352613216
53 26.007334042793808
54 -6.784564300766243
55 -7.395471710864996
56 -9.663339670618353
57 62.77116870352335
58 -36.78472641770464
59 24.875590308338783
60 -5.3643892117856575
61 -4.4089536005139225
62 18.651531092387348
63 -51.312414995576454
64 38.61762031654568
65 -70.98688737703301
66 82.23558867255495
67 -26.48309013858691
68 27.82147683904439
69 34.34387354446355
70 -8.786553452296966
71 23.710645037643726
72 -21.886028602327656
73 44.40459510078529
74 -42.59288181415808
75 9.930955589648711
76 -37.287131818223635
77 24.182032095202768
78 -6.38212049033406
79 -1.710245951839677
80 -5.915354220989679
81 -14.648588653818377
82 13.806994352786225
83 -3.9471711481492346
84 -14.914884655340204
85 3.5872520496802323
86 -31.959939563015485
87 12.98676536111091
88 -56.87224221414616
89 33.197442430527836
90 -34.79929100081441
91 -4.314945222926822
92 -28.122766875926114
93 -43.55813205418751
94 -0.10527578067377075
95 -29.518792822762794
96 28.728394498649706
97 -10.749890201701938
98 1.7199948875271052
99 -44.89750948387531
100 62.66463159067942
101 -51.32439677826281
102 22.931973368752157
103 -67.2208332657051
104 35.27597639860135
105 -58.51065688660028
106 2.2509618415658363
107 -29.219620659535188
108 -3.613682099530418
109 41.27444695359401
110 -64.282961004219
111 81.0624283236404
112 -62.70821671594543
113 18.8070718771456
114 1.6550352260091337
115 20.650804524495392
116 -1.4263985161217512
117 41.633042884403885
118 33.62981152476593
119 45.420206570406435
120 1.8449081846336879
121 49.932588628431745
122 -14.679470473065022
123 43.36053578038164
124 -6.463621150353075
125 17.13571804483525
126 -0.643190484951522
127 0.0
