0 0.0
1 -4.5133849737665335
2 8.580853992915033
3 -23.98104862250925
4 -7.0469733225632645
5 -17.442102776853186
6 7.8588250552804935
7 -48.51033878051687
8 -7.1141561001366895
9 -7.844116684388136
10 -54.15213560283126
11 17.325549056852402
12 -52.95421915619922
13 20.23279313880893
14 -47.72630553422826
15 73.34778373336394
16 0.24869626626206623
17 -8.23517481841942
18 89.5691729568514
19 -26.667145910465894
20 66.80790701186416
21 28.417904866547264
22 -5.074959788376334
23 28.20216000455113
24 -11.266940239734886
25 27.933120352144844
26 -21.994537102680624
27 23.620806605706502
28 -37.83634280775213
29 19.721354448268354
30 -42.24333096676854
31 20.034214516841462
32 5.296238787112513
33 -26.731054424031168
34 18.32264394918553
35 -38.95412743775051
36 27.040117728027585
37 11.573964504642829
38 -37.379391316243506
39 29.223648422272557
40 -13.690812826722684
41 -1.5282440331080365
42 5.403751601965668
43 -56.05271165613133
44 14.417511214008792
45 -56.98075636387583
46 -4.1032898647117735
47 -15.410006747190932
48 19.414308011398443
49 -1.5255296334590411
50 6.232268117859936
51 25.32597243666363
52 -12.291392313135953
53 48.735949714612005
54 1.3616394896385495
55 -14.581655013352485
56 13.801305866541274
57 -11.372317235357913
58 -17.541655078781076
59 -0.7614699053274655
60 -40.850778821553305
61 42.13696531971145
62 -29.08115809720831
63 22.755186498337395
64 -33.808740135370314
65 14.838162890161058
66 13.778121935838195
67 -3.3729129126435873
68 -37.70338227711861
69 -7.214811668356611
70 -6.246924888463521
71 -33.550541209249
72 7.357381852575719
73 -1.2968968706107677
74 -34.260311080323966
75 -2.2302091072038004
76 42.015814774412554
77 -47.11852048178848
78 39.050406401697145
79 -54.525663328515634
80 22.84264418337562
81 -2.15573655228597
82 13.075794255624778
83 -17.494399449412086
84 14.760719946802004
85 -53.29629734637815
86 -8.093699231548225
87 -34.05541164473825
88 -34.48888190927306
89 -10.288925494557159
90 5.169708936348662
91 29.936947171270827
92 4.139120990095823
93 -7.905236656930889
94 30.34981560701379
95 35.89291155982054
96 -10.786189830017843
97 70.93273754449211
98 -4.852337301058066
99 30.274554778576384
100 -9.790208800226976
101 68.71215878683226
102 -20.240244399684528
103 -33.143381497361
104 7.630435472079833
105 -51.979212674776115
106 -36.06118053872211
107 -29.62263846810827
108 -58.178028074980965
109 25.403723194310608
110 -53.375061431245776
111 56.95625905045218
112 -15.87582323232371
113 18.797918853089914
114 3.115970972545482
115 -17.36123388697728
116 4.572283251635467
117 3.085612833908537
118 14.035662239748131
119 29.75713238418423
120 10.41647819801215
121 35.668149879581165
122 -9.462866655592588
123 27.41502563591589
124 -4.367445793706205
125 9.033032942394495
126 0.5825959615836565
127 0.0
