0 0.0
1 -3.7214583361711906
2 12.577983830216185
3 -18.860815567728604
4 -0.2758531520109805
5 -19.091667366641204
6 -66.70781506958548
7 10.145990451154065
8 -88.38960785571554
9 8.959593509691722
10 -21.881252543476453
11 -81.23168187866558
12 21.952004578708674
13 -31.826064223577664
14 -8.589294111280788
15 -6.692880004095654
16 -8.54935665672698
17 0.06312490575208551
18 4.474967039839566
19 -52.398038885092895
20 -4.708205626290414
21 -5.623425406679026
22 -70.28176675423579
23 72.16315892798134
24 -93.28272492240622
25 43.13122291177756
26 -33.08810912564606
27 -27.742841052952524
28 33.47642401596643
29 -40.440452910360335
30 30.40383218146311
31 1.295985278843327
32 -22.067225140585773
33 66.09303013881362
34 -38.40600386243775
35 3.3021840705928605
36 4.963937962477823
37 -55.99046858820183
38 45.16811601023309
39 -32.50618619278501
40 14.010197661717376
41 -0.10575194943155966
42 10.24382301073835
43 2.1207764649782934
44 -4.439608261435391
45 -28.533256661866094
46 11.05967496968093
47 -31.715361712495973
48 -15.892273398300752
49 -20.19098776743027
50 -4.928957824264272
51 -21.086863232689527
52 8.582053522462385
53 11.193116726521694
54 9.111723844309186
55 52.867169114303245
56 -27.644415050379777
57 87.91828390469543
58 -39.96449227571711
59 36.3732530765433
60 -10.9101943891557
61 18.95227868196841
62 -20.452847647805406
63 15.292845198811992
64 -1.9130517601205947
65 -39.44046165188964
66 52.35191960697103
67 -55.23292951136818
68 72.62198028523858
69 1.5358178502121338
70 -6.340867197078401
71 27.987983092543136
72 -3.723221408313342
73 11.32735535119114
74 -25.30134672404467
75 -2.3455870020255842
76 -24.268544307990066
77 -60.84088710536375
78 9.623213088584793
79 -43.102010107512115
80 7.693358455495505
81 -11.425746063209678
82 12.015204595723462
83 -2.001705387970828
84 -3.077226540747669
85 -1.9732957644696896
86 9.366127069201292
87 40.05433102712226
88 -58.87595346780764
89 44.094965852672416
90 -8.955281157470493
91 52.20787443245669
92 21.426405009121922
93 27.14099922755715
94 -4.512624464591279
95 30.77684979485602
96 17.20269315568982
97 -19.5584130966713
98 -20.89194781590068
99 -17.63870186894308
100 7.689924400214747
101 -110.90976206728878
102 25.485670145625356
103 -94.777240896238
104 -5.411607487849872
105 -37.01073401026131
106 -55.61722614191051
107 2.9608813787715955
108 -26.484541823810954
109 -21.58505024590447
110 -25.79664578476502
111 -7.851918357113138
112 -1.9548072031860984
113 21.652453747636454
114 -16.252166763604258
115 41.97402603606223
116 -23.32726934182859
117 24.89411848153691
118 4.036818228717288
119 26.89366330496689
120 27.913668423933643
121 22.03279117108321
122 28.080279240968533
123 20.642794831599954
124 -0.15275434652626943
125 20.13651014870036
126 0.0434176807931402
127 0.0
