0 0.0
1 -6.406559547918539
2 24.89331352566819
3 -40.962758739485814
4 51.496879814375006
5 -61.58209844481923
6 42.826318509960096
7 -52.65393335605417
8 32.58368170505288
9 1.5186697208083155
10 -72.54999014000629
11 61.93432122211086
12 -94.19005035642336
13 72.49328101397134
14 -60.61207418252961
15 90.45088857626284
16 -101.71994288830923
17 43.94126810147964
18 -58.67524844018488
19 -1.5739368709246224
20 -42.03094637141802
21 18.701380437792857
22 -27.14682639232916
23 -18.093264297368588
24 32.03668859535903
25 -18.405301405992837
26 31.229386169861208
27 6.998431584577292
28 0.7986742550580278
29 -1.2085292139251007
30 -2.5302551969581804
31 8.647148006728466
32 -5.608385249732175
33 -16.498737164428032
34 -15.33909914921327
35 -11.619447621265431
36 31.50616356698308
37 -57.06028958106413
38 24.683244740949647
39 -32.71953062437959
40 -11.10133394172952
41 -23.472173885444487
42 -1.8574113943672534
43 35.945747058323875
44 -0.12486803828776909
45 48.989631706499246
46 -7.985057612634122
47 91.82284970398324
48 13.32965632162494
49 34.96244048263689
50 27.97649129922093
51 -25.14960163614432
52 45.06542473321214
53 -48.989093956175
54 14.85737463433524
55 -6.064177508830974
56 -43.871792882220035
57 19.457653956365213
58 -57.01365090643287
59 -28.561264298896308
60 -48.74815206031841
61 -36.89574612698138
62 -27.81418470568473
63 -48.366321111794484
64 14.54570268151842
65 -39.98002673751716
66 12.078439004030615
67 19.7876962368585
68 -9.664576784714027
69 13.675930568337543
70 10.684737308857684
71 9.91418772950822
72 -4.217980585849279
73 33.480923783543815
74 -29.063358127027104
75 12.25567041941543
76 1.5499302127826204
77 -35.005930250117295
78 -12.761117107744296
79 15.034270032444914
80 -37.83148606350562
81 26.463321873258828
82 -43.89131302954333
83 -1.3266255522131252
84 11.71303206260315
85 -40.425854873159295
86 3.174046628508037
87 -13.240378460334613
88 4.531003957502919
89 -74.50210398308278
90 16.462993769616237
91 -18.072748843760603
92 -42.58089873516428
93 -12.701191252038829
94 5.825083018076618
95 -21.183799593945466
96 26.529001648883117
97 -25.53080237264596
98 29.612127790542353
99 12.625523065996072
100 -6.185227827010524
101 16.74414206623335
102 -3.3170694604410538
103 16.295893092202643
104 11.472396799053307
105 28.86943768198129
106 30.560190372839024
107 -28.261575915839757
108 71.1981643398401
109 -47.76351440867774
110 -37.317673196132866
111 1.7857472953534144
112 -69.90454302353612
113 51.77572791696031
114 -40.27625380028174
115 49.95380673689771
116 -58.4780792408989
117 68.74779784196643
118 -57.874801184859805
119 62.67926511205524
120 -16.661052018530977
121 35.396085633975666
122 -32.10490243620723
123 47.69743545523219
124 -20.8038467827124
125 14.969135777294664
126 -0.18027675812820804
127 0.0
