0 0.0
1 -3.6170207817761284
2 6.628023607896706
3 -15.201708665350527
4 -9.376576934118708
5 -5.043736795202784
6 -8.733810384942634
7 -20.811138175693735
8 2.8432025461168102
9 -21.946295314663722
10 -19.95072320757964
11 -21.625941216547492
12 22.38632040297351
13 -97.78128352105583
14 25.46893127348529
15 -66.60976461310781
16 -10.396426609361543
17 -38.63351222708889
18 -9.40336024412549
19 4.769963795958102
20 -42.97465204257363
21 41.63930563041029
22 -50.61030127382701
23 67.12638470267655
24 -34.274963056079926
25 73.21191772092993
26 -51.50188571423997
27 52.3755567183329
28 -40.45615221575867
29 -6.189498477785574
30 -26.139793192278987
31 -30.922576614004015
32 50.79463976201979
33 -27.188264602760537
34 74.3571588213988
35 10.259992760436656
36 55.28785923425091
37 -24.760915066257663
38 78.39461348753761
39 -4.592831052312713
40 16.09102252784533
41 51.51775425952907
42 -16.801181024869503
43 45.68288834833996
44 -0.21013794309309589
45 24.19639623457506
46 5.735114994958649
47 2.775624640403345
48 -6.3095970365450675
49 11.075711161912762
50 -21.600403265486236
51 37.71993978332552
52 -46.58064535545093
53 0.6773228966935839
54 25.530652459042685
55 -43.75003138341946
56 23.66865221877022
57 -13.652422508745408
58 -20.69185047041449
59 42.282732782168274
60 -26.07226507263373
61 14.316710191207155
62 -43.15881924415458
63 -8.943068174540942
64 1.1957580849253049
65 -60.30156764937464
66 21.782794759796907
67 -64.13624713945846
68 68.04763883207308
69 -42.61373535271393
70 27.210844362419543
71 -26.734065183594506
72 -0.5961441322364485
73 -0.8499594047778801
74 -22.684564547691878
75 17.43328037640213
76 -14.025839801714692
77 -4.45617423189849
78 -10.942333946031104
79 19.567106877645443
80 -41.62546552301256
81 36.736235327517655
82 -30.614890898962933
83 -6.663405028300742
84 -31.802193438142535
85 7.374660716231656
86 -41.18350606025092
87 -17.81459282131973
88 -23.342168949623645
89 -7.747637064500099
90 -7.860351117572121
91 -2.842191767673422
92 -7.396681066205831
93 -2.4683873365311264
94 27.253042317956545
95 -31.707616401480077
96 33.485102802755826
97 -34.272083990837984
98 -19.946779176230063
99 -10.349921494252072
100 28.463739916488034
101 -43.78347579181051
102 36.12912136324067
103 -11.123553501562093
104 -4.597036859089857
105 35.807099312990935
106 -32.48054386243217
107 62.95667780765947
108 -76.48668575959695
109 54.46465640970826
110 -39.17317015820923
111 35.26306419847015
112 9.93242970008085
113 0.6702195924758088
114 52.64749022993927
115 4.428035482339017
116 43.54431998189554
117 45.44241892103238
118 -24.85584716886331
119 -16.136870091697627
120 -2.345122453571629
121 3.2271604144839485
122 -18.797694485123028
123 23.328644617222448
124 -3.3016339983984757
125 10.08419066622426
126 -0.11118340263753179
127 0.0
