0 0.0
1 -4.623966866543052
2 13.407855315213661
3 -22.951647348675753
4 12.496767246546334
5 -26.924324512677323
6 -18.088974168477744
7 -16.907078491629104
8 20.120993660640803
9 -24.617822177936652
10 25.29600216383933
11 -38.80198884288485
12 -16.80749055060397
13 -27.33379221591811
14 -83.82193296070278
15 28.442939737510997
16 -82.9091136673645
17 8.178998365697113
18 -21.97823055352799
19 14.063563487050235
20 5.937135893353702
21 3.344087651729754
22 72.63238484178098
23 -17.11556926372218
24 44.73975816774144
25 30.29317163737319
26 65.27793816894139
27 2.0745737446248556
28 56.708818495279786
29 -23.497845040958467
30 18.305859961024552
31 29.48281650284662
32 -21.971409984481006
33 57.58370527115564
34 -1.562776101960686
35 19.967724040135366
36 39.300293960142035
37 -21.486106918304056
38 39.99085921734201
39 -35.30164772581282
40 -56.57204279317922
41 12.524298837789537
42 -105.56607210686782
43 15.26476955970459
44 -102.57462317278846
45 -22.322749227772775
46 -93.60550446227015
47 -17.670024008106225
48 -28.551976409470058
49 -10.57475853890186
50 -9.62205986951145
51 12.870741833267816
52 19.847774850846747
53 -23.937832759978647
54 49.619598038444664
55 -20.114436495974147
56 42.21629615283899
57 -24.851314882995432
58 16.569945349661797
59 -2.0979143308018755
60 -28.18391928877799
61 57.15788796481758
62 -28.96645971667009
63 17.455451762423582
64 32.334198008652095
65 -13.088149658153279
66 23.527636838776786
67 -13.784321326604982
68 17.423722075088747
69 26.48360949903616
70 15.200767770790229
71 -14.049361159452774
72 44.983680158530674
73 29.983445927805437
74 -7.097809695393786
75 -5.472469176908232
76 21.812681528925626
77 15.187100051483611
78 -46.3988811898274
79 62.276713354022164
80 -50.61540476504683
81 12.682065247504926
82 30.17328930303861
83 -85.22199997861284
84 27.125592566996787
85 -28.303016235100888
86 2.716344074033614
87 -40.71327672220289
88 4.721100197319364
89 -42.264665950343975
90 -27.852113085558774
91 29.25046486266633
92 -22.59829465819684
93 56.17680797404478
94 -11.705351853117278
95 30.7769547003854
96 20.622659853379517
97 2.819192460460596
98 27.390885302381996
99 -19.08827090031579
100 -32.92290737556685
101 10.618651558172477
102 -58.19602472763281
103 33.364753974862026
104 -60.195690748099885
105 26.60038779294788
106 -32.65842523595483
107 1.0832455163465426
108 7.964079383905119
109 -43.37355925653512
110 73.53409985609542
111 -65.17955383042111
112 58.810931407717156
113 -61.35181536977376
114 29.00179372290414
115 -6.082792184698338
116 -15.136748327137376
117 10.467992906796017
118 -40.05244698612368
119 46.61139978031196
120 -45.97781120900216
121 40.8190745493963
122 1.061006201255214
123 26.944816130072624
124 -18.94568698944489
125 15.111411272058362
126 -1.89153706718526
127 0.0
