0 0.0
1 -3.895909594448918
2 10.561325466795434
3 -17.741328533270433
4 -2.840293696506625
5 2.6474085460716275
6 -39.30502087180923
7 39.77036746537774
8 -71.99824650275094
9 82.85379695164855
10 -64.30093947520199
11 89.76292666937002
12 -59.59305180395778
13 21.64986639643664
14 48.152501088950665
15 -61.44791091955167
16 116.51868159159
17 -54.64825197620016
18 80.26677159274395
19 -46.01301131070393
20 1.256411765846063
21 2.3884042455677035
22 -29.696866044409454
23 -28.695351182953452
24 5.128145471589968
25 -24.40585433023959
26 -54.672742599090355
27 8.507194134738414
28 -12.175276871501962
29 -19.62517109419081
30 50.00761229864134
31 5.734645181746139
32 -40.503317063034594
33 47.389030595249565
34 -60.483516564821834
35 38.07194461157691
36 -41.82065184540262
37 0.3033820045549026
38 21.9020219504275
39 -9.39697599840051
40 15.221520063309194
41 -56.46525011018861
42 9.711314780600102
43 -4.33769024235552
44 19.095663898964695
45 -33.52373504391572
46 27.346788676721083
47 0.02434576831937495
48 -5.716357606584585
49 17.181629483067066
50 -32.785944317487974
51 41.9661796565633
52 -45.47283361311411
53 11.838962738046215
54 -55.02311577581816
55 -77.76558667012438
56 28.487238540755254
57 -67.69159086780346
58 10.400562370097068
59 30.958900981760614
60 -18.380907220363625
61 17.61134046102946
62 -1.309727119917125
63 -7.088402732801456
64 11.084988931428548
65 4.27468638545532
66 -29.28575025369297
67 41.395013403723574
68 -25.577407818612617
69 29.138993866917225
70 -19.97847482621766
71 49.46729197843017
72 36.509544425677994
73 32.25404998505204
74 14.369749149496489
75 50.17860745004504
76 58.22262837980496
77 -10.473924239514023
78 39.163294718475186
79 6.199671367947704
80 22.554043105099897
81 -32.83134049197778
82 39.351472236922255
83 -44.47123876450656
84 22.235893412397054
85 -30.05545396225631
86 -45.86983014482304
87 17.730165623114196
88 -32.94531258658744
89 15.070806648420982
90 -31.146064567493088
91 -8.20385446525691
92 14.395892219443471
93 -7.4407953702518554
94 22.112597312366866
95 -46.03546880794702
96 15.612990541078318
97 -92.447749485494
98 12.988839245347505
99 -57.80039689845184
100 9.454527871401806
101 -7.515877240813781
102 -14.281120492055894
103 19.994025719529034
104 -39.73122634970448
105 45.792602219278066
106 -48.068564922599684
107 38.332332560495516
108 -31.24131019573141
109 30.44664642573555
110 -58.993540091592244
111 32.5680123961747
112 -35.78329569265948
113 -2.302695095975675
114 -13.467087336069868
115 13.750692755009611
116 -33.7436522444775
117 -5.617157270401933
118 -17.587687682314677
119 -30.039080527940524
120 -1.9178552997025882
121 -7.305752351201656
122 11.074011685082397
123 19.722828348913026
124 5.433304852334262
125 9.893383514492953
126 0.5277397022747246
127 0.0
