0 0.0
1 -4.673317843568134
2 14.859439573982387
3 -16.8831002350487
4 -3.736608935952469
5 -32.145799482799475
6 -3.3089740152328764
7 -87.30323165691051
8 40.547977219313594
9 -138.0057615962001
10 24.115188508555452
11 -83.68794440262415
12 7.967618067078491
13 -77.95883158376644
14 31.814871741540486
15 -61.80123557361565
16 12.435025477839618
17 -3.5701844064731847
18 -53.598720333226005
19 19.123920045582086
20 -67.84601529704896
21 45.07923920068173
22 -29.927902852196336
23 20.493155286021654
24 -50.680205452227284
25 35.978058536722344
26 -103.47022700371521
27 69.6158236704511
28 -84.36724809780543
29 47.96203411952561
30 -46.53231371919085
31 34.57306152930875
32 28.73847154013716
33 4.144227277800917
34 45.96749766780407
35 -18.05724195838817
36 -2.550918575356693
37 45.5536744194836
38 -57.45563537921578
39 35.70706117935858
40 19.612038715798676
41 4.4777568311149505
42 15.831841400228239
43 19.234712346372337
44 19.68625544083731
45 -21.556849786858674
46 50.73583523543147
47 -59.06294305915063
48 74.95991639156887
49 -83.81729063509768
50 22.029131369756964
51 -34.2442464430049
52 -33.38589592228605
53 11.232370977946005
54 -57.48918160380237
55 -13.908860802186165
56 -0.007655334326136557
57 -36.59427091308544
58 -18.37921955578877
59 32.47729569103509
60 -45.78477989089483
61 53.43075587651176
62 -3.4273863736400907
63 26.804540424071227
64 38.58678446308412
65 -4.250627396662643
66 -13.446378013959217
67 29.087647944475712
68 -44.4809481176131
69 25.4735245580174
70 9.862075748836723
71 -11.646810916945675
72 35.63461736715552
73 6.4575634120295184
74 4.019080927497585
75 -15.850911601379169
76 13.496502585341462
77 -19.30713855688367
78 41.5287648749488
79 -13.33866659435775
80 24.206006564101585
81 -27.11704409485035
82 40.52675388830913
83 -43.81523737735858
84 18.689487769329677
85 12.06950067692878
86 6.922368896205186
87 45.81139078036802
88 -3.5389956366543975
89 -0.5420576656460238
90 61.453371665533744
91 6.663893704397542
92 -14.474859204009222
93 6.630397545802427
94 19.043085213441234
95 -23.267597261005317
96 37.331709577993344
97 -20.708225645988595
98 -35.456193631161995
99 67.88097359100655
100 -98.19493278140953
101 70.97168910720177
102 -9.317493115226343
103 -31.11154880453743
104 -1.568576239458389
105 -1.2065575366217391
106 -27.556141294857774
107 -26.75586343930595
108 -6.352488170872038
109 -63.430755079366094
110 -26.54576589699364
111 -11.21898383500512
112 -29.61966677257228
113 -7.4885532091615135
114 -14.754302083932451
115 -31.831312612467144
116 -4.461238691770177
117 13.391401358881389
118 -45.98707008927479
119 69.86909042852736
120 -17.886982232845458
121 57.8814841522465
122 -17.687166063689773
123 52.24572975316882
124 -15.478544988266098
125 20.253002609711196
126 -0.3777809082312582
127 0.0
