0 0.0
1 -4.656469113411101
2 14.453392314257075
3 -22.748603797677962
4 21.328736185354998
5 -45.391637877743364
6 53.03532838449263
7 -37.795587492223945
8 17.1438223745789
9 -38.6654536400576
10 14.277603237244321
11 -12.01147177646605
12 -78.79015179366742
13 91.62369163609033
14 -108.81725921003711
15 15.026240237741991
16 -58.25565885312747
17 21.611361359714287
18 -64.63358690216761
19 55.043953762462976
20 -31.67170937242297
21 34.67645706713214
22 -34.21480021678908
23 53.000534565086106
24 -11.057775561035834
25 -32.001178028023254
26 75.54793139530862
27 -104.70632224866478
28 60.19669729223875
29 -85.67978790234069
30 -13.002265105174011
31 -27.250500642521065
32 -16.589974220851598
33 -4.648128953637644
34 -29.71562878476578
35 17.87408367899615
36 -22.034928737342614
37 -2.4728790812300914
38 0.33148466413776556
39 34.93536489652522
40 -36.73471043874392
41 56.73265388418034
42 -57.181880714198535
43 31.480608778040033
44 1.7208893444162445
45 -1.629954079909809
46 -5.169708714116682
47 -11.694051374790002
48 -17.326968498440944
49 -0.14750213212811367
50 -31.704515880845793
51 16.990244806945352
52 17.157623797966878
53 -49.383409225558744
54 31.233243569571286
55 -65.91211068381041
56 21.94244346637369
57 33.80412383299114
58 -25.655620866058932
59 42.44881660057295
60 -21.804390624931926
61 11.531817988146962
62 61.276435938990254
63 -28.43293767204309
64 61.661555142398136
65 -75.21704602665909
66 67.60475927919606
67 -42.252448901096386
68 49.16401660627518
69 -28.545374404004548
70 5.132137564347387
71 71.47106372970408
72 -73.58112391155666
73 89.57812791223193
74 -60.341148648386465
75 33.11148120193118
76 -3.6994863070109525
77 -8.393292272725134
78 15.697619153206373
79 0.7618870463113461
80 35.10867217996799
81 50.169400205298174
82 10.931693272438565
83 -3.708236148117032
84 4.039514448540505
85 -14.056435470422427
86 4.094137527191145
87 -54.3452447978373
88 26.319928857789275
89 -36.35412246886359
90 6.3578670156902
91 29.350508602854124
92 -49.18435202043948
93 26.15661429237617
94 -3.4566997693382406
95 -5.294525841408949
96 -15.503454423045705
97 8.84388770950461
98 -19.39902133242626
99 -5.72358013406987
100 -42.15273517327476
101 19.445204302966076
102 -19.09055729237498
103 -22.65586569177832
104 -18.380669749148424
105 -41.474662464301765
106 24.318927048041644
107 -29.52618540815608
108 -22.44628131443919
109 13.922053618747452
110 -50.22719026138734
111 22.80595275752799
112 -22.262529677711765
113 -14.305922754303158
114 8.523468607109372
115 -18.013180076943787
116 25.564461070084043
117 -29.401300285098543
118 29.435600844063003
119 1.4203959458672626
120 -3.0913000906829087
121 30.812514402166073
122 -18.580428099024775
123 41.24784878908035
124 -10.847048911576017
125 17.033246795258208
126 -1.3154424466669667
127 0.0
