0 0.0
1 -4.127606336153479
2 13.31433925426032
3 -19.688228306024506
4 1.4665789226947605
5 -11.293779427917
6 -49.82035595963786
7 -18.634397575386128
8 -92.34149515379943
9 -25.686945060816683
10 -83.25284606700536
11 26.665769153405346
12 -83.53792663772403
13 16.36504516118034
14 -21.19836773916692
15 -53.70791551361503
16 67.45293172128649
17 -38.17050683694464
18 63.53230733529879
19 -5.206642866978097
20 37.99308157881549
21 -16.1515032621863
22 22.615922081939942
23 31.21096471002087
24 14.401379956680646
25 9.941300308961239
26 3.149549198737509
27 -14.642406589353092
28 -28.14635846525525
29 32.68696789206055
30 -38.267015626205655
31 22.635340863216562
32 -34.95708064275477
33 1.8216992158911558
34 13.018559702804273
35 26.405878163585275
36 -38.65846015984219
37 82.60008699527309
38 -19.670213414983195
39 48.32350920286057
40 26.618399074658004
41 -35.270327347984015
42 55.31765168719862
43 -66.2875450379043
44 31.522696039070045
45 -38.021588582396554
46 -33.76655931103357
47 25.37597555074737
48 -50.02630428256245
49 -4.155856270181775
50 -27.359572183253007
51 -7.072822197278079
52 31.560391854100622
53 -32.93488846804254
54 26.966879725412657
55 -13.746601001077922
56 29.256847920483033
57 -19.963897360430344
58 38.011917358826736
59 -17.45116213321102
60 -2.8244562095759616
61 30.533577635421167
62 -29.61260184170394
63 26.860013636535225
64 -25.775876236612806
65 49.10244032787701
66 -19.84374855601105
67 1.7498152169483951
68 -5.33423144957227
69 -5.623149015873829
70 29.312485705282086
71 -37.763010058230655
72 -10.60606724234887
73 3.0656558011402737
74 -45.20071945165993
75 12.831433202422824
76 0.48105954703646997
77 -13.424614005115505
78 3.2837065253213407
79 -33.180994538377234
80 21.59528564959833
81 -37.67231733728208
82 44.19835173680595
83 -43.57845829440359
84 -20.272730148327913
85 57.11859455206075
86 -23.46218059171882
87 33.682542361293514
88 -6.555967144740327
89 14.433057955953533
90 11.836096126476614
91 -3.869981266384044
92 49.63467870647085
93 -4.876237228347488
94 -14.716242087528412
95 36.886641974343505
96 -1.587525593371322
97 0.9061045113472075
98 -13.948009057394739
99 -14.575508095574776
100 -3.1706895167653024
101 -15.769171546902603
102 -11.39710926521779
103 -38.21384595350894
104 -20.05865785353489
105 -23.294753406193017
106 -4.953930498497364
107 -1.0815141071475247
108 -57.29593252399481
109 1.540387572715173
110 2.6341511391964945
111 -32.828091691488375
112 36.004347400498226
113 -52.60462743567787
114 -23.379045452293727
115 39.4645968779957
116 -76.8490912838616
117 93.97901750076423
118 -41.060192996735445
119 40.412019933693614
120 -4.507805182594215
121 22.8729600915193
122 -5.85205616592153
123 9.108296375122759
124 10.896800503564556
125 9.569117878602503
126 0.7385112705372138
127 0.0
