0 0.0
1 -5.362863662479625
2 13.398744983348609
3 -26.624892050582392
4 9.35937039697631
5 1.8434817952301332
6 -0.28323244395830816
7 -2.01267316713261
8 -25.374099429034707
9 18.598877584559457
10 -32.87474077645992
11 32.328179186683045
12 -53.0543372691721
13 5.047332854922706
14 -15.88272994380541
15 -11.448626964480045
16 -65.07918997330052
17 20.123166347665634
18 -54.91492420840266
19 11.447486026861027
20 -38.33166796710208
21 43.81471319327052
22 -30.009027194104902
23 55.81085606832
24 -7.4181909265134065
25 12.828482442352676
26 -4.7472114842686635
27 5.16334807763623
28 -22.45657986358562
29 -25.88805721188084
30 22.772023508527596
31 -24.74743196060579
32 30.58507706940171
33 -22.58422270106709
34 -8.944279328341837
35 7.786269720942355
36 29.343063538827828
37 -30.684831183681787
38 -7.412803514395934
39 -9.917171565313105
40 13.928089761209728
41 -37.65480946204945
42 -6.874840526400144
43 6.500317477399471
44 -20.427092226472723
45 -44.809826407142694
46 27.093332645304052
47 -60.49169910477204
48 41.16826635395244
49 -71.53018513510354
50 -3.296612313806654
51 -4.365574213982356
52 -27.515563018853268
53 55.387607958438366
54 -72.10860733106158
55 47.334755076954416
56 -42.33598024737841
57 2.141950811987762
58 -15.46773407764143
59 -53.976022117350794
60 -4.679712721472982
61 -42.32799362187464
62 -0.6588041593581976
63 -47.8668740954167
64 8.357362009566216
65 49.749934042592635
66 5.439131110681875
67 59.76138892166455
68 66.04998561946387
69 26.043701559483
70 64.18825893768191
71 2.9762786587741963
72 69.80112812230585
73 7.990036356266396
74 32.90609602581296
75 65.43964098463675
76 -40.99068005068861
77 54.011123307856074
78 -69.74663830892418
79 13.066724669584065
80 -24.313456059140467
81 -26.17052389193588
82 12.77925451668829
83 -12.771767016794959
84 -30.883140281936065
85 64.21804826035216
86 -59.97952104979922
87 25.33136256094953
88 -29.795343740614832
89 25.494182834606686
90 -23.75063991972863
91 9.008719262555875
92 23.84610591783798
93 14.758562255697994
94 24.756073378102943
95 5.17710040257919
96 35.540690987495694
97 0.9848410935518962
98 38.53957988041392
99 -21.6747538001748
100 16.304595456136312
101 -29.219605764553766
102 43.177980086981215
103 -83.71097242076989
104 77.53836370866934
105 -32.897276919867465
106 50.35451324420589
107 -59.50800082356539
108 21.138066452023214
109 -32.54892083371403
110 -25.52229568126065
111 -25.633455321479026
112 -18.253678620175513
113 28.619380937849712
114 -64.87497459956458
115 75.14717939180078
116 -107.16329572842123
117 80.92938744370807
118 -93.54287601586284
119 66.39281722466139
120 -48.76776184295122
121 48.66465049931737
122 -26.809650253200516
123 19.34144795950829
124 -3.4930631976699615
125 1.9749339783659705
126 1.684659900982654
127 0.0
