0 0.0
1 -4.7454391560436635
2 14.61424875036929
3 -23.78092215955909
4 -2.3225516075365142
5 -30.175596233351616
6 -44.25941798116238
7 -48.14877743788645
8 -4.489850431586041
9 -58.542243281423694
10 3.1951231087693435
11 -6.24831347472947
12 -2.492140755689505
13 -38.53036411555868
14 3.538045166906077
15 46.68729996988687
16 -35.95487236822447
17 55.64533716378319
18 -16.514666301102544
19 -20.912316415895962
20 -12.43867113280939
21 6.367530724272344
22 -47.298798565453886
23 26.376264258436933
24 -14.976833635921786
25 -41.278704970769816
26 58.08075381143277
27 -22.420612121846272
28 -0.1817490240828056
29 50.423456057847844
30 -41.72120859560562
31 31.93249734348328
32 1.4187191310365384
33 18.315187195514508
34 9.126143441321132
35 37.649925878013185
36 31.60905573926902
37 15.589778844553743
38 1.765887454211781
39 -37.57333643712078
40 33.05984539206994
41 -54.03018018195851
42 -10.073110152206413
43 -51.38183954944946
44 -20.645549221293237
45 -13.94229392701956
46 -38.39994623535404
47 18.182412304016985
48 -26.94602161723662
49 -5.532730167830938
50 -2.5002805357034377
51 31.052247377241184
52 -40.28910649202115
53 39.010498913562074
54 -33.68630212551357
55 5.6481738834303306
56 34.44165489751974
57 -23.395787040219847
58 14.940711093637658
59 -12.196861664713815
60 -21.520852799458
61 47.78790786762164
62 -40.10914572754123
63 20.95323435337176
64 -31.321089099651427
65 -3.3898663690527173
66 -14.868465998665895
67 -43.87916932488363
68 46.50905783628252
69 -57.734779972416945
70 49.81755635046223
71 -39.11552367378109
72 36.89351930803848
73 31.447048022579065
74 -16.86146713730109
75 42.63175557362706
76 -34.94514682668803
77 9.69891699796085
78 8.05007146633818
79 -59.90223885649953
80 56.74563514623239
81 -91.32951034748015
82 45.69527911746836
83 -21.09043545008925
84 -14.936076473548388
85 16.178160105149157
86 -50.83285918679091
87 54.68723091721115
88 -48.27141963869806
89 -0.05346278237696965
90 -4.221616968589129
91 -0.8933156033069858
92 -13.522932500959882
93 12.058744111435413
94 2.9110381423209426
95 -27.38711575524309
96 37.099928622849134
97 11.56286754779911
98 31.38912904638341
99 -27.2472265261785
100 15.825522773922884
101 -18.947323821178426
102 -5.968505377385875
103 24.279015150256214
104 -45.55304558472426
105 56.171398080787384
106 -17.123987587088223
107 -35.4491348824698
108 2.9431913064513266
109 -79.62433818904947
110 -51.82624674591685
111 -8.702936535896773
112 -23.984220290221817
113 7.766289830159427
114 14.703605996473344
115 18.811399743496953
116 -60.77618111800668
117 76.84388662169901
118 -34.39549596120837
119 56.45476140994137
120 -15.855520385865544
121 61.68461828294935
122 -7.016429247103666
123 40.52487096260138
124 1.6855880706810995
125 14.611145443101751
126 1.1434508555731684
127 0.0
