0 0.0
1 -5.092237833519204
2 17.976602080976853
3 -32.86496601606793
4 23.73611782858357
5 -51.10935405757232
6 9.85175336699621
7 -53.0476671020657
8 -1.7990561465739003
9 -43.54977051776541
10 -17.87432004509121
11 27.65452826101019
12 -43.24801888071076
13 4.273102435146913
14 -44.12044448903998
15 35.6184034216815
16 -67.63269008539709
17 35.359748141772506
18 -34.169071921854204
19 10.704419016406357
20 -11.435149288770141
21 -6.751749257024158
22 -25.540417137714677
23 10.972711451132145
24 -56.407268515723246
25 22.815470819655136
26 -30.28763596887734
27 -1.9143806001813726
28 1.1395861759202566
29 -0.6878149361141269
30 77.99772747497178
31 -80.53056775928002
32 75.44115234769721
33 -15.549794779593125
34 41.753471975912454
35 -48.71986959262514
36 25.10116866830437
37 -9.902188949437791
38 -33.39347158778663
39 -29.71312868434869
40 -10.03873047858266
41 -28.654344535267647
42 -64.4204971617723
43 37.152162402278066
44 -77.45478068551421
45 49.41196220645603
46 -62.50498630968999
47 39.2070907761078
48 -31.476245966989126
49 41.0411995163696
50 -19.304321367942446
51 17.74460734459033
52 31.40738887785901
53 -44.82870900330165
54 52.00527602141679
55 -4.186335154340332
56 -15.352354602777773
57 40.73098310721691
58 -8.978132586010922
59 5.5582298158065075
60 103.76884166517925
61 -62.91044057604387
62 73.64166612147073
63 -32.967427867789795
64 0.007537278685891795
65 61.7960388732998
66 -60.947490234858066
67 59.29785165650512
68 2.5104198216639637
69 -14.663991753041099
70 23.37703864431346
71 -62.42753934971788
72 -3.6517135790356847
73 0.30435798917997925
74 -14.403477723378757
75 27.219862133490743
76 -3.6870336020242007
77 -64.74874366560323
78 -12.846867933784337
79 27.7322060183073
80 -88.98743987624347
81 6.119001485402259
82 -62.56163705336982
83 20.166736929612284
84 -25.206352406137263
85 -16.38360145438804
86 -5.434204370344118
87 -9.575735099485907
88 20.565852781791065
89 15.812496328145306
90 36.57798988806843
91 -50.11869274359713
92 93.26158536518997
93 -59.14169316253799
94 56.91421744750172
95 -21.03545945277693
96 -9.608478300796143
97 25.94735567833561
98 -8.744642911319353
99 41.65503589318235
100 -35.11344013010884
101 33.737955587739485
102 -33.98428106406291
103 66.2855333699567
104 -59.29599107244155
105 62.48819509079273
106 -61.03710824912786
107 37.78740231586564
108 21.565403604019526
109 -17.484146802995994
110 50.37113305445183
111 -50.83111105743816
112 73.18030736081938
113 -51.277025622209564
114 64.41512701723678
115 -72.49468210259157
116 27.943776020887512
117 -38.99624039281546
118 -24.94918299241106
119 -2.785327684046846
120 -68.99077983453923
121 71.03181588236568
122 -41.58039923522623
123 58.18579840223672
124 -21.745076828213204
125 20.645330699544225
126 -1.0350691520682662
127 0.0
