0 0.0
1 -3.466232652083482
2 15.492601711713624
3 -21.221227448398256
4 30.834637021842795
5 -34.934847970546905
6 26.26546578910291
7 -24.89004790000326
8 -17.076390714089626
9 -3.9989575569500997
10 -35.6228424693832
11 -58.09132613603965
12 -38.728874621777706
13 23.252018160162777
14 -82.85168665064778
15 -7.089584967205089
16 -39.49210021950732
17 -32.67320565526549
18 -47.53641926025299
19 70.44004593718792
20 -113.97872297291603
21 80.92991254310098
22 -70.26901797087321
23 30.881089932267866
24 13.88555349456304
25 -28.668091959805775
26 43.63380617904946
27 -28.329517428137564
28 14.610702654971927
29 -26.903952416237964
30 -12.233440248300806
31 -13.879188862813626
32 -5.827627982678834
33 -57.02020817789994
34 36.83607647383056
35 -45.42288170527579
36 22.36920562890203
37 -28.9298977539716
38 -23.058466413654617
39 5.818510935082458
40 13.539329640467008
41 10.483056456530035
42 43.155949852606724
43 -47.29940656769379
44 73.56926911233356
45 -40.26637800837794
46 41.936462516084596
47 9.294421614126472
48 -46.470404663870184
49 0.9558245007040347
50 -33.63436766647952
51 4.168326090184816
52 -47.38377478461644
53 53.14226400143624
54 -22.338464116783193
55 59.66597249308067
56 -7.873977508654757
57 48.66352615157212
58 27.204986499200107
59 14.24276874786176
60 46.292381181003854
61 19.476664539077106
62 35.59974527277394
63 39.23972824087727
64 -37.18180377844567
65 -0.5486674211971979
66 -39.97425327758782
67 26.44080873209793
68 -81.29355557225466
69 20.569251874376068
70 -19.890550825483043
71 -37.90315859182327
72 30.15340351272557
73 -42.35670267953642
74 60.03031997244757
75 -66.72427902475127
76 46.96344046891094
77 -33.7216255754492
78 3.1744279300530835
79 18.653985029813303
80 1.4883389209744744
81 25.16718256671864
82 14.248693544293275
83 34.63327388983341
84 35.68400211908138
85 -14.787891728162803
86 36.50364432673309
87 -38.778278996801504
88 23.92832163592419
89 -37.35091312031935
90 35.56198027097219
91 -29.33584147944295
92 -20.80716429279302
93 51.899673979631466
94 -59.274080104080554
95 14.139349237729073
96 -58.643310707338244
97 13.54374416060453
98 -86.75366258936015
99 3.215130553303261
100 -34.08366806773764
101 -24.025351920165885
102 -0.05911715315107869
103 -50.23155685995434
104 10.060363353169262
105 17.52304462281238
106 -62.55868681291806
107 66.33573009152494
108 -62.57705658706825
109 76.77415936593657
110 -38.552106196753094
111 -22.817467922122514
112 30.882978137554108
113 -84.530156228042
114 66.00197863300679
115 -86.38511962373173
116 29.83764916623439
117 -7.950980854823294
118 -5.272956309932601
119 64.7422574802953
120 -38.61059653240236
121 61.631743458243726
122 -19.337285529294093
123 25.904327379969676
124 -4.566208645952631
125 12.316090332443158
126 -0.4124016038740343
127 0.0
