0 0.0
1 -4.9519757314277335
2 10.812460484423653
3 -14.58980555541203
4 6.8750171486847735
5 -4.547108082809304
6 -8.858670225429682
7 -19.88554312600412
8 -24.343690340510918
9 -38.53022216389245
10 -26.872085305205367
11 -14.377756075450074
12 -17.074891141406358
13 -35.54801174358818
14 8.681866573164815
15 -43.00596554265228
16 -10.326670552115432
17 -31.12818043419209
18 -58.51216545787716
19 13.405334991217835
20 -69.65212148246489
21 16.410034255986996
22 -39.77094577100048
23 20.948436255206563
24 -1.036806816199036
25 -9.23600032054834
26 44.71885283561185
27 11.10998736108635
28 -27.668623654216397
29 45.292684362675914
30 -11.207580801375803
31 5.556685681548089
32 -2.5375307823594437
33 -26.47629983390343
34 -6.5873893130996475
35 -32.41527225464759
36 -2.2018239955284953
37 -19.15427253260902
38 19.562381492545423
39 9.228146156085113
40 -36.04622968043893
41 -24.665405769431903
42 1.8766157518772308
43 5.878370235189166
44 -40.8515116460562
45 18.89319349589595
46 -22.775353736305192
47 -0.5642477410427926
48 -12.005675481017455
49 13.79523736172251
50 -3.8007575084019787
51 -24.70471762085435
52 28.979670121118364
53 -11.345076313937062
54 3.7235854787256635
55 -49.69533279050883
56 6.479756080122124
57 3.1492381683166055
58 18.335608570689864
59 5.25240604248809
60 -7.824705255219615
61 25.868156968193844
62 -16.667783416411645
63 20.356154773564846
64 -6.930171235597826
65 -5.1602558676154455
66 17.286930911226875
67 -18.30101663338407
68 37.667529953248525
69 -59.91983565382442
70 53.726461110990066
71 -45.209038966890226
72 11.555659495547136
73 3.017082982775173
74 -11.24879282384169
75 14.554531889113298
76 -31.63260747599302
77 20.669201604909023
78 -72.39692723245223
79 49.60005610737323
80 -65.90605391676189
81 57.55082342375343
82 -55.324288329171495
83 10.536693995284017
84 3.379724863918127
85 -35.99075312430605
86 67.92328453416742
87 -40.11913748377513
88 80.70305576520022
89 -4.085939466767141
90 -15.893958115062029
91 26.734731220485788
92 -31.94983571033449
93 53.107985664004296
94 -10.195367411566952
95 -10.124425061064025
96 27.00210908256536
97 1.2763106944167455
98 18.674753508562414
99 -23.22827748872716
100 45.59666626516006
101 -59.16376024769472
102 26.168688495310278
103 -22.166401907528666
104 35.99600651654272
105 14.111950622311788
106 21.22522155914918
107 9.452198971197884
108 3.1385651116941937
109 30.837945619760934
110 -3.458996045562797
111 55.10641187143633
112 -49.748875521466346
113 58.9520376808065
114 -72.15960692154707
115 71.92731132428172
116 -54.64528847666489
117 38.344707578076765
118 -52.86986790421752
119 26.317996931697596
120 -42.30362396519234
121 32.916292469790825
122 -8.652652428991152
123 24.179734804544406
124 0.9000529322040138
125 8.64035706113591
126 1.5284781542792676
127 0.0
