0 0.0
1 -3.9264800212926456
2 10.98111872483372
3 -5.871231342142528
4 4.832406126658816
5 10.065188484046711
6 -3.3520879545580446
7 -25.61295174288797
8 -6.484297684251856
9 -12.403645896392598
10 -72.63943190722833
11 -2.481536432826698
12 -26.339902199644552
13 -33.196853977828496
14 16.5976660273349
15 -65.02869562813454
16 3.3914057818908865
17 -21.04054659608924
18 -34.50592351975702
19 -16.620034575480723
20 -18.3992104752908
21 -17.923426417894234
22 -23.106503838281213
23 5.059677582385047
24 -66.48339120018807
25 36.597492920440175
26 -66.30695142386253
27 55.51320331187641
28 -37.38626944876518
29 11.461602123402415
30 26.514021149098507
31 -63.16318498684019
32 44.808441366486825
33 -28.086485652813764
34 1.0918227105743759
35 31.15996932043563
36 -4.307491760461133
37 46.91292081790108
38 20.202035387616625
39 -6.852936847611271
40 52.229565283169414
41 -35.06240275970581
42 26.55062140513862
43 -30.869948753510098
44 13.17863641007533
45 -23.000057404332516
46 -16.09126448528571
47 16.147954680028054
48 33.484193950069276
49 -28.378329112406067
50 6.808987286614054
51 -18.227965554569426
52 -25.24437155919614
53 -16.45008130269389
54 -5.314401231976621
55 4.969621236629018
56 -18.718292676621306
57 14.813533719665232
58 -22.817734654065557
59 18.69511794370372
60 -49.160220285340294
61 11.18989754313322
62 -48.836461767771965
63 35.715537114979234
64 -17.406927824285447
65 9.213038893150262
66 -1.807002281245968
67 27.43939647944723
68 13.766794680128898
69 -26.79802791491697
70 -19.660820209922086
71 -28.68286505064807
72 -16.50328782093883
73 -14.153129618069556
74 -0.21866511983684464
75 -9.686556718905265
76 14.960971682633565
77 -29.236091711668195
78 4.9388309401219646
79 25.274741396175823
80 -6.600393625969446
81 8.505911740715925
82 5.010104113418193
83 6.744560045900503
84 42.58960189752012
85 -31.02124608262913
86 59.32645782943618
87 -12.958078150374872
88 33.71719621820219
89 31.50850433050006
90 -38.72256170252466
91 37.563854891199156
92 -4.618939265171766
93 24.223732508420703
94 23.37933373706978
95 27.626560936490048
96 39.51089044524419
97 -21.398030655934836
98 12.152314589642781
99 -12.864140546432068
100 19.121564374738277
101 -5.743940802834011
102 -36.72601173757336
103 -11.623891963194037
104 -38.30414229880001
105 -29.53536014346797
106 -17.96287361796294
107 -25.404685665857755
108 -50.910830721778204
109 -0.3260800504755528
110 -37.58468173944674
111 -30.49081094854273
112 -25.264889038635843
113 -61.8399261918458
114 -16.531542984584167
115 12.765225452234096
116 -35.658596176438834
117 81.91259281775106
118 -18.054774299613722
119 96.64779602206619
120 0.5430913548901649
121 19.822269363468454
122 8.497790168945015
123 19.717713153252827
124 0.5821202791320996
125 10.80662650369889
126 0.6676455261058161
127 0.0
