0 0.0
1 -5.141763876790166
2 17.279347698212902
3 -20.410641360005272
4 24.272023004976692
5 -11.113518633315904
6 17.18630931633239
7 24.70673307753103
8 -10.421754011411112
9 102.08604032708786
10 -56.35151177944163
11 58.317563788732485
12 -70.32445185388815
13 41.30119765184905
14 -30.013677273947195
15 -19.068338910403654
16 -34.68542869581965
17 -69.45124079363521
18 -16.670364206270058
19 -39.76212822143901
20 -4.388200025488645
21 -26.776911144833583
22 -32.248397423917105
23 23.060949788671792
24 -57.25020594763104
25 -0.6340921754265942
26 37.98924763245843
27 -74.46200369701329
28 63.26905474175891
29 -15.061718533157356
30 -25.270400222517356
31 16.645620079288257
32 -23.397365498405343
33 22.046244141920923
34 3.987337879040285
35 5.861613397488347
36 -19.82765400489905
37 24.401892656592924
38 -45.71694021226948
39 -0.45853037522444723
40 -5.169473257774105
41 -8.665446568480506
42 -8.737451120250476
43 -35.24993210659863
44 9.477268603990234
45 -33.63135424283783
46 -37.10926675577093
47 25.00966131424429
48 -35.2609303333305
49 11.976401423863097
50 -28.011455459437396
51 8.724044292830445
52 -22.477856348603993
53 6.775209896039421
54 -4.5877494746711545
55 -6.00043212023245
56 16.693366496791544
57 -9.302463267242876
58 36.36628503369113
59 -37.559198532198856
60 29.151425407870406
61 -6.195012499332683
62 41.29871608533697
63 -47.87233981006247
64 25.87939011664673
65 2.878542812392818
66 -2.615879777883145
67 52.193878797264496
68 -8.73950523848206
69 101.10661544394293
70 -54.795611139110136
71 56.01271576282428
72 -49.6481902262995
73 10.78250561349601
74 -8.091562443463415
75 -51.34643635140226
76 85.47622692456297
77 -78.76647989374905
78 40.604993023532984
79 -19.05777406174001
80 -36.76298042363423
81 39.51389426008215
82 7.9976933513187
83 -36.81316279579564
84 48.95348614845437
85 -10.73460555420667
86 3.0142661158758473
87 5.726961725683926
88 -37.303882257698305
89 7.698651687296427
90 -55.50232275549929
91 7.150809205994319
92 35.950021060988085
93 -49.11942474210021
94 96.92433213927198
95 -58.10995634989664
96 12.895227514163693
97 -38.8567055214128
98 -25.990057973517185
99 20.160397226186543
100 -47.78247706821517
101 38.32260416891126
102 -63.01500807992781
103 79.40713221770169
104 -77.6846005540075
105 80.38570153120308
106 -60.01876554492099
107 47.96692058060315
108 -41.23012368633907
109 -41.752142288321004
110 27.90397933071078
111 -16.763753281687777
112 -6.7890743987171485
113 30.36108780308763
114 32.04182058746153
115 -19.315331327904318
116 47.37453437509935
117 -25.47164965960654
118 -26.034175307642936
119 32.15647398066778
120 -28.217551073335585
121 -0.6300672020581218
122 4.46840247820197
123 16.85785716195044
124 -3.273387058362646
125 9.950495163870443
126 -0.12897532725924385
127 0.0
