0 0.0
1 -3.885406217520462
2 12.646097638283143
3 -29.2662892842227
4 7.620751463420764
5 -46.781590946477884
6 -2.7617388376022483
7 -35.804220290246136
8 35.22217904447374
9 -21.688278609543012
10 34.44385229355354
11 22.555998531241404
12 19.153521060037104
13 41.0713110930454
14 -8.401844650398363
15 21.781279083818113
16 -20.879236578109253
17 20.830282536210085
18 3.581085949456187
19 5.288065598553788
20 -15.579436895022349
21 -5.797861088273418
22 -47.84458701249133
23 -15.856356136865609
24 -46.61288252367923
25 4.480081008266168
26 -60.32962706761643
27 22.10088202216739
28 -14.908726036372506
29 11.584220724550866
30 3.0120294245905845
31 9.201158077686566
32 46.06881547042948
33 -9.249560531584569
34 74.01089799317037
35 -44.077735789609115
36 57.03809021189741
37 7.390992856878876
38 25.110094151782633
39 27.677829022147126
40 -13.198013124854343
41 20.888749450749692
42 -19.64830614546787
43 42.4981612947792
44 -56.666063671761805
45 48.996238698864275
46 -49.051500853113936
47 6.460255933864522
48 -12.929735828813106
49 -56.80762718208884
50 45.156417313923704
51 -89.05571615586507
52 -18.63752296996438
53 -0.9927129009553877
54 6.367963658900865
55 -17.158224807950834
56 9.011144782876258
57 46.88394901190718
58 -24.932649031837958
59 -7.374652689626478
60 4.980887825131091
61 -17.92317582021207
62 -13.707212605165996
63 14.839930032765686
64 -12.188380750407301
65 59.9538945122294
66 6.875582329212489
67 -16.876207188630627
68 34.82999143521774
69 -5.8402290395826535
70 1.6047957747198478
71 -29.496672165286537
72 18.320105638382284
73 -60.65697868939532
74 -2.0619976153059416
75 19.506111411979767
76 0.48511617804168994
77 -3.9195264012688793
78 20.750920898312106
79 24.713608915629955
80 -13.788199699906134
81 30.2619300964973
82 5.147340135033457
83 2.73724040299741
84 -11.668307363643976
85 -22.11781982166754
86 -5.66434069237836
87 -29.827850871479015
88 31.934832735558953
89 -23.556936238671415
90 42.35557339403258
91 -42.840082505006905
92 29.749630445258546
93 -33.53412532271644
94 -39.9753414800591
95 -1.3614073733807448
96 -68.20257113621395
97 11.779654785884627
98 -56.249306463719485
99 71.60805391860094
100 -27.83864893551439
101 44.618224047331374
102 -12.606526681229996
103 34.727306859131666
104 -1.8422066678584976
105 -13.338494232719318
106 -18.25665698763968
107 -3.432735507405001
108 -14.004974061510387
109 -43.28432105760818
110 19.44832305551893
111 -33.03269820438617
112 23.030262593092903
113 -18.963798643069314
114 25.769327571242975
115 11.995344695322473
116 -15.888048966605385
117 45.39049471262947
118 -0.23558331921716452
119 -5.93139939108657
120 -6.915631858747628
121 15.089253103683678
122 -33.55654602128584
123 28.754837310075448
124 -18.67225215399614
125 16.126659399634477
126 -1.1987958238227756
127 0.0
