0 0.0
1 -4.312917188660406
2 12.732508497173527
3 -24.957017044449582
4 21.646978297694798
5 -45.2340587394819
6 -34.055794083741105
7 -2.8256512536578833
8 -65.75528602161116
9 5.247828155490306
10 -82.07792989900045
11 26.301507902400765
12 -47.06945988039954
13 27.9218602046711
14 -60.07548571243871
15 44.13133481109803
16 -22.33163700282624
17 -10.414599414163192
18 -14.374434412161763
19 3.3468666682765145
20 -59.215511020975164
21 7.931736073101014
22 14.199603592961488
23 -58.525796953069545
24 24.60993089911656
25 -27.88787061050168
26 23.183778303571884
27 -18.306910532099668
28 5.1661800029933405
29 -38.75708287872169
30 25.735750606939707
31 -74.09038590025203
32 -1.8303119984118965
33 -17.5253344134754
34 -43.43320688663846
35 55.8583530349939
36 -55.17585766685751
37 23.58464658392288
38 9.935812192474268
39 28.3768053952202
40 10.812087118182363
41 54.15596960110892
42 31.759128997375015
43 20.95804040260841
44 59.70230578973529
45 -2.08024875488497
46 25.699786835052606
47 8.896687500776544
48 8.336133560891314
49 23.88694865873649
50 -30.54524787494931
51 35.60472377358697
52 -39.67120404650085
53 -3.5871611906235774
54 -1.5141725582338357
55 -16.038394855566356
56 5.322885998474079
57 -32.66529561580589
58 -45.634959619001506
59 5.010992255781568
60 -28.803504968068353
61 -43.74227613425724
62 27.503536500472542
63 -44.12853320265743
64 2.1818417581324363
65 5.62570672541686
66 -3.20096189792182
67 -0.2026551345463277
68 31.582198407205087
69 33.389419980712916
70 -3.0891438281480803
71 51.83890232916488
72 -5.28521103075216
73 12.880074307573077
74 0.28386532103526374
75 3.056153766810904
76 41.31274099068824
77 -21.6350961429307
78 27.471601483416432
79 -83.45295516814706
80 24.435738195265007
81 -23.641135708717297
82 -8.447348511521822
83 4.3625631191180565
84 -42.42592478452062
85 29.236256442824864
86 -31.009268018191612
87 -32.36859178076008
88 23.934856558595303
89 -64.7919589681926
90 -32.019679453769214
91 -22.06281774971708
92 -39.009953782876245
93 -33.98012398563854
94 -41.61105742297292
95 -10.499171375255726
96 -67.37268273298795
97 23.22150491759113
98 -32.70854855841781
99 31.525609469856345
100 3.249150739684352
101 -22.054100478880862
102 21.03894102908877
103 -37.390027630064765
104 39.05330993192439
105 -1.9421611126791587
106 -27.19971557343416
107 40.909643612711484
108 -7.463909197962101
109 19.14044468987087
110 44.338619918968334
111 -41.95084852839665
112 40.305946046624676
113 -34.97655039032885
114 34.536491688526546
115 36.529654669157466
116 -34.06125925780868
117 81.1251510290148
118 -27.608119221121456
119 59.062816166754885
120 -17.943120122132107
121 56.90097234263559
122 12.460793319580473
123 20.876815639820425
124 -2.171069773362964
125 16.42564804371361
126 -0.01598978678006618
127 0.0
