0 0.0
1 -3.026557787675308
2 5.75712959493973
3 -2.698412014973558
4 -15.2155160757641
5 -11.929048406156527
6 -10.278395834829851
7 -32.83877584384301
8 -13.676886383694429
9 -17.814944663367402
10 -30.703030188275385
11 -27.780930248513187
12 9.722576910036858
13 -12.341407193463027
14 -44.03259141266676
15 30.93160445437502
16 -50.93106457246444
17 32.07555831338189
18 -58.23879534781647
19 49.18241005153773
20 58.99711687210883
21 -12.750829414535557
22 80.92392928894438
23 -55.993227561586544
24 49.03230721731935
25 -52.6739045982231
26 41.632778702683304
27 -17.855053356909043
28 2.905770249608363
29 -21.345695388305757
30 -19.170904046836537
31 42.14052571808511
32 -32.69207887946913
33 79.55154323485269
34 -80.44951863685003
35 104.05283564646405
36 -74.3844149435809
37 46.32407463762626
38 -26.44389606138978
39 -26.618399209362472
40 21.907442078418242
41 -56.350515027857035
42 34.147133457271536
43 -97.0664141470223
44 78.96144215432253
45 -101.94988270745613
46 41.0675256919884
47 -16.745296261373973
48 -9.535450151829286
49 44.52979784811003
50 -79.50627868926766
51 47.94013718748058
52 -22.20944810702974
53 -26.77983672764038
54 -5.594419515634603
55 -51.60993298881272
56 15.424452882111643
57 13.199538900769506
58 -27.709100653145747
59 79.26276761242146
60 -13.45510212754612
61 29.48277587928486
62 12.775347354945685
63 -64.41871371852399
64 42.45480366866601
65 -47.3147994649211
66 7.876626945488001
67 31.729546467286802
68 -34.92598382280042
69 13.339374712723892
70 -16.77804819429742
71 -17.724107487138294
72 -54.94621342313771
73 -11.186196400083594
74 -53.66731997077505
75 -37.032193366650986
76 56.77689108968384
77 -92.63170798520981
78 59.37737255755128
79 -49.490244153290575
80 24.543573860678087
81 36.8800799439975
82 -16.938820386110045
83 14.757118332793366
84 29.27950588257424
85 30.489506936939584
86 -4.483016326554226
87 53.559383190715586
88 -31.671303948271525
89 76.47510698621765
90 -44.583839460782436
91 56.807636205500735
92 -26.680014953330264
93 51.36447482699758
94 -52.024637508404076
95 63.606848782264706
96 -12.496981323696968
97 38.81980534655276
98 38.24808954210466
99 14.248647783411748
100 79.30129566204859
101 -65.55192591424445
102 67.73826297342218
103 -38.29065959311102
104 24.813733805115696
105 -39.513474783711125
106 22.6614564263789
107 -65.62603962362668
108 21.362877880396656
109 -96.4460587319597
110 6.639525582204694
111 -44.54436224500041
112 -34.045812237934136
113 -11.874664009934115
114 -64.46882536186983
115 33.90668980629263
116 -124.60838990299152
117 73.46117087835478
118 -82.3022314673193
119 69.19039937811287
120 -46.62273990333205
121 -2.6780891309575345
122 19.4716602544414
123 8.801787724248003
124 9.456417402061907
125 12.34365639800028
126 1.485996211489622
127 0.0
