0 0.0
1 -4.3873097667485865
2 9.188768880443298
3 -23.602657956784277
4 2.617244986468689
5 -31.096221829503897
6 -16.754989884082143
7 -44.48399884958674
8 -62.61564688433196
9 -10.015870460526171
10 -33.85355821990844
11 -43.61560360747504
12 29.98349339493614
13 -38.887383821057256
14 16.292049814951298
15 -6.986095552070375
16 -2.0477088107701955
17 -27.140400413310573
18 34.21599848028425
19 -38.10078853606263
20 -28.28110235407001
21 -4.14497264651605
22 -48.876358991782034
23 48.9138046874931
24 -104.09584620801229
25 62.44739817806687
26 -70.65037055195293
27 -3.6404181989189826
28 -39.476330819220436
29 1.4857696484001857
30 -38.00125437870433
31 -20.30726107913757
32 -19.89527684042309
33 -32.27712313137127
34 24.079488912247786
35 -22.39786747205236
36 16.293656162250812
37 -17.595123589637318
38 23.865439359996987
39 -19.18654487090174
40 14.315595037203625
41 -9.485340694383675
42 -11.081585011338698
43 71.5623738031202
44 -34.99341724064792
45 61.67517769575649
46 14.581197146529018
47 14.363085331694638
48 42.922274310732405
49 11.003559538623763
50 27.69438397743834
51 -18.154462376119405
52 24.141955723352083
53 -4.848409744076854
54 9.820402100871235
55 -22.75051283113968
56 13.359269851065758
57 4.8470859476885435
58 6.681152860692887
59 29.465459994558213
60 -50.907153082374485
61 45.38463276140741
62 -35.180802808795534
63 -0.6159720189860219
64 34.81550325406317
65 -23.25577534384795
66 23.36744588626487
67 -39.74056443586683
68 19.2273716626597
69 -28.762438600172093
70 16.849900399600944
71 -8.01305558690756
72 -3.450806049609492
73 -33.95359864083763
74 9.93869883377021
75 -3.1708985549660027
76 0.6235078381209654
77 -16.055260956800208
78 9.962403226445158
79 -46.618758811502154
80 -11.315237691394312
81 -12.609747371461927
82 -18.603039330096927
83 33.34873475689812
84 -18.34513158647933
85 26.65342782147426
86 7.186875985418396
87 -62.824856632551835
88 13.541174263518181
89 -17.032412689382472
90 -29.377542167980803
91 45.4479510234767
92 -38.41408160623742
93 65.91289071294315
94 24.3586601371877
95 -31.26485550725076
96 16.92833041217885
97 28.24351391083975
98 -40.35838312923965
99 15.434350216474323
100 -32.717409382744776
101 -11.825733649973012
102 -28.80684048851162
103 -0.3933676081334995
104 -26.58726784735884
105 -0.5818045976127573
106 -20.145891015414737
107 15.412234764740347
108 -49.82844506603501
109 51.093406198672085
110 -5.390006349712492
111 18.076965958298945
112 52.95977761722203
113 -57.69156267553344
114 94.12995227961287
115 -84.7996494187031
116 57.08636490601333
117 5.069523422365711
118 -6.5512407325308475
119 4.307314028652083
120 28.075792750013825
121 33.669435226830664
122 5.669105354584836
123 51.208953326620254
124 -6.050625113620737
125 20.855971890770164
126 -1.5248159524878173
127 0.0
