0 0.0
1 -5.538883188708853
2 15.97169237611597
3 -28.293077189534646
4 19.91165758667593
5 -26.052207583401866
6 21.95349572158599
7 -30.508713101379694
8 -7.287254940649427
9 57.062937060594884
10 -77.53161090696189
11 88.59082920351547
12 -67.36246820474744
13 27.930687616092342
14 -35.636330364774594
15 33.99933442966608
16 -36.93241705208408
17 29.948686494404384
18 -21.55340938383588
19 -38.35390130605548
20 -15.121931831905528
21 -19.17793597572889
22 -46.410745442810025
23 29.717077187080363
24 -49.94077526264128
25 38.80769527476642
26 -14.099947707011207
27 -44.225561909015035
28 17.62084662170178
29 -39.54518740141478
30 26.749313546909086
31 11.531410357632524
32 22.882681489649705
33 -19.274508438798527
34 12.21208346924691
35 -72.31998291180695
36 18.220298978494323
37 -67.96865448657488
38 -19.132246721850322
39 -35.51282630000462
40 -21.422089272839578
41 12.480106188418299
42 -47.070041585140196
43 6.124406955247593
44 -2.140637181369523
45 -5.75142616517481
46 20.325147783428648
47 -16.20243077721814
48 4.597805637727547
49 1.909217453961737
50 -16.072500025092783
51 21.73479424825668
52 6.213303085173295
53 34.09858979294433
54 48.32075400043077
55 41.471679021606164
56 20.922672965800086
57 65.67472924822336
58 16.296192526636354
59 17.842513066176238
60 50.59076297077048
61 -3.997625049812862
62 27.080387981277973
63 23.161121930759084
64 -23.948672813301428
65 9.845575679072113
66 -10.061147331200443
67 -8.709334961124958
68 -16.249030121468614
69 3.2917889735123484
70 -29.26765830248606
71 24.520152840254987
72 -48.9786468064222
73 4.240615407701119
74 -11.215707823388998
75 9.163885098499888
76 -2.6650323319824216
77 19.812128552674324
78 10.726612556659926
79 -7.41664982900237
80 3.278332721348079
81 2.4847508150036792
82 -35.73843368781971
83 -2.709173752143866
84 -31.598212761592954
85 -32.71407762124501
86 -84.8886748365028
87 -23.17776511826052
88 -24.169290560397908
89 -65.36625392958275
90 0.6357220316757554
91 -56.24382247670782
92 12.12944878528762
93 -60.12469122195585
94 58.07709004097589
95 -62.057382804772296
96 53.28069402031402
97 0.9281876697994846
98 19.4936078210987
99 16.80017561190728
100 -2.5944474166301883
101 40.42538368961521
102 -4.683176511896508
103 23.545026580213346
104 -10.626210780827991
105 -18.80142155659224
106 -10.129514143709088
107 -48.50842065613611
108 27.14253922176919
109 -10.992161344323764
110 16.73655630126178
111 -17.047342935040778
112 -22.21276766310275
113 40.92006985226574
114 -26.08097036872199
115 36.48580159719504
116 -5.268460538362191
117 36.83246293316323
118 -66.64227113719375
119 98.37859896631036
120 -45.898808094018655
121 46.442466964048805
122 -8.762468295306807
123 30.02763664571168
124 -0.33279994824730674
125 9.375411369629715
126 0.5003609008062735
127 0.0
