0 0.0
1 -2.950615087562623
2 6.0242032187129695
3 -7.291289913138777
4 -12.92041132742662
5 -17.231094293241405
6 -9.050216158714495
7 -34.08103709412437
8 38.82063079945914
9 -50.51937212015227
10 56.30601958199639
11 -14.936856935305075
12 16.074728004322672
13 -5.1554312648680805
14 51.85717822311555
15 -34.34070716196611
16 25.727823961281285
17 -38.580652245005936
18 -32.08359758610029
19 -4.640589910520608
20 -35.86368109954932
21 -21.35566781024532
22 -74.45054343879345
23 7.43754175685171
24 9.132934860215292
25 -17.290324908926035
26 12.03529662643194
27 34.300307049645575
28 -44.62632062241016
29 50.86342656993379
30 -26.68776345571195
31 -23.650162826344687
32 43.47531817249566
33 -37.744359237756754
34 14.412889644430253
35 -23.51185381532602
36 -9.998775344615376
37 -2.4653937551544187
38 -13.751897002598364
39 28.27878510127511
40 -55.54375237505737
41 38.16446300585922
42 -25.813898986023748
43 10.048061821024055
44 -32.64011794829105
45 -25.72909181577696
46 -19.309649968387923
47 -23.774555485051884
48 -16.158779643954656
49 29.213992615225774
50 -25.06053108182319
51 10.72950428568403
52 43.52802921723455
53 -35.01937821363718
54 22.076462302505437
55 11.328176327633969
56 -64.13348042794604
57 47.91613225933256
58 -35.59591236130671
59 -14.400417630562488
60 24.629992140286948
61 -59.27477839323618
62 75.60805172133507
63 13.849393427221917
64 -3.529031022001127
65 29.46831466194684
66 -25.13273084314588
67 -41.02962213906669
68 9.622304632243623
69 7.867988294917512
70 -24.661292609293263
71 -3.287045398272013
72 41.66183848675072
73 -39.66107826523549
74 56.52514285744771
75 -67.02835832712003
76 52.794404302659025
77 -16.623340687481026
78 -4.448147241426218
79 33.615188602951086
80 -30.794504683874102
81 31.903466156543324
82 16.182153012235325
83 10.842132987904652
84 58.1139646825139
85 -10.617946319738198
86 19.30103252216829
87 26.51350881345243
88 -22.315697242449563
89 9.88890125996667
90 -29.952594088163757
91 -7.711794267967981
92 -1.9717856745755389
93 -24.447882247531858
94 -33.528630978779624
95 -15.96558775255189
96 -35.558730146738746
97 12.490100310846913
98 -10.569624579466144
99 18.290460407377214
100 -57.20195399641737
101 33.437467491567894
102 -65.24794710462277
103 33.219419561290174
104 -37.537538505111804
105 4.74451384407639
106 8.426297558368478
107 -2.465551117583208
108 18.959940602280493
109 -7.099810948184594
110 9.157033837009346
111 -35.071717275040754
112 39.38740290982738
113 -16.33526579339641
114 28.26124094063852
115 -14.419252514900014
116 34.38925350496412
117 -16.713874576662434
118 17.42273859816113
119 -11.779691661927972
120 0.582104229712676
121 32.55986372545025
122 -24.317238674721125
123 44.1230177523145
124 -13.29211053967905
125 14.953230738992316
126 -0.6511342327702275
127 0.0
