0 0.0
1 -3.1417249851975577
2 10.435393614716359
3 -1.9071452860734528
4 -19.439065876511748
5 47.867083788949515
6 -57.57679880403861
7 39.69190539847839
8 10.6803590769331
9 -27.965119985821957
10 30.596189498398545
11 -68.08571869846271
12 59.59136613813633
13 -66.99294136242392
14 55.72755403165051
15 -83.5410640696741
16 59.446947229848654
17 -51.487644100184106
18 -14.468673686885719
19 -34.92633486762711
20 -38.854643155212045
21 -4.45355706121227
22 -9.016231539520067
23 -37.99289458985277
24 -34.812348970233074
25 13.194399250870786
26 -94.07812810236042
27 -5.451622406342245
28 -44.50214604708913
29 -63.92212668752136
30 3.321761348226259
31 -59.66775026271849
32 -11.33048622414529
33 -12.737544866949964
34 8.112034731705362
35 19.649648094176356
36 -12.192683964572224
37 16.500591308771153
38 -11.04705365415406
39 30.675379620172848
40 2.3889811744929355
41 52.555839252688536
42 -24.96016643146212
43 55.20698416593652
44 -35.90193245990118
45 28.968076533627393
46 -5.709114276598684
47 -25.663342237769317
48 71.40700813459655
49 -18.288249367784022
50 50.57975364614155
51 -7.9195024327475485
52 52.84838839149227
53 -40.39428327909539
54 6.215228259538936
55 -26.0916285902142
56 -39.6369200350893
57 -10.621047455929746
58 -38.1850832691692
59 -30.636994177265812
60 -15.429535039861067
61 20.734093858267528
62 -29.478069892522345
63 54.12543443341266
64 4.744645418101723
65 64.6150650509016
66 2.785060436958828
67 51.87103955794052
68 -2.047067311836674
69 6.831305680303719
70 20.666139176048794
71 -10.780913433770495
72 18.326789532850295
73 -9.889097423070135
74 -44.736341113619766
75 16.16211367012983
76 -40.153827167004934
77 13.93751927634881
78 -22.816247198505987
79 17.296190562638788
80 -37.43737089719509
81 37.68423582335776
82 -4.589706245178481
83 -39.899322258092816
84 25.58253986926843
85 -54.97872570306122
86 17.334686246384962
87 -57.58383789640514
88 35.74119299994932
89 -66.67235034323566
90 22.003988377387174
91 13.742063552047904
92 -12.484617731847509
93 11.237848662500712
94 30.96279010802983
95 -46.61284693612203
96 29.57591717914178
97 7.660075632358318
98 -52.309967871272285
99 43.448643653374695
100 -48.0514792830816
101 12.906577774614759
102 5.754764752341429
103 -0.10628351566806366
104 32.205285662048375
105 -1.8097977330488746
106 -27.56530977954302
107 7.207996890441605
108 8.150800335050073
109 -60.7156414636226
110 7.997023547057128
111 -0.6552301690507185
112 -61.78354209941915
113 -3.2726792508394698
114 18.70052993833765
115 12.490718537210684
116 -1.8462117954304025
117 42.7227894837528
118 7.558916956410972
119 37.50416793006823
120 0.9054477694323776
121 22.0932513542939
122 -15.176807072141077
123 29.842334525732976
124 -6.76083932697012
125 11.470575751119306
126 -0.3723103918104158
127 0.0
