0 0.0
1 -4.077947527445928
2 7.852950548860173
3 -17.44675622092038
4 9.261941826156995
5 -29.102826936223234
6 -45.82518853445127
7 8.658255986840855
8 -44.14923630480607
9 1.5879389108453388
10 -34.36483711486462
11 -33.85208872127368
12 -3.8781736367124267
13 -57.8633031192418
14 32.38092318633109
15 -58.47483654305582
16 35.410880016986205
17 -12.442088683722492
18 2.51090742113326
19 40.75179251210958
20 -28.753869770709297
21 22.07841265982681
22 -24.85369475785499
23 22.837287628668733
24 -5.259500230545517
25 61.55149614360105
26 -24.751330180176797
27 19.82745799728596
28 -46.66524606193574
29 42.476176325304976
30 -111.47342249180093
31 11.239192225085015
32 -11.383144829452407
33 -52.85927795338258
34 78.91967136105639
35 -67.92285484731877
36 85.41873944908913
37 -51.232719380728554
38 26.039720780650015
39 -5.040647643391065
40 -45.83452616063703
41 44.707393391402256
42 -45.43212816309491
43 48.79887907396726
44 -26.616149823060553
45 11.938650038520933
46 10.042283496010485
47 8.301073262390965
48 20.429928118400376
49 -40.39236867824517
50 -1.9049065208842455
51 -48.17864712014441
52 -16.559897652254815
53 -4.7081895029984775
54 -13.511320406608299
55 -24.773055958184354
56 4.670924429218717
57 -5.608838128956211
58 -13.497847354088474
59 29.27286406565939
60 -9.399366607175144
61 5.990913677321387
62 -43.99431549072555
63 -15.386441114258039
64 -60.50310589645199
65 18.382334968422057
66 -73.40545125336756
67 -26.25975105516295
68 24.636563844688325
69 -88.41363826806952
70 24.025609589716048
71 -81.14042665333902
72 38.27404949579829
73 -69.84495091968978
74 -16.18461765140362
75 15.8823163971441
76 -31.48613154026412
77 40.11720837203408
78 0.7280772267599485
79 66.9330931887208
80 -25.736544508199607
81 40.83701272039867
82 2.7849613200734193
83 25.404895320671713
84 18.112368622993813
85 37.494036697069745
86 0.07783838343572645
87 22.39048248928711
88 23.00151055494272
89 -11.152806480142717
90 59.84775064036956
91 -31.124581989361886
92 32.79018767068485
93 -9.062575590353228
94 0.8003185857542878
95 33.84591201127501
96 30.89754888956589
97 16.82417172040338
98 -2.580388208645744
99 28.07650678110429
100 -46.136682803227124
101 -5.266208412178517
102 -4.975142292023197
103 -35.449627663140824
104 51.703405394938166
105 -27.03721591037273
106 102.06237658203584
107 -16.11989431813789
108 27.9989110038844
109 56.32671540672266
110 -12.062426449315979
111 53.3569715924535
112 -25.855388742848184
113 29.13373991060183
114 -17.96518084897887
115 25.21119661946376
116 -29.77391629880839
117 23.08971141665786
118 -41.971349787965195
119 57.86394203080949
120 -50.75713080331186
121 61.36993159283983
122 -22.021274701843065
123 25.364547807340347
124 -5.405360070789887
125 4.426865699560024
126 1.7499927498429686
127 -0.0
