0 0.0
1 -4.368880368997855
2 13.878511120577137
3 -29.85785749097125
4 37.399016121368966
5 -60.964405924497264
6 29.527132827860907
7 -38.422997590658355
8 8.55084427619538
9 -45.28299750815311
10 2.076834451854649
11 26.067566585324684
12 -85.16810171728645
13 51.15942755967716
14 -94.96627313427997
15 67.25267879746163
16 -48.83959634917035
17 25.24456176431234
18 -6.167782143449256
19 -2.45153782930361
20 -50.3244067923791
21 -5.965352947263132
22 7.790682265258748
23 -20.143820722786874
24 21.627456745637197
25 27.024386986486476
26 -7.051577699221478
27 35.32475368798021
28 -5.729226419793505
29 -32.76700553848529
30 65.3867236259078
31 -75.12570494250656
32 77.60379572576576
33 -4.195920138637577
34 54.21183312169083
35 41.92069643729294
36 13.88936613162306
37 30.127375389868646
38 -4.641645247829147
39 -46.36461314380635
40 -0.9902054612890898
41 -45.506226404440376
42 6.526962852970907
43 -40.361891266206314
44 -22.91206329402922
45 29.413768919683843
46 -64.86861075596782
47 47.772825979198124
48 -73.61902874435002
49 16.721313747642238
50 -18.379740826975006
51 26.244048292273206
52 3.3080301619158687
53 49.6634705720659
54 -13.533978199598602
55 23.578711553587382
56 -15.603112214773452
57 5.872676609145362
58 -9.035433905703119
59 17.570785331593306
60 -15.444941440913157
61 25.042821313041372
62 -5.82467639827294
63 17.455434914173946
64 -17.209276760979147
65 -6.3504572537966615
66 42.40601918111345
67 -60.55204416642364
68 7.582287242225005
69 -43.67653969719312
70 16.980011105793967
71 -56.72105225089169
72 35.02702956094291
73 -30.082912662587095
74 52.0933896606019
75 8.087292402337257
76 33.092198446201344
77 11.81033396853872
78 40.269761039167484
79 0.4164498250412665
80 -3.0353742818553364
81 44.75232092687335
82 -30.460398599859026
83 -24.10185570171008
84 4.548761873701363
85 -57.86998447290776
86 14.727604777159153
87 4.583202222781369
88 -34.94149167547576
89 29.37157340331072
90 -38.7202458248046
91 32.36015675616778
92 -59.71480009986663
93 9.467365332507173
94 -23.62122425074675
95 5.658873860035421
96 21.065610943725556
97 -6.300263433162996
98 18.479841699354587
99 30.056096835967583
100 2.899651296625274
101 33.12094327159223
102 -14.909776833254957
103 4.661408721514622
104 -19.12746943110063
105 10.721582940329604
106 9.006980636827562
107 -3.290096325766679
108 -7.54052065079618
109 -43.505608535499235
110 23.009128965110342
111 -107.33467267221295
112 63.33359032170362
113 -50.198145216300404
114 -10.258923853115554
115 5.684836085032907
116 -84.00315357582299
117 84.92362945299413
118 -97.64699498478967
119 56.492976706745466
120 -78.58847396000785
121 61.685529066925305
122 -23.22236972021451
123 40.621591828940545
124 -11.979334088281819
125 10.783810715751414
126 0.3176634067965693
127 0.0
