0 0.0
1 -2.0908272303856412
2 6.171522779235898
3 -8.408981037333938
4 -15.386904042218648
5 -30.75938601349213
6 -23.578186853514623
7 -18.43393664823886
8 -77.98484300274475
9 -5.709961363689346
10 -51.107316752224605
11 -45.73853755844149
12 0.17220736398468114
13 -77.49204152962521
14 45.941496547712994
15 -74.00513667234614
16 21.888149599291054
17 2.776467265875916
18 -65.04406526946812
19 85.05097496495374
20 -94.00161491541533
21 53.32180018872738
22 -31.7906910602466
23 25.928992591417238
24 12.676265844222218
25 32.977011005785684
26 -11.842635692934255
27 32.436048521542496
28 28.810926974827083
29 -27.8373057298062
30 31.28207369659149
31 16.58656553466137
32 12.28611053133682
33 35.46362402354044
34 -14.505067108677485
35 2.2259568672080303
36 25.91024807856899
37 -59.69122862895103
38 57.51139748075807
39 -48.35845430639836
40 30.833936075985175
41 -24.679456503820262
42 26.198046593681497
43 -30.794958374659743
44 17.66310745238291
45 8.008633446792352
46 -5.0595200562216345
47 20.558289408609
48 -25.67279985793923
49 44.32385520680903
50 -83.3104312598512
51 32.03623629400626
52 -33.97664379171541
53 -28.009685632796668
54 13.041864682480687
55 -17.093087580911337
56 -2.8234666059503337
57 19.67258396157944
58 -33.938431964317495
59 19.37642109640731
60 14.200168044049507
61 -6.179827475875221
62 39.491060205069374
63 -11.943923564434876
64 22.868578146034768
65 -10.689323638937374
66 2.229578262288159
67 -23.69980140599941
68 -2.5399478584603155
69 -2.8261184225391687
70 -43.90089620254678
71 13.000664926727511
72 -39.20734471012561
73 -56.99897105069259
74 45.69937912829012
75 -70.13350702964645
76 18.3224520517939
77 -6.70361228751943
78 -46.08629684244147
79 32.89283112152369
80 -40.25518499208096
81 -30.01789848308
82 -3.214391193548995
83 3.8224913957962308
84 -50.82118160050584
85 48.84077668870721
86 -48.35358966488067
87 13.341256559937344
88 -19.67000566457356
89 -16.09966660564813
90 4.761189542082678
91 7.6633800741445315
92 17.060970311476293
93 -3.024791519817804
94 67.36454931855917
95 -0.28687394763882856
96 46.238188850156
97 15.51776670996566
98 47.92864495415447
99 47.428461335946636
100 43.00682749345014
101 -36.83994167154744
102 14.554636481288654
103 -6.372203727079174
104 -72.00240348252926
105 34.620866418191596
106 -94.82915228115499
107 -13.139667489470273
108 -65.44194640987273
109 6.936057796767562
110 -49.784961732869
111 5.468776339153945
112 -27.97428994729042
113 9.612625726660374
114 -7.894356717557001
115 -36.29163672415771
116 16.669095219614913
117 -6.001850535479461
118 2.6752467009209884
119 -10.390386208181138
120 53.06024736198404
121 13.500598997715143
122 27.285280307486943
123 26.387230732846596
124 7.5092152531292795
125 11.795665491123087
126 1.3777900380494466
127 0.0
