0 0.0
1 -4.847592959878327
2 9.727853397000594
3 -12.880179596523176
4 7.48258747780103
5 -7.639201620335938
6 -20.455650903852824
7 5.302148962979107
8 -18.60197577691983
9 6.167089854130854
10 -13.765882973387926
11 18.084267224234733
12 1.6326652889436826
13 21.71097282729143
14 -1.0317791266334895
15 1.8268721874275828
16 -23.507158128651884
17 -19.791555752452005
18 6.237218305587515
19 -21.578553775343025
20 -11.338633505695475
21 -26.89330348785235
22 -5.1426933680901685
23 -53.20658107346333
24 9.53182183408507
25 -54.377764503126514
26 42.0830608854159
27 -5.901762364829925
28 -6.9986556083318785
29 -23.898577770287993
30 -21.65515471723194
31 -3.761263878586523
32 -1.1669575476286256
33 2.840115799000789
34 -67.92372823978792
35 63.705997223772385
36 -63.62632927467514
37 24.336313561511457
38 -38.097720631268835
39 -28.231392703353222
40 -11.432694501878595
41 34.22066968523422
42 11.863080961067864
43 23.433347054080333
44 -16.739896838680828
45 29.69244262406666
46 10.573506516048717
47 -16.04200501473046
48 -9.24360500983447
49 59.81316160048144
50 -14.668038961378635
51 6.612323750807314
52 14.286727571956165
53 -8.5896328851206
54 3.81839132902219
55 -34.18156840286137
56 -11.809985978193287
57 -45.24874831451949
58 -21.155124491668765
59 -44.584888108501374
60 -44.97060262543083
61 -39.946060084789
62 -44.80088850127487
63 -0.8930876154769998
64 -25.210167663627676
65 -0.6686413643265914
66 -0.4272431745548305
67 -31.148737069766884
68 67.05669319094055
69 -52.455680545643546
70 78.560644067382
71 -60.31930046775195
72 45.043036805790436
73 -2.4375795183711793
74 -26.824640591098234
75 27.006327838622685
76 -35.78430956711068
77 54.13009838123281
78 -12.788744986709295
79 39.725004641636545
80 -10.4236415755694
81 68.65884369087271
82 42.90493370198586
83 6.884149923770401
84 112.9948405201537
85 -8.406034416144191
86 57.09271119547177
87 -6.162702504079549
88 -21.936808431989657
89 41.19176053209688
90 -18.843351909118553
91 52.213955389738636
92 -34.34340477159543
93 50.75775536419652
94 -26.817225012136948
95 76.24831090561305
96 -44.047673364285636
97 18.485555068029477
98 4.370257825106222
99 -20.13595425138023
100 15.053177720659704
101 -58.836801774961515
102 19.27477754327138
103 -92.24754072887711
104 35.021681158797634
105 -97.59112110622836
106 17.54198554170054
107 -35.95491594899667
108 -64.23969360342339
109 48.87511695684609
110 -29.28653041491373
111 29.6152007207697
112 -0.6433354421679284
113 43.56878431893498
114 -53.10533024421876
115 80.95617707009835
116 -46.00402331297314
117 41.96033796462217
118 -21.019053259338854
119 44.23873588197963
120 -42.54235255672732
121 37.611949456776635
122 -8.043341872567346
123 8.265707185157199
124 -0.2115863246692704
125 2.5544738367476945
126 1.1500908705985675
127 0.0
