0 0.0
1 -4.276580038079941
2 14.542234131048229
3 -25.486009275427055
4 30.80054266353972
5 -39.7918636128504
6 11.074118165338268
7 -27.08575208375155
8 -36.9235774312521
9 -27.442726210768814
10 -47.051849550114255
11 -17.372166782896812
12 -54.82899304081306
13 11.753639366024935
14 -63.704957850282646
15 13.935998988044474
16 -14.447154308123906
17 -24.058154222491112
18 22.45044626945724
19 -29.849141494100643
20 17.55433090326237
21 53.48265749544308
22 -26.296428344350005
23 58.188958762685004
24 -59.741935633600185
25 47.551797205918355
26 -71.9442197298284
27 31.75906638249964
28 -86.58996111388569
29 19.70018536679201
30 -33.8310465971025
31 24.220790904733295
32 -41.26385978690637
33 43.840057783605616
34 -63.23766375877898
35 4.190928021618582
36 -7.587045647423301
37 -45.24146620891495
38 32.45025849416748
39 -61.61527876412515
40 29.77028862966389
41 -22.0902132199816
42 11.283172010427126
43 -8.226468244230107
44 26.76978466174697
45 -26.41983567271588
46 29.023072572786617
47 8.675845771762765
48 -8.68747747675006
49 32.48837421094069
50 -12.109799590570024
51 32.06173634107343
52 -24.597237579131157
53 0.8981329249568886
54 19.872881766886024
55 -34.494507118726546
56 40.42354308868803
57 -51.788726504209016
58 51.262494078842884
59 -62.55552153979708
60 19.11047911287831
61 46.72079346059762
62 -50.76574763069861
63 74.23238192071618
64 -18.47019571156263
65 50.72243264768338
66 41.721068325977754
67 -3.6237639911465025
68 36.91879354465348
69 24.93769698467561
70 3.1878371023405925
71 36.0030991690007
72 -1.4701817044794625
73 39.116754812257916
74 8.437479790257372
75 16.291710886559223
76 -21.777059641825254
77 -10.198361314223053
78 5.639209756233861
79 -28.32415989569587
80 -12.805826937414214
81 -51.91306961919019
82 -20.797634917219344
83 -32.097492552620906
84 -4.989030718647977
85 21.138918735863086
86 -21.27930315805153
87 24.340621378901986
88 -19.484181184858407
89 7.103391570641267
90 -1.5292102774910867
91 -26.331633559889315
92 34.071111931500404
93 -18.473598533236586
94 64.84439285175199
95 -58.955252067504276
96 69.68454287278256
97 -52.03728903540894
98 56.36140259260819
99 -32.968875048884264
100 -21.12013812311615
101 25.3756991349843
102 -78.36937873680264
103 35.595422243346206
104 -48.98591131404705
105 -28.798239674218777
106 -41.47161177620251
107 56.097499859023394
108 -81.82008470221291
109 44.32571289527062
110 -6.466569706825143
111 32.22705304446674
112 -34.71415718077859
113 16.421221302712766
114 -8.693155787810102
115 44.57816458408169
116 -52.486142792949494
117 25.193276244446455
118 -27.442265827968743
119 22.532812335878432
120 -21.88971438883596
121 -4.191013794759499
122 27.415460231522264
123 1.5381259801395202
124 5.9137580958685945
125 8.859027468897528
126 1.2358825929678776
127 0.0
