0 0.0
1 -3.2503295585997103
2 9.222298490859945
3 -10.274848711445154
4 -3.437138262566463
5 -14.471046121749481
6 -30.240314101397786
7 -10.097018445162005
8 -93.11455129830468
9 -23.26440558906782
10 -56.57633558951503
11 -16.79657134926182
12 -25.18034954979733
13 -57.39041850326948
14 -13.896270967470784
15 -88.13225942314712
16 -8.104978708554892
17 -103.2528708868223
18 -30.813053750798463
19 -22.37698026052599
20 -24.966009069822345
21 -13.620698425904967
22 9.214154693597267
23 5.227778019007245
24 9.648652400158197
25 37.518280992294834
26 -27.326097443843942
27 82.95828346887919
28 -33.21145209676129
29 54.93660009195808
30 -28.875849853075984
31 64.59306750393978
32 -39.7460008344587
33 34.57767882024251
34 -23.873950999688805
35 -4.185284932179112
36 -6.278314649052077
37 -14.274765348283502
38 25.177381250384215
39 -18.70386419809894
40 22.134506569671586
41 -42.06639176607601
42 27.246670298160517
43 -73.90703976241633
44 60.72707456259969
45 -57.24949216566093
46 -1.9072600333746386
47 -14.661843092209425
48 -25.571008598701184
49 19.588324004705825
50 -1.094370024612712
51 26.884189117974838
52 32.18079080461237
53 19.28813545672304
54 -3.185869965593566
55 51.96756050956164
56 18.550891667870484
57 -2.079433652733223
58 -2.8724787169348223
59 10.833718945520518
60 -28.731262653069848
61 40.669639484492905
62 -39.46930330742754
63 17.44488424597182
64 1.8135470559258113
65 -5.658740809255465
66 8.997972823358051
67 45.963359876225475
68 -27.264714140789273
69 38.8576519597525
70 -30.807317850512664
71 14.176924425038907
72 1.2651378024201467
73 -38.67146434469957
74 -47.05673388655515
75 -15.47820173110715
76 -22.7136887115551
77 -59.54285346205182
78 -26.33232022092318
79 -55.72533807243337
80 12.674009560896915
81 -45.84637155006708
82 33.500612765200515
83 -62.43240534926379
84 51.45730275545392
85 -4.783677019267595
86 -6.322385062514313
87 29.35120899410582
88 -35.7342248458166
89 39.451822363637234
90 -17.72853415703907
91 42.15883373858925
92 20.84571913073567
93 -23.306375923836967
94 63.168792238455424
95 -38.58074027572235
96 82.4317323108245
97 -15.368616313826536
98 44.097224019371204
99 8.400997707991221
100 52.31596621599981
101 -29.477844211820333
102 69.0758673754126
103 14.77742089910362
104 -36.48732683037865
105 35.22946169569221
106 -70.97694292724594
107 25.427681092677457
108 -92.05678070717877
109 19.31120642425479
110 -104.67936527288676
111 26.73031152133012
112 -93.13233360144574
113 0.5973051633657868
114 -42.82201238361379
115 18.248475718696874
116 -21.819632127222807
117 53.90010906275049
118 28.218341863475505
119 44.178789630880544
120 25.33989956685919
121 13.713517172581426
122 33.129328369423874
123 16.96455966006853
124 17.766504825568877
125 9.798216694964417
126 1.7547803101409416
127 0.0
