0 0.0
1 -5.498091119823588
2 13.88829691043682
3 -29.45339958727845
4 19.88011498205431
5 -23.3352129126966
6 -12.585853809912573
7 -30.127189321311924
8 -15.81636619619574
9 -15.81620220886619
10 -34.890770747044684
11 -20.839114156798896
12 -32.611689125860075
13 -3.77808710341996
14 -24.865980137478807
15 31.462758407319544
16 -20.839261855053486
17 20.956047252075333
18 -63.13171643861104
19 85.29588284251197
20 -55.35479771509227
21 33.836718736549514
22 21.47517520449299
23 -28.0196257582752
24 25.41370440035529
25 -20.272426281408265
26 -10.674166450153065
27 17.65467588280085
28 -1.780174012135908
29 -2.6609872176393012
30 15.827342708556893
31 -3.102349504059606
32 26.273975244713508
33 -17.822641937454456
34 63.531805558118506
35 -50.13950473621049
36 52.70591055416092
37 -11.214448806873955
38 3.6800890405472844
39 -13.126155130659722
40 -8.135169141692378
41 -50.44731068603538
42 -15.70163178176998
43 -13.84434179186754
44 -61.22305851693848
45 17.92163278970274
46 -44.232405483697164
47 6.644056785761918
48 -11.501225147567022
49 26.08259408998604
50 -65.47425096995525
51 4.727211150314456
52 -35.09147370908184
53 2.3583460294221354
54 13.876502285043035
55 23.10130770001603
56 0.9748961842786823
57 44.210155796323605
58 20.07010149798638
59 -8.33395689593817
60 42.442533860288364
61 20.10846973474775
62 9.88159591003219
63 40.16131368347299
64 2.326498963729269
65 15.523739127858233
66 -16.44690910949126
67 -22.10146566469837
68 18.688514133055186
69 -58.700351695331065
70 78.46428635642653
71 -63.66624542100601
72 42.62553232057305
73 -21.064487818672497
74 -14.695706245586646
75 13.1371104348966
76 -1.27093327787395
77 -2.507690045433513
78 -24.877174736311037
79 39.67038519918403
80 -14.045808144983454
81 7.045033279373074
82 6.591372648432469
83 -6.450568569697676
84 9.443651214319845
85 6.230354805855741
86 -35.57025101484206
87 23.196181585913184
88 -21.79701326933134
89 -7.6092329308916815
90 -35.7218661767388
91 -7.558132686424674
92 -50.63602956867615
93 -54.2497907006025
94 28.804585615806864
95 -60.299846569964885
96 -6.401471434984876
97 -29.92387477767509
98 -32.78899237012776
99 4.921102671366193
100 -31.819621541373657
101 -1.9726495858765747
102 9.731339580166079
103 -37.838478921674344
104 -2.3559598521064324
105 19.843486700997403
106 -4.139196770556506
107 -22.005658781127416
108 38.12494098633553
109 -30.048122271577302
110 48.66973589758796
111 -26.000343101983493
112 31.634383237075365
113 24.350871703856573
114 0.20373862630995715
115 43.053906251201035
116 -35.411264973802254
117 80.50470087538686
118 10.609934069335079
119 47.91230687504768
120 -20.851514866842365
121 60.083881410581
122 -37.91923091904899
123 52.98330125998278
124 -19.267754684781625
125 13.959227165037996
126 -1.0611294437165426
127 0.0
