0 0.0
1 -4.485933281313156
2 15.087197851911247
3 -22.257856849657085
4 9.074407254649474
5 -21.99040808351255
6 18.92172730705607
7 -10.163586599929387
8 -46.448850196465045
9 44.25456380901392
10 -101.85885254191817
11 67.06553015922387
12 -96.16501431709901
13 69.15174997420472
14 -51.29519057127953
15 -7.195089401201053
16 -25.33611036341453
17 -69.9057673458283
18 77.52032528055132
19 -112.55852235069763
20 50.6167347625822
21 -42.412625483321
22 4.257909573697722
23 -8.021765995825604
24 -49.74094802328094
25 59.75296822930947
26 -53.857614273015265
27 36.31076285315489
28 -2.766211008648784
29 -13.958291209928065
30 28.727937822117166
31 -12.284295163437168
32 6.414920183999995
33 -34.84146400824411
34 -7.858126415288796
35 -23.275125439257007
36 -11.632272855554532
37 6.383712350122263
38 1.9266689342648629
39 -15.090663506889774
40 -16.746739712887045
41 28.482023133473973
42 -39.65232374323223
43 63.384488178708075
44 -29.03472632873661
45 55.37333183891368
46 11.285159649261036
47 -8.32481908930688
48 25.087065150834558
49 -47.608380381324025
50 43.629210958461215
51 -28.065777992766492
52 62.866887537435716
53 -21.04726540885913
54 3.7903702993347252
55 88.36548160732254
56 -58.08543963686312
57 65.33708923524686
58 -16.657244046352815
59 7.376961909994869
60 33.2720979062532
61 -39.95020525188451
62 16.03921645683894
63 -32.094973047168885
64 39.13640887625494
65 -7.095871765096733
66 6.369938346455706
67 -18.924824672389857
68 40.50353839027728
69 -29.121056534348803
70 -22.280674699955494
71 29.83350906624367
72 -96.33614278864698
73 20.35448200423979
74 -74.66564352853179
75 -4.262040252515734
76 22.92827735873247
77 -30.591469984478138
78 20.609858889971445
79 -62.85026708671799
80 21.32439202202533
81 -55.55486560169924
82 23.419134071000475
83 -28.110894270970324
84 23.44825256423219
85 -15.233309307078068
86 -48.46765585041176
87 31.868318478801378
88 -52.9311996060387
89 22.591908079516504
90 -20.994432524763514
91 -5.877494274265001
92 -1.5620151463644145
93 -8.83046388153161
94 6.393055347833345
95 3.685684215777467
96 -10.12334655945685
97 -6.240368752852969
98 -0.11277638047383598
99 13.112744337769918
100 29.254130708989237
101 15.38117077946444
102 2.4838061754390295
103 4.214724734133755
104 -38.96741183125162
105 2.064844557437624
106 -32.86466825293527
107 31.33182116480512
108 -40.00538948215633
109 25.227600330171313
110 -57.52627592010767
111 13.927607954868078
112 -29.577380970206114
113 -24.042779191454265
114 48.83474168003559
115 -27.543615519116276
116 41.392081549026805
117 -10.213640876608839
118 4.65623581693468
119 6.888762575472395
120 20.323387599895106
121 37.59076950438085
122 -2.0945480824519946
123 26.169097399616778
124 -3.307716203935148
125 16.46689317063464
126 -0.4704922728290368
127 0.0
