0 0.0
1 -5.109248850291285
2 13.443181412788428
3 -12.768143584966973
4 -6.480735651030675
5 -1.0009774149204897
6 -56.60031950040858
7 53.04953216238171
8 -74.87343537390257
9 34.93629961845215
10 -10.561750770571969
11 -3.4598857702225465
12 -14.410935391400171
13 2.0501915451358395
14 -55.61301454187384
15 31.93058086136493
16 -48.267537710766405
17 -46.539009109406905
18 28.090826109897353
19 -86.94223830368855
20 70.57299273040671
21 -119.7936133720835
22 39.67731122394385
23 8.735270232370558
24 -6.926030753056805
25 37.26630655680182
26 21.409140757218893
27 -2.2362981432063505
28 18.570707385757128
29 -17.214451999061946
30 -0.9203554899402773
31 45.44183458594575
32 -13.838580322723447
33 83.27535976645777
34 -32.005347517099366
35 81.48085761332182
36 -27.52951627841232
37 20.178038816055707
38 7.375796472625764
39 -18.735100150500415
40 21.77566285383444
41 -27.299119119972545
42 17.543996237942192
43 -24.979893232125445
44 -19.53168602101179
45 -26.50904545851527
46 9.489227390332346
47 -27.814712234150868
48 12.582988491662178
49 -58.40086364828725
50 14.86417631137008
51 -62.80120745134339
52 -22.323981449050713
53 9.387476645799618
54 -53.1819697933565
55 31.239927416653135
56 -50.19206878083447
57 4.396244213549167
58 -42.430758428502585
59 0.7945271165437747
60 1.687213734678415
61 14.998829218213105
62 -20.413934089827322
63 31.745663332088217
64 -15.924819523919437
65 13.558285544498851
66 40.34493862250805
67 29.631027536705243
68 -18.501480030228983
69 42.3698911767018
70 -46.85203036211083
71 -12.141877180109185
72 38.09904308942077
73 -43.413936192677745
74 36.356477785321054
75 18.295054222635976
76 -7.740789150114976
77 -24.94971080972972
78 10.959669496493921
79 -73.39889072644796
80 -3.499860869667186
81 -27.893371482339106
82 -0.8635171881150501
83 -25.162917375000305
84 12.879147584154994
85 -22.606273352457293
86 1.466107500045777
87 -4.229548147231521
88 -6.342030426529991
89 38.575008363831465
90 -29.25169229255703
91 56.61632205714028
92 -68.90248849949197
93 63.34414670851907
94 -56.875274386094446
95 12.519907471820403
96 -20.996289670223007
97 -9.34966960542473
98 4.979251930188428
99 -5.382663400382939
100 31.524360249652737
101 -39.25869523241581
102 57.3390319397932
103 -40.43195542996107
104 42.591100298887646
105 -27.777883570036177
106 45.16603281968825
107 -27.10168487482529
108 40.06315514097368
109 -16.782611522298556
110 48.09932471695815
111 4.731905993862041
112 31.780691440109287
113 56.80768402952713
114 -44.177782701926915
115 96.19630742669952
116 -82.72255405950557
117 80.39627608190173
118 -53.03771191165519
119 8.840012019255393
120 -35.04273484686602
121 0.507376928908005
122 -22.05376359361535
123 23.558695078076656
124 -8.041415054460526
125 8.153564643258463
126 1.3147429510611943
127 0.0
