0 0.0
1 -5.360134461908233
2 15.591471806462733
3 -21.215175362557083
4 20.855582939358978
5 -61.631780229931834
6 28.33474509807411
7 -59.21094795901301
8 -4.353596825301153
9 -9.679229674161707
10 -26.345417603433035
11 -14.095699825000205
12 -19.607826074860306
13 -0.5311089429578472
14 -23.07464818450294
15 5.860715937785594
16 -11.399684548817692
17 -14.169280217532124
18 -15.333249232943759
19 30.888518772269457
20 -38.775145888660546
21 48.65558149816265
22 -36.159164201355196
23 47.012361853362044
24 -17.857606950578337
25 10.05741584061779
26 -16.9820358906455
27 -6.979908393921895
28 -44.80451514140791
29 -10.627209857223612
30 -38.47953729528489
31 20.76696154509705
32 -68.36096445143139
33 41.49016426924987
34 -28.125108887145675
35 8.393339993493194
36 25.540677512667944
37 15.847028773208754
38 68.67547074285349
39 7.458958401723176
40 41.38572035269619
41 -0.3016895457255112
42 14.750409187862763
43 -15.250872331726447
44 18.57349014545728
45 -50.29227140640739
46 41.35605514622117
47 -66.89784299040954
48 36.2747868145996
49 -90.7864939920766
50 72.03166111862969
51 -49.03986991818872
52 16.50322493341672
53 33.332555245512175
54 -17.698883580364296
55 43.94970930991462
56 -21.110658292712028
57 3.090194824113493
58 -2.0396326920183117
59 13.070815970393639
60 6.642824348037746
61 44.283930891398164
62 -4.194674600502205
63 41.85887802130562
64 -47.68038599305408
65 58.894405384690394
66 -8.299938977184413
67 50.90070234778388
68 4.4249899825477925
69 9.78493499602923
70 -29.165932908024963
71 25.974773715754893
72 -67.54584794104282
73 -31.601992053229296
74 -34.25161767265096
75 -40.14662402751971
76 -0.12747141240494853
77 -51.29350816176794
78 31.98233959242376
79 -24.11485047243271
80 36.73619464370332
81 69.67336634774024
82 21.30810570824918
83 41.59610280602387
84 61.39024119713406
85 -2.5692279958624145
86 45.77888008934075
87 11.914398248919031
88 7.856871018916429
89 0.7187100458989791
90 12.885130125545812
91 -36.173566613641604
92 25.49289265908388
93 -29.21645692781772
94 -31.288176876010752
95 42.19548620574383
96 -96.28963762169175
97 47.000984067689465
98 -45.94292997883058
99 -6.66411793237105
100 -1.2997282529604797
101 -41.48546215826605
102 21.176787888324277
103 -29.69209303423489
104 17.451188911486785
105 -37.757114895664984
106 25.229393053834155
107 -16.860748067395345
108 20.824462552536186
109 -46.4673297045747
110 -32.994377759351835
111 -15.80422080502172
112 -47.36832489129985
113 15.770472208053663
114 -50.42161102930689
115 -13.189850864941738
116 -8.957808883663805
117 9.392479230104676
118 -31.745116288241533
119 57.53570020288553
120 -62.04401686174915
121 79.38928362079257
122 -40.215811487669576
123 35.97078575557435
124 -13.703422263726559
125 12.598614411808049
126 0.07617981089831874
127 0.0
