0 0.0
1 -4.133057114645413
2 14.687651783421718
3 -23.64149583927815
4 13.86580688649792
5 -47.02995538521989
6 -19.014444162509644
7 -11.061751051894639
8 -63.99556660236421
9 2.423189756206925
10 -85.52224830375313
11 5.479619644533554
12 -32.77409880840454
13 27.673104661232117
14 -20.791281024371454
15 56.88109308992732
16 -34.33538788374378
17 14.924251128963999
18 -8.82984659879873
19 -29.35778784566626
20 25.64360721097378
21 -54.126350805461655
22 53.027822272942245
23 -22.08053247495769
24 -21.559354684318343
25 -20.69731227808024
26 -1.9641216539837647
27 -10.284747377806495
28 -47.693055975401116
29 33.054912960152485
30 -41.80824012752394
31 -39.996787142631945
32 -12.629141060493124
33 -14.551195054150046
34 -11.411549262125567
35 -42.65660588455265
36 -8.89847576454929
37 -4.737900321680743
38 1.3537779861509824
39 -29.615842435585783
40 11.758917728713806
41 -9.155632871898787
42 37.20544021840745
43 -17.97514188127092
44 8.366237123238953
45 55.777838070424366
46 -44.316415067429816
47 32.17705549514205
48 -23.155539692938262
49 -7.844158909063832
50 -15.280078133679739
51 -5.186811197878593
52 40.368774296490635
53 -27.460290960723984
54 27.266661576540564
55 39.50643875824929
56 -6.607517546176899
57 32.34792079362942
58 32.455651557016715
59 -16.182673752750667
60 42.83820149482008
61 1.6782115962814845
62 -37.923893355277485
63 78.43074742195599
64 -41.083645869902675
65 46.32539758354563
66 33.139762019494924
67 0.19021718470815838
68 9.894703526299432
69 -30.928112510425787
70 26.432519763566653
71 -64.81605515414871
72 14.378330702994045
73 -30.858994134880387
74 26.814766187503913
75 13.291711012063661
76 -42.21570314950537
77 82.3775770151581
78 -62.4678407875242
79 32.336852212082455
80 -3.8300294016295924
81 -36.32929073291743
82 24.73684362881539
83 -97.2359141802519
84 20.524742911371124
85 -34.609169529297624
86 -21.435114092843083
87 -16.111948901034072
88 -27.445414637646437
89 -7.439630503604504
90 -16.522497630383242
91 9.479641394045416
92 -27.578167362204486
93 13.02429375929436
94 -35.96321027412533
95 4.25810224946694
96 18.342422997115747
97 38.72528956700165
98 11.334374091872002
99 6.728826812090781
100 56.599672198103136
101 1.950392335128959
102 18.494271459310927
103 7.287102391868665
104 32.172822831341826
105 20.612326859049006
106 23.871431115378037
107 -13.119194796044088
108 -9.975788395836803
109 24.227477724343867
110 -64.65476792204498
111 29.642314609316283
112 -87.97255633404197
113 27.970036090300745
114 -62.6629970610104
115 4.123016890984754
116 20.024810475781912
117 -43.71746381814221
118 44.03375959563312
119 11.39756480395437
120 -4.222059964750439
121 36.194279864846834
122 -12.611725816978687
123 32.96557994073834
124 -5.4655859319232025
125 11.757945763713776
126 0.3773946520382166
127 0.0
