0 0.0
1 -2.177468207746503
2 2.0948880423768284
3 -13.510525139343095
4 -0.8664590938592761
5 -46.628748017047776
6 -10.125438798728958
7 -36.96939160175125
8 19.05782125126253
9 -81.16621548218943
10 18.39467639290281
11 -64.95404528239737
12 35.03663066748704
13 -33.410913037231886
14 24.57398215888704
15 -24.586030641470327
16 -1.6860866822333065
17 -8.067246837739061
18 -2.0746716105205008
19 -25.44498154346514
20 -22.449607571791578
21 10.38228858380902
22 -6.287508770831985
23 16.670673333615383
24 -6.392630163521816
25 17.241673654756635
26 -10.70403775840005
27 56.0437466410347
28 -42.52877522146496
29 21.33563202734953
30 -34.251949942080614
31 9.559536354933407
32 3.863410374199654
33 -25.967238835127752
34 3.047575650348867
35 31.819990325796123
36 -4.335335364683012
37 -16.39985376580749
38 5.434063324355141
39 0.7564120248717427
40 -7.132835564248987
41 -21.26760548583563
42 42.380062192366196
43 -51.53021380152387
44 29.54234016463008
45 0.6851466823123717
46 -10.213934901830621
47 41.915362227878354
48 -22.74257672840089
49 32.93039235923183
50 -3.911386242021552
51 -23.10362713413214
52 14.065322640910688
53 2.7315075016723296
54 -13.711252504056999
55 13.819210489949832
56 -22.913255183180013
57 -16.641873871005682
58 34.13237083775941
59 3.8287904896303484
60 -56.96966171684063
61 3.9264731804587183
62 -5.266691101051062
63 -7.606004425945491
64 1.9606136253407984
65 -4.974332659606427
66 -32.97520309196823
67 35.19447617505774
68 -38.83885401885804
69 17.64672790011951
70 5.41394792742216
71 -48.77484705154626
72 46.49566820054906
73 -0.6163966329707182
74 -17.870852309944475
75 24.69180452108912
76 16.598726280045305
77 -11.498632992848307
78 10.663317428809162
79 -57.93134109162033
80 45.656085717969205
81 -55.946736760027306
82 4.569275363106513
83 22.09148793121895
84 -41.68133583198982
85 47.46048957640375
86 5.60215804665296
87 32.783252910706516
88 44.799720121500314
89 38.09440144598227
90 45.818233559783245
91 -6.814695134599055
92 59.91022523681038
93 26.687136658972644
94 -13.376987708959245
95 28.78411361646973
96 23.08859577432703
97 -39.12172020751653
98 12.666102554388887
99 -50.92716765037282
100 -21.56973897694626
101 -45.62517488554242
102 -58.807220075801894
103 -4.177838744748971
104 -77.11846405580073
105 10.520321901795587
106 -45.2587481142004
107 -16.862118832311477
108 -26.872112259021897
109 15.85938871024447
110 -24.662343630473416
111 7.8454452335375064
112 27.774710656855287
113 -49.755760850044986
114 50.98746030955791
115 -13.305755126144447
116 22.744663978402034
117 -3.86118884376604
118 23.476182798769457
119 9.14092179930387
120 11.98063007435318
121 44.524535135351115
122 -30.4062473217953
123 57.342309448602535
124 -20.58631060124879
125 18.692143733501773
126 -0.7784273437996209
127 0.0
