0 0.0
1 -5.090876074007361
2 13.545703887090164
3 -22.54159239251231
4 -3.373340559183953
5 -4.538404525836369
6 -70.84220768602448
7 34.32349439560579
8 -67.46185817839434
9 -17.573073646889334
10 -8.235802598130402
11 2.4603792117740344
12 -59.46518500794918
13 -9.453076218561822
14 5.882050776436277
15 -40.61017627746664
16 65.49873521723148
17 -23.919953858556465
18 34.75193416473401
19 -24.30744023480932
20 74.86421313375382
21 -46.521323197453356
22 33.25713277022191
23 5.238873430299466
24 -40.718674164007616
25 81.01801973254828
26 -76.44597737712489
27 29.982226640465353
28 -47.16693866502896
29 57.40356586639476
30 -24.697144882676216
31 54.725179631684064
32 22.157918434378765
33 2.276633002232597
34 -11.01676158423733
35 25.281536206537464
36 -47.715328888255506
37 -19.74580296924367
38 -26.82170431264438
39 -24.104782039513122
40 -23.55556636215837
41 2.9598653595603523
42 3.0006346147563216
43 -49.0942091079469
44 37.74993175029471
45 -67.38093055401518
46 45.08858271332645
47 -25.312865332808858
48 29.90012328184718
49 -15.746323143990722
50 2.2012274671923318
51 -7.824775935272037
52 -13.857390861872279
53 -4.547753114500193
54 9.91908248286774
55 -18.2903211825118
56 27.343573977765537
57 -13.251555604762522
58 -15.690917280050687
59 15.446963456032565
60 -7.977950864267606
61 32.14630636992586
62 -55.11888839466649
63 46.13164450939289
64 -54.40001962947712
65 39.291747467830746
66 -8.51592504670717
67 4.831333552047239
68 2.8366591624996595
69 -20.127082031374208
70 -11.469408774694989
71 9.873526046807196
72 17.731972284908608
73 17.947178969262037
74 -17.513032950531905
75 86.81432226415231
76 -45.14255491614018
77 -25.42288013624338
78 7.012147218770477
79 -69.87775905945914
80 63.03420238007808
81 -82.91336220902734
82 53.314218840365385
83 -35.90104665147947
84 10.380336713291651
85 -34.34232042868119
86 52.9314072722151
87 34.41182816126919
88 -100.05651695645658
89 116.19356404754333
90 -51.46452233604721
91 56.789195497144824
92 29.394917556647496
93 -53.152176348803984
94 65.9716784005639
95 -54.20052073271103
96 16.921539278642996
97 39.369651053860395
98 -39.024732068493066
99 6.3763184017160635
100 -5.602569550472676
101 6.114043424678724
102 6.061638608469312
103 27.7740810867142
104 -5.57805014436707
105 4.790277581712798
106 47.79430528530106
107 15.968151183074884
108 -35.50821770976559
109 10.518673608065665
110 -40.49540738924784
111 6.594422289756732
112 -48.24516748844917
113 -0.7758155029608422
114 -8.673670102210693
115 -28.046129374034027
116 -22.38821948295435
117 -28.206571176184543
118 4.767277840933634
119 -30.648320633255803
120 15.704237507258599
121 19.97667295295645
122 -13.844425437361279
123 44.330923400097575
124 -6.971134286603633
125 11.344851710050092
126 0.5669026000651359
127 0.0
