0 0.0
1 -5.724012480887661
2 16.69612996055743
3 -12.225139167734234
4 -2.6290810860353147
5 8.708541590405229
6 -27.358594771003595
7 37.53765512446229
8 -62.915605287754296
9 59.370365698700304
10 -97.18988873400008
11 21.148904485028982
12 -78.97989101177006
13 -16.46697060158513
14 -24.282609881027703
15 -85.27014944328523
16 24.03676489507443
17 -45.45853645590922
18 0.6643630511307372
19 -47.09409867382809
20 -1.6947867721637562
21 -14.891735465529226
22 -7.368342643857256
23 16.93781122758793
24 -15.989283166644224
25 36.286224380380325
26 28.13711822616397
27 -1.2843252520606425
28 7.362070470313814
29 32.94144228713446
30 -46.22137828777254
31 28.92782321456794
32 -1.3040313988781556
33 1.257171268487689
34 -16.709234835953495
35 -2.747167949906187
36 1.0866174027510973
37 10.191196305131838
38 -39.67413763894911
39 -27.875649865308784
40 -0.8083154988997693
41 -49.61993113136018
42 47.4257111766638
43 -54.15988716986516
44 28.202105744339175
45 -28.601663971838203
46 -12.16015819501756
47 -29.159164316575126
48 42.51801513731741
49 -14.32260395765754
50 -12.092843020875309
51 14.727004999877908
52 -26.728108187007624
53 52.90963949985847
54 -29.399797861564714
55 83.88329341662988
56 -42.35132578959104
57 44.59217700745157
58 9.699294556797087
59 -13.044501972096594
60 3.0916635270681607
61 -25.420876872241763
62 20.488273658234856
63 -35.982206974782144
64 -5.445711789959134
65 -18.215961327542697
66 18.504942992392536
67 -19.509015396902733
68 16.446987093305516
69 -16.39777839004923
70 -45.039008566435676
71 53.49207464160448
72 -23.269759049666412
73 5.776910322935313
74 6.958481630284404
75 -7.9488188491100304
76 39.692000663738995
77 -43.66055630173344
78 59.49137826993394
79 -46.037508542207426
80 25.28544378638585
81 -7.220852130930585
82 -11.619077458534932
83 34.98122076518963
84 -21.126495796205436
85 15.337299039594594
86 -12.602048408716515
87 17.3347678350216
88 2.6737521479169293
89 18.051933974067637
90 -28.33220054073947
91 43.591020170040075
92 -71.92579845812242
93 100.33677235700115
94 -74.29947869773899
95 34.97661802764057
96 23.90158307774794
97 -116.10395099807735
98 125.49880992117171
99 -113.83811628489987
100 56.985852729137804
101 -27.09873726259215
102 -8.885093629783583
103 -40.23312623300257
104 -2.1302857908266533
105 -50.82572704027157
106 -30.796402336660435
107 33.26198473801178
108 -43.406932144672965
109 29.212527090335236
110 -42.9834287976985
111 75.21531211873457
112 -89.36526806030326
113 54.33722453932059
114 -11.872475043887633
115 6.480951522027545
116 29.784952773085294
117 -1.0621732823342838
118 37.40090789421767
119 8.075004523033016
120 -14.716629685052062
121 45.781921923848294
122 -31.754968747883304
123 28.410728100933103
124 -3.16893774342319
125 9.543795950081952
126 1.288518494754959
127 0.0
