0 0.0
1 -4.250146311726554
2 15.723801798069708
3 -25.41706817729843
4 21.621814035517634
5 -55.611638811670055
6 -10.67943311858911
7 -94.88713902456544
8 -48.89319351861166
9 -54.998126557638784
10 -99.82344147395862
11 21.062629300038154
12 -120.14253639552597
13 47.93262787722367
14 -99.11627601078473
15 5.6347798229378965
16 -24.559312179808458
17 -31.412968081338242
18 -39.19457318465943
19 16.68207251439924
20 -51.3958674598815
21 39.212214554724866
22 -22.98944919382082
23 0.6730402065427975
24 66.35174565045223
25 -3.763899919779171
26 45.23576449610497
27 31.60459429758283
28 33.732794293883984
29 26.82349572284033
30 15.28846743460725
31 -16.458998590645056
32 76.7895410514756
33 -47.08395112004149
34 38.50983911648303
35 46.767871960116295
36 13.42280966602166
37 22.809202988210988
38 -7.3722515771480595
39 17.143162540322965
40 -42.79025218120133
41 8.617246577229729
42 -83.84665420769113
43 66.05077417471396
44 -59.3858003558831
45 -7.126682414364579
46 19.789505993969854
47 -85.184629470636
48 65.19446504429561
49 -47.10358833703568
50 -6.835541342184069
51 23.366690027918324
52 1.2694959415707257
53 -36.390648107085724
54 41.69877973262495
55 -19.47117308063879
56 30.00450635761289
57 17.59466184467111
58 -22.61700250267521
59 23.971268345068424
60 -13.870440835598114
61 26.591035223519135
62 -37.94641627857646
63 19.099060230417212
64 -29.815176676603066
65 -39.1703335250543
66 -3.9494290830816334
67 -45.659200046293165
68 -15.94544831921696
69 -16.5795987796865
70 -33.9401987967882
71 27.46972588665838
72 -26.121321027205173
73 16.19812598749518
74 15.935651961363213
75 -3.175503924647509
76 27.527999059793594
77 36.04045369977467
78 4.347019512567232
79 -10.691069951341914
80 -0.2293377088626133
81 14.926179631678782
82 -18.177903003754604
83 -25.91162674354365
84 18.64404928793191
85 -63.28655224633119
86 5.110802698016664
87 -60.328467404529015
88 49.515077260154285
89 -80.52911084250357
90 31.741808393305735
91 -27.27896371007239
92 -30.9824033243475
93 50.314705322411335
94 -48.72122078015752
95 69.86419414949809
96 -67.54684240921411
97 81.0120262581777
98 -29.591841967604577
99 40.55101928350952
100 -7.563566379914693
101 42.908085779941246
102 -14.294494391317224
103 12.911632716489441
104 8.88523844749121
105 24.456329325591128
106 23.502930514141127
107 -51.145523580525655
108 49.774675889558175
109 -40.72553726947034
110 37.5922946763146
111 -31.395252764595234
112 3.5419337302937883
113 2.28128723444362
114 2.374834983932835
115 -33.17017260268712
116 2.28423481927831
117 -21.34093339089433
118 -28.54235751878297
119 10.591025991561178
120 -26.796339828565657
121 69.77576802407094
122 -11.512288369823287
123 58.770166463379915
124 -8.081322457794599
125 17.86214675865402
126 0.8735655072801649
127 0.0
