0 0.0
1 -4.596396861613809
2 16.03179004105763
3 -15.800872944905214
4 10.757840968310315
5 8.05921121199269
6 -15.426555714058681
7 24.37867229216219
8 -40.53794629974951
9 -3.4911845548461997
10 -9.781084360516203
11 3.1484690127511437
12 -10.812550677013638
13 -51.38436793900043
14 -7.27563693907295
15 -16.681083214449664
16 -40.08651591150774
17 22.90146770170626
18 -39.17141494497231
19 14.416690957015549
20 -24.139070349030074
21 24.43381025495548
22 22.379917999125993
23 -25.568213937282287
24 34.84776157735005
25 -7.537746815362283
26 -12.391224229210707
27 46.92769456197525
28 -3.232187517492519
29 0.4686436605504619
30 15.352305884048972
31 -32.86467660955209
32 55.16964282184924
33 -64.18710129138248
34 36.08125017982618
35 -21.820302435720304
36 -20.296091915980046
37 -4.317648078278589
38 -34.90660983982637
39 42.808884424791714
40 -33.18557111677217
41 31.056376954708877
42 -0.44848445939834086
43 11.807449731730419
44 -5.942311804500814
45 -16.121888155264312
46 -23.280993795551232
47 -37.843409993476925
48 -14.366406871244559
49 -39.56141422183065
50 -40.30163985086981
51 -35.97743445883331
52 -43.80758910801521
53 -18.864641320269683
54 -5.774250114857736
55 -60.17000703623656
56 38.902138798042614
57 -16.910469156435262
58 -10.301741756060927
59 24.142405814742293
60 9.99480156372527
61 8.052349039647456
62 31.019585826514948
63 -0.28314270031859573
64 -5.147756853088154
65 11.620070701042177
66 -41.678873930090106
67 56.62917811162416
68 -29.7738696201682
69 26.081626363451285
70 30.82798469397893
71 43.33928643790208
72 46.04230471671092
73 40.99582768812514
74 -15.324469253517297
75 75.99991295226849
76 -54.654708045930896
77 47.453148040226594
78 -45.631942702156444
79 -35.23038641645177
80 -6.793020647514967
81 -52.16032069769055
82 3.0112904667693643
83 -45.178250531922885
84 -9.022273638362257
85 17.236257064748855
86 20.832515300007373
87 -29.556900517162642
88 32.487240126082675
89 -18.773382213763572
90 38.612681622787505
91 -33.03210363705962
92 49.70035429167668
93 -50.35665205828269
94 62.3838003492934
95 -53.75925544195253
96 24.180827611263144
97 6.412901750140882
98 -3.6043406825134854
99 18.01743775946166
100 1.730898855056894
101 -1.260593736759142
102 9.207580235626754
103 75.17275207799666
104 -33.80147316518507
105 45.52932671107732
106 -5.046324378804253
107 29.338886888811672
108 -18.008704211949144
109 8.480341015997217
110 3.1053671583316445
111 -10.35479696140767
112 1.7580791092080172
113 -12.092338746902344
114 -12.419722599316538
115 -16.13847970844738
116 -39.46699347573877
117 16.467017149851877
118 -55.103396720390734
119 24.115255807644225
120 -48.58666689060896
121 11.4489215095885
122 -39.65002167218371
123 24.559686446860145
124 -16.550239548147253
125 11.082622135072901
126 0.3227511003251315
127 0.0
