0 0.0
1 -5.013325846470469
2 11.79086188125363
3 -22.94354693545975
4 -12.495250237332803
5 -18.397943408403044
6 -33.2068008520559
7 -19.875524722155603
8 -57.32136825252363
9 -29.704635352936506
10 -58.108956179869466
11 43.737663805401816
12 -53.616149852110304
13 23.067989085405166
14 -7.924044859784093
15 -6.677704607144444
16 -48.12543885536459
17 33.67613628740643
18 -74.18896727747556
19 0.9948213051861561
20 -35.091443680356335
21 -8.356498729937643
22 -3.2031239762097274
23 -51.977000642896904
24 17.525639122347975
25 -54.99541040395238
26 -18.930971575549837
27 10.46170107996344
28 -35.592747346570114
29 30.57116727849591
30 -25.585488651488742
31 82.90727552927896
32 -35.731067919047604
33 16.576460841439125
34 54.502044280609134
35 -41.04274619285059
36 51.11544058267669
37 -52.59814580609859
38 -2.2726967327749406
39 -3.0748185088368842
40 22.65348028421664
41 -39.54460857661134
42 -3.2195247236675035
43 -28.138333742566058
44 -2.7316210537361085
45 -1.2714125913449084
46 2.7681684910686832
47 -43.91288324938236
48 41.141294749974335
49 -67.91441687202348
50 22.826036436084276
51 7.304129470297886
52 -36.928012766057236
53 52.29503333700498
54 -17.699141649547993
55 33.312290114482195
56 24.72796629182338
57 16.90430061412613
58 33.08908496796593
59 -1.8384977156303817
60 4.105565205963204
61 28.059654354384588
62 -47.78228466343645
63 50.04785655596998
64 21.891657362829346
65 10.620884762933738
66 48.59379586230071
67 -0.48545960737312704
68 -52.613501063979044
69 30.797748603800958
70 -16.202836105504595
71 -17.817563154555344
72 -38.57236727542118
73 10.820294546566046
74 -39.32405946158793
75 30.919494835241004
76 -29.982909752317166
77 4.324529340342031
78 19.41591584481185
79 -11.969945247683224
80 3.9262536116296243
81 -52.867424700564754
82 29.227334982337403
83 -28.153019280021308
84 -13.6326619691837
85 -1.2596066971485302
86 15.306369551039948
87 -26.58469231523619
88 9.571237933864548
89 7.4230987686675975
90 -9.064311845717002
91 19.686947618649313
92 9.285978014044987
93 25.85858791784316
94 16.379989817635938
95 -3.1858333240519237
96 18.44096743403819
97 -23.129946316863066
98 22.398371172364072
99 -41.02863615069076
100 48.3891527217724
101 -33.040569358694945
102 13.61607562229058
103 17.175138183209405
104 -11.54590624158116
105 -21.977780546235085
106 12.91330514721847
107 54.41347618489594
108 -63.632082714228524
109 99.58442894588191
110 -71.92004036178552
111 54.81863618546811
112 -43.67301750958808
113 -36.841992214921916
114 10.101096487283906
115 31.426189780390718
116 -32.391418114446466
117 52.18207320920253
118 1.5765544507347138
119 27.977747788304764
120 30.204440121876335
121 24.225837891385922
122 -1.9213410153770203
123 15.865095828512498
124 5.388374211160125
125 5.827460229561618
126 1.834387002742131
127 0.0
