0 0.0
1 -5.000876347024303
2 15.980384840397297
3 -25.542806698825817
4 29.406221749526257
5 -41.1912192459138
6 -0.7049298194859424
7 -1.339326275979313
8 -62.71716663298287
9 60.36950603609104
10 -73.9928595323445
11 63.40274996147655
12 -147.69541493250628
13 55.82094378456775
14 -111.20867288604637
15 -2.0105448227822684
16 -94.36794749042224
17 43.07781456181157
18 -29.95589755330781
19 -16.21219184517913
20 -25.38496379896105
21 -14.13097345154381
22 -3.424649302283585
23 -28.99811299839164
24 0.3449479737104365
25 -48.351208808333396
26 27.655975242637826
27 -17.79933534153052
28 31.26280691777335
29 -24.45212967563964
30 84.31113767989488
31 -68.40177460726198
32 -14.416095920125763
33 12.81186151081362
34 -19.280652269705254
35 4.799051821331646
36 -28.19056631640154
37 2.4994898332518103
38 -34.10075542852016
39 7.363599944566658
40 -53.47284544389766
41 17.66296231535125
42 15.637636266027132
43 -46.117723436821905
44 27.84431009826736
45 -57.371325399423995
46 25.904128173087987
47 -73.69811480291104
48 -25.771505207823846
49 -12.212399818937019
50 -55.409651999720154
51 3.070624911898528
52 4.659823875012974
53 32.083819415772496
54 27.704608747697804
55 -15.656044111317287
56 5.883085556515518
57 26.886862238178193
58 4.1273255130981505
59 8.451750821858596
60 25.006182587324062
61 12.74482648795239
62 6.616675762179051
63 20.124063281022455
64 33.544817631252414
65 14.062956022054966
66 12.741245838812116
67 49.82162470484167
68 -51.86161329023818
69 111.75914631864285
70 -55.4284088671229
71 63.15078956914114
72 -12.2137170234675
73 16.993418896217666
74 4.334110939365373
75 -19.286985539162515
76 19.049205622925736
77 -41.00125805398393
78 67.52073368805371
79 -73.41402014925617
80 11.046264268264558
81 13.41887385296383
82 -52.67981827603237
83 -7.310910241597831
84 6.721116833750519
85 -28.939499961769837
86 19.133389108130775
87 5.678618367912885
88 25.46006515628993
89 -2.8465880125528638
90 59.63566988707351
91 -32.11144624226014
92 80.62006329514757
93 -44.01228227422167
94 28.866715691378854
95 43.0251046767151
96 -15.516431033195943
97 45.30945075131388
98 -49.6012828659393
99 71.98800378719766
100 -69.11411909764473
101 9.585328041819402
102 9.578289100833901
103 -33.4079954906911
104 24.2466731133014
105 -12.895236252017359
106 -26.574373483407197
107 -57.596053889945836
108 -19.04230719796985
109 -69.97206435138922
110 0.7669825272121406
111 -82.2015737665432
112 4.961278383760575
113 -35.81370951442092
114 -11.301736152049084
115 38.94417161017697
116 -63.30074583818656
117 118.61899370427584
118 -88.76363548513898
119 93.57324040528692
120 -44.069841696055995
121 48.020358256406
122 5.563305962112795
123 20.934906587807067
124 3.3311396872387915
125 13.042306644418913
126 1.6675009232238855
127 0.0
