0 0.0
1 -4.770480597261187
2 17.30180897365542
3 -28.240469566039636
4 22.8662860166672
5 -50.0814517101719
6 14.342478174324894
7 -51.310667578811525
8 -54.04555130120993
9 0.6162969763967083
10 -51.86180543548949
11 -2.6367861875712237
12 -0.864765830066273
13 3.0230794384983977
14 10.594067221140914
15 1.0092963073335524
16 12.17408506237379
17 7.905376951668806
18 34.68250916088307
19 5.209667205322412
20 -23.0477928777104
21 53.31050221777687
22 -10.91815676781915
23 58.34608215966487
24 -24.44786917643897
25 74.88256133944365
26 14.559090653679652
27 5.4592970589090335
28 -12.82396991610866
29 23.07597285500477
30 -42.62395930178541
31 11.618144657303901
32 -5.762535398628149
33 -38.04025337168439
34 -16.99492740227639
35 4.787080426475419
36 -29.874937311746695
37 -38.43130676511198
38 14.554608577377138
39 -61.1483626137685
40 35.63657534559353
41 -44.28222815592367
42 5.289338758448
43 0.9159493395016417
44 -1.5294687648521033
45 37.66310498492727
46 -36.85716984271027
47 22.011138258858495
48 -22.188095338383043
49 7.4247789484685764
50 23.27637199817319
51 25.419621797689775
52 54.50989595684469
53 28.55244522193759
54 25.991422568066717
55 28.144935034186656
56 35.05557339252176
57 36.59547905243451
58 12.383690255319841
59 5.321285470455575
60 -32.41057479509875
61 6.6283201488264964
62 -32.08139285865127
63 -27.470145766752243
64 8.098680557528434
65 -65.00989907790756
66 26.57071282250576
67 -62.964716946751686
68 13.178400699309591
69 -17.537810872774532
70 -21.62009512091003
71 -0.9438518220575737
72 -2.6784549729941114
73 -8.685192397968672
74 -3.009579977512796
75 -15.107948541707769
76 5.717034996100919
77 -58.62925814236647
78 21.166098196544112
79 -35.591247834262134
80 -6.974008398850216
81 53.1281340434392
82 -56.42012007232293
83 39.88076205570473
84 -49.70436997785111
85 31.156937646363062
86 -47.380846358773205
87 -4.641333334153771
88 -14.326287314758389
89 33.212172059028084
90 16.91182625983153
91 -26.900788558789852
92 84.27829461200353
93 9.274324113803775
94 28.983747454618232
95 33.050856590959874
96 -11.250907801142878
97 -20.722779333386
98 -3.2665767282486033
99 -8.48877215270567
100 12.965158462244068
101 -30.371630981372185
102 -24.438345941233134
103 -41.24766859093093
104 -9.613302678339604
105 -14.422220251435023
106 -12.300544583754794
107 -36.77830817982827
108 -4.351686160586376
109 3.749661667493466
110 -38.58472052687674
111 7.152192498196718
112 -3.6437828507445813
113 35.748406545357874
114 -63.73316473210841
115 126.28962309966151
116 -102.70525441821117
117 93.56116469458263
118 -14.580305237078138
119 6.954891874307437
120 -16.210854500242466
121 9.328735804736
122 -25.37574942159786
123 16.711643869367762
124 -9.274164095772159
125 10.354169989179564
126 -0.0808729320902614
127 0.0
