0 0.0
1 -3.4681973914220623
2 10.039882205018499
3 -11.912768580389875
4 2.6174958705955023
5 -15.940892460876665
6 -18.12099999097298
7 -25.61018590729225
8 -68.8437355877518
9 40.24057065916605
10 -128.44354284309213
11 18.560807265530745
12 -67.77068176766707
13 -16.640430251898728
14 8.516719875361582
15 -16.09406715673481
16 11.540088459362522
17 -38.41059310255431
18 6.495001984032157
19 -6.463867949230362
20 -8.044865882998469
21 3.705470743901648
22 48.178599398738776
23 -38.35081204260686
24 29.02244317957567
25 -8.606237658558685
26 -67.01895770579347
27 44.54468337825483
28 -97.91017779575485
29 42.89411958566756
30 -71.97224407409897
31 24.536041146399043
32 -36.85359934669648
33 -9.380551197187007
34 40.68390974417345
35 -29.8909507303604
36 51.614461638986114
37 -41.29270817501993
38 9.827573073937291
39 15.985211993115868
40 20.151473407663968
41 5.739684140905984
42 66.49895206221184
43 -22.070323323592554
44 77.63013791822708
45 -34.81560450065598
46 47.47938909325129
47 12.986135744600547
48 -13.835970867126992
49 34.35758122202125
50 -1.9068772695333585
51 48.88586655917522
52 5.8390671693561895
53 77.21860865710494
54 -26.04914237675673
55 57.141319510896906
56 -24.08792682583531
57 -7.258244296999767
58 -15.135956620801114
59 -8.78324181538713
60 -45.12539282644309
61 -12.914548516670344
62 -66.55952507765134
63 -69.06023046754298
64 -1.2221502626267935
65 -78.89648241371975
66 -37.1269868114812
67 -13.61596757969467
68 -38.75993443182926
69 -24.015896529125378
70 -10.947506839121708
71 -53.94006061801621
72 16.12326401074532
73 -36.49924240453556
74 31.365421489465152
75 -26.34245203753601
76 83.08923047792248
77 -1.5010826191025564
78 39.05915978223901
79 -12.48231559199838
80 8.355498009981222
81 2.221119902181778
82 -4.927191640880523
83 6.793263027232342
84 6.054357606417542
85 30.159663612793864
86 -24.962871813954866
87 45.208093913360955
88 -13.080776286052801
89 45.285546424979465
90 -16.212195108178207
91 52.27240185319453
92 -39.092467815274766
93 78.364108300398
94 -37.398681357515464
95 44.73222913594107
96 42.33766827622503
97 -15.707652832886144
98 86.1726836454645
99 -42.23660365624994
100 57.37827987607103
101 -59.48630589425899
102 23.610557343937465
103 -62.13140293149724
104 -40.825168777582874
105 -21.18307108274166
106 -70.50725565046899
107 3.9581196063161825
108 -15.214916560842823
109 25.602621175865654
110 -28.68877032640813
111 12.40569253753041
112 -19.449093808614407
113 59.604375478072356
114 -67.97801166405011
115 76.61720273566907
116 -89.05086833906344
117 23.133019218126783
118 -24.51046944749384
119 -14.975942646887377
120 18.576073586310397
121 -4.688690297609117
122 34.20784170846886
123 -1.3403469961648204
124 14.996067140904847
125 6.43522591284164
126 1.0296018094968569
127 0.0
