0 0.0
1 -4.6935310161969985
2 19.905693998401624
3 -20.32445425229123
4 5.897910661160249
5 4.52533917841313
6 -6.550332927045909
7 -6.778255104500453
8 -0.1837554371712257
9 -16.575881815372927
10 -56.49311484050448
11 -26.52434917036667
12 -21.983723649562886
13 -23.080769494785386
14 -97.08600388141451
15 8.970334405835855
16 -93.93635548922771
17 6.778789919145154
18 -64.61494231109766
19 26.815266852491014
20 -58.08080542611046
21 6.099242146034422
22 27.64913410664019
23 -10.343018399382547
24 67.0560290852803
25 -51.88352599683767
26 55.44219036637183
27 -12.75659171470655
28 -13.035190355552105
29 42.125204597492925
30 4.338059066519773
31 -11.146059006005801
32 52.72840329512274
33 -40.53456614114107
34 73.7503735918337
35 -90.62966509441118
36 24.563452111298762
37 5.7003049082205175
38 -81.5085513733005
39 30.435057633535642
40 -43.24849126032277
41 0.3096649721481642
42 -43.66111726200745
43 -2.7023368585109386
44 -66.50760442187494
45 15.637101265895938
46 -49.83680521672128
47 -6.99898581714801
48 -26.5754572093239
49 15.547847832123812
50 -37.509195340894294
51 20.752296769317145
52 33.76407538207701
53 -30.73623386174567
54 22.894208283165067
55 21.351546539079802
56 17.50028052418554
57 52.8133473843621
58 27.56086356593094
59 41.566934266142695
60 34.65667934460696
61 -5.304744550083269
62 3.6240243745533953
63 -4.724446206141337
64 5.0544706483623525
65 -12.035034089263439
66 11.349876871684112
67 -47.39075186934305
68 22.905436745285698
69 -25.197244722737555
70 6.134027128160036
71 -37.52042220242182
72 9.137543994057372
73 -1.2651290580462287
74 -22.546287279869816
75 71.36531082659015
76 -4.093968138933167
77 19.62437885649419
78 3.052265470111051
79 -8.43609168043868
80 3.3729460677616214
81 4.65726510375773
82 -24.778225086114432
83 -15.190956994596734
84 17.210968430861637
85 -64.43577824281587
86 5.123780665330958
87 3.694300297594657
88 -32.68447544588837
89 2.1736360388267952
90 -38.72867042384151
91 -12.148667051468117
92 -20.25373991637415
93 1.011542283936482
94 -8.539791841079186
95 12.991790805460404
96 -9.3291014570846
97 12.481928823482805
98 -7.777031321359289
99 5.55922058138741
100 0.750891374972987
101 18.248771326291745
102 -21.084440432761756
103 61.47057908998626
104 -51.26343053776081
105 59.96600439312668
106 -36.00822542017471
107 -25.558924005585375
108 34.29683393233048
109 -68.745043626768
110 89.626284842597
111 -8.426151806967827
112 1.213311647421064
113 25.12270871729912
114 14.027820167632724
115 -31.04459653436188
116 38.840100331273455
117 -11.251882970605491
118 13.64484133722695
119 -6.977494912657076
120 -13.35396864954161
121 36.888129165786026
122 -38.63515008560203
123 37.37949552736653
124 -11.956702203802454
125 14.749579062286685
126 -0.6033557854836252
127 0.0
