0 0.0
1 -4.944691703431747
2 12.614582844073709
3 -16.88120626394051
4 -6.282011615158456
5 0.2902274071289761
6 -43.309394948518516
7 -37.92568179297785
8 -74.65796062426081
9 -23.360689908789094
10 -20.404234036486805
11 -40.95175964851349
12 -15.686599963178864
13 -15.775234436299725
14 -25.279169113854277
15 -9.240573323600623
16 -73.51579579591663
17 25.45192612063843
18 -2.2893466852907998
19 -17.589650525788706
20 66.21928634315626
21 -22.57986697629382
22 42.450399886503625
23 33.22169881533036
24 -30.420777973425523
25 72.06989181085348
26 -77.12378100539873
27 36.951568675011366
28 -26.08326211598828
29 -18.63678231543431
30 24.92844890571232
31 -27.587346092047476
32 -17.269627953273112
33 3.7048271568859192
34 16.222668462637564
35 -30.40590010447258
36 51.36854864511483
37 -17.922573066575243
38 -1.5642909356795813
39 30.41413787917985
40 -34.50905517722571
41 37.22175636169373
42 -6.707375354057431
43 -22.200112872042254
44 30.72761359084143
45 -74.42470778462655
46 33.38524297796075
47 -42.7797558300548
48 14.108919280691133
49 4.470595848324175
50 -20.248677687152565
51 20.02876853161932
52 -30.713035378173533
53 17.270719583426775
54 -28.96097975634512
55 16.640031972775994
56 13.608632094992076
57 -20.6710554166475
58 18.965383492468256
59 -33.0004355764098
60 6.518740995103973
61 -27.62691974959868
62 -8.198494627567193
63 19.61992670475897
64 -24.450193434254174
65 47.35301843321746
66 -27.505800040337814
67 30.83661939948972
68 2.326775590045172
69 37.1561846839819
70 -7.278818830074087
71 79.05422324267792
72 -6.641126283645252
73 33.880466428804084
74 7.799631740635415
75 28.231388631917923
76 15.392100439595001
77 -15.032911489249381
78 67.73392353623817
79 -25.57592067308848
80 15.54582208687392
81 -9.556235937630435
82 -12.484573985388003
83 15.854945032544725
84 -20.8788239036167
85 31.423325654823916
86 -39.93443994235399
87 -17.04984013712853
88 24.578585574138117
89 -36.47222719153463
90 61.93575765421248
91 -42.49910674572091
92 43.6318341832819
93 -16.64018303322288
94 -7.860479317936781
95 -25.703471278433053
96 -25.549434559253864
97 -58.44895589138361
98 23.263698080445838
99 -38.385891089528165
100 12.596656323053404
101 -0.7215504868865652
102 -17.79186027226645
103 16.007863316482922
104 -15.368959948068586
105 38.10321058003773
106 -33.79452173667689
107 75.16904339379327
108 -11.34396600516934
109 21.77241913702993
110 42.64534829114581
111 10.113832176242775
112 5.170330688528952
113 -10.891817994836147
114 -1.004787926331691
115 15.793086833632472
116 -11.285431481121373
117 -4.892491900444351
118 15.505117077401449
119 -15.672124748511864
120 -30.992809559639817
121 8.831083414150186
122 -16.823209190293763
123 20.39618397339571
124 -19.21370703839248
125 12.947362624890776
126 -1.210537081407545
127 0.0
