0 0.0
1 -5.8968040795804635
2 16.27034496389846
3 -10.792455908318379
4 -3.85379874715128
5 -21.86732964337829
6 2.547086556800441
7 -67.29534176955477
8 -28.509819516355446
9 4.953917900144995
10 -98.66294234687048
11 11.988523973576392
12 -77.9422704779663
13 -20.746728594188152
14 3.929934805346646
15 -61.15994686714241
16 12.293876865313157
17 -31.02402150148279
18 14.239905782667034
19 -18.98603740849162
20 -11.278725918146625
21 22.29977508677908
22 -33.19729188310895
23 39.8878529693673
24 -68.19901839509144
25 55.35279663080355
26 -34.69976925594163
27 -1.3489073678615726
28 -16.430041647844394
29 -6.15968111761874
30 34.883409466567706
31 18.447606969522116
32 -27.886240099007154
33 40.368928979976786
34 -40.89075197537976
35 24.50971758814544
36 -14.434941957971192
37 -12.39219403542013
38 46.70839472257981
39 -52.36334592495452
40 53.57340608602882
41 -52.78043304103103
42 39.02257710414233
43 -5.247425128143495
44 -4.538492550111913
45 13.017949525428497
46 6.776345383134482
47 47.644268896820826
48 -16.550643476408844
49 -4.510742452397313
50 13.217757075482474
51 -48.15000876351897
52 -16.358782539362032
53 -18.700899572657352
54 -65.20542516253549
55 -53.77666533815733
56 -19.026235524320562
57 -56.32133968016697
58 3.974163789617706
59 -46.33394898241749
60 -42.65759583068749
61 27.285983325398135
62 -43.32145658435313
63 28.445147916019344
64 2.8201596220769445
65 24.531083908869157
66 -35.2719206095678
67 17.07507029644464
68 13.919374781754565
69 36.20719191020763
70 27.6121020542309
71 36.22161818818504
72 55.75909159644718
73 -0.692289117066325
74 6.374760394416752
75 28.675798688058777
76 -14.59553104325217
77 31.35640359561973
78 32.9700615919916
79 -19.948359065764233
80 16.510870992713993
81 -24.054167785560878
82 -28.087743558508222
83 -2.9845627628725167
84 -41.63502920091084
85 13.28667910153612
86 -44.291906759747725
87 2.785190002581308
88 -18.300419626898947
89 -33.85930545291792
90 2.5172385055645727
91 -47.68600461034492
92 48.60020563028381
93 -31.874817318137342
94 12.3307529119307
95 -14.686672188016223
96 15.420324830776117
97 -34.98002127243801
98 12.143633350061108
99 -2.6050239276246003
100 1.61903375784865
101 -38.208447617877745
102 6.8457127762536265
103 13.757287938892329
104 -31.238182476896224
105 -29.197809966494688
106 5.166123853888671
107 -33.14910403030024
108 10.376193148338494
109 54.812193609088396
110 -34.20461060274504
111 21.508052336166816
112 4.691857259456379
113 15.372567958881382
114 -1.3352739769990631
115 57.905360356867384
116 -9.069971072526252
117 43.67362432196918
118 8.315697163729437
119 73.64386289017047
120 16.151532673158787
121 60.11754299300006
122 -19.49949442326503
123 44.957311047110615
124 -13.793570240079147
125 13.762028077021512
126 0.287937333335386
127 0.0
