0 0.0
1 -3.9300001105478364
2 15.942937744219922
3 0.05299228341971485
4 -4.293333769454412
5 30.62949012117943
6 -56.94879799844984
7 9.181857592522448
8 -70.3900157958446
9 -13.856720714194322
10 -51.08950947863337
11 -79.49983831118364
12 -30.998756276648603
13 -42.405359457229395
14 -71.28113688403825
15 2.2704860961067936
16 -42.19307102293552
17 13.206293648022836
18 5.793328091961005
19 4.9986577440433955
20 -22.154592964603886
21 6.329799010327332
22 45.842925662944154
23 -64.89143149458869
24 79.37743961506034
25 -17.627874231554348
26 44.20080453064936
27 36.27957262330839
28 -30.49514254795256
29 84.8187593783763
30 -50.72187401269618
31 11.614098437983449
32 10.325338047282465
33 -59.67831889581105
34 -23.872084290662425
35 -26.20919992572025
36 -84.56381633241926
37 8.607785240154046
38 -23.5838888649638
39 -34.263428501952355
40 44.808560796741304
41 -55.09104608576247
42 -5.238973423917446
43 -6.88883064851819
44 -76.52156358333302
45 -14.724933295603174
46 -16.730194591552838
47 -34.23485926122721
48 25.05587149523335
49 1.8868730886581078
50 -0.09996957615894479
51 -1.2439680428737303
52 30.313256946817322
53 -18.340365434412977
54 33.119701318385246
55 0.5703586469684614
56 -2.9016757389504404
57 32.07542542153455
58 16.219524086817856
59 24.834446635569233
60 -4.58966687827067
61 29.85141985862477
62 -24.413842538479884
63 35.24773768058211
64 2.5554468554065917
65 -1.7649889366455722
66 18.50630885105324
67 -15.312133277131894
68 -23.22925185996916
69 36.886432205618455
70 -29.27251062296609
71 70.98892352861039
72 3.2411403981074325
73 44.84314396680876
74 2.6268338053122107
75 -2.5685223721972386
76 2.622076925004483
77 -32.09281023299952
78 -26.16457319405054
79 -71.42662419495518
80 -14.12381000262699
81 -76.87512077270769
82 -0.5079189432987451
83 -20.63775782014539
84 5.126994321980003
85 -16.576634711023754
86 -15.793590933065675
87 2.6328504488727718
88 23.1117843431547
89 -1.9242924261116283
90 10.852591997887354
91 33.967711732393425
92 -4.292271782373681
93 44.87902378087407
94 15.265189194161728
95 -6.910019872546044
96 26.316624127382987
97 -8.373832928019615
98 13.205278377055134
99 -23.06239313688809
100 19.413585454955538
101 19.455100313273793
102 -19.350509756222475
103 57.78148604930313
104 -3.878169635783093
105 5.18298880624249
106 -15.321186237804513
107 29.34353260755371
108 -54.15327505058214
109 40.36553957429697
110 -7.588580246538063
111 -68.98475405469618
112 28.96189500517104
113 -50.469206475386414
114 4.998245749880038
115 -21.672294665653176
116 -35.589762563802594
117 31.243648162775816
118 -53.27286554561981
119 30.059236051856292
120 -49.72370166713849
121 56.02957375658264
122 -14.17540746803329
123 22.94242241720545
124 10.13816478189661
125 6.5231355964969575
126 1.9848509798052594
127 0.0
