0 0.0
1 -4.122191325490907
2 10.527840293666953
3 -18.244621068033535
4 -6.553442055440839
5 -1.1901985137100455
6 -44.28278709783204
7 -4.5623628354807515
8 -74.79802687794606
9 -26.459655105151466
10 -67.38654566438376
11 -4.129175214964648
12 0.24010629669721048
13 -20.71742340627333
14 18.487001946479808
15 -13.125886724581632
16 16.79500087615857
17 -6.540902333196429
18 25.199791976786873
19 13.836647824257469
20 -2.0425851325390947
21 24.842806953231378
22 -41.323091861258106
23 19.242355780158995
24 -10.198364207968725
25 -6.725113334278653
26 -1.4426026827690022
27 -18.93447085909183
28 26.520767203413662
29 -43.79475720754907
30 15.559252135916172
31 -39.96052054155796
32 14.481606570734435
33 -51.86620944236445
34 0.6753966912199406
35 -1.1592247123760673
36 -33.070892700341744
37 67.45634043021244
38 -68.12781648582276
39 87.16160090356493
40 -4.122705083504202
41 13.827790145090066
42 6.1467875545868855
43 10.526243970647123
44 -24.19996287002824
45 -3.272372578781071
46 -20.731705825344775
47 12.648788196607944
48 -26.09838989742973
49 5.881361935442601
50 -53.239772185568576
51 -9.089365213126237
52 -30.95336276651927
53 -15.843624986567743
54 -4.070780205763635
55 -56.47627918412106
56 53.16579319147722
57 -53.69176913065511
58 36.66571174388966
59 -41.067584243173705
60 0.475854752135502
61 10.243026918768143
62 -25.709704172290145
63 14.115375772530474
64 19.570144103984145
65 5.750829939467992
66 10.568130856236099
67 -12.665428263809984
68 32.77613977984327
69 22.80073025770859
70 6.59137266660687
71 26.86012849413212
72 54.553967211989786
73 -2.895922411440957
74 44.33564400564724
75 46.97950410500418
76 -3.1829112261774886
77 16.532369162446873
78 -46.809184841165504
79 -26.274531564550678
80 -14.933782138735271
81 -56.9848765405707
82 -19.579509438929307
83 -30.914933029473158
84 -51.262872819510044
85 24.905846155339834
86 4.491190666518085
87 -17.91622677631824
88 32.168550385804885
89 -41.362651859505576
90 34.86170431825101
91 4.182264987481288
92 -7.508353815163127
93 11.779907825925559
94 43.71187483750184
95 -8.751199772958625
96 35.88172756340877
97 44.13877553040616
98 -49.302462795927056
99 67.64581935514792
100 -36.29670449604307
101 23.187049870456825
102 -26.2861998179463
103 19.18176868314133
104 -36.664906160850364
105 20.40165508526766
106 -61.180528646488966
107 4.215269100290643
108 -40.88976025671907
109 -64.13734603730417
110 3.6441179986924515
111 -57.390335450982114
112 42.49353054132273
113 -42.95478110208999
114 1.6773316835955492
115 24.83418630821675
116 -30.00335724736264
117 24.203019552427463
118 -5.850594008035047
119 2.416196536428016
120 9.736971105291696
121 33.8936543893649
122 -3.6224309194977105
123 44.14976786393376
124 0.4860443330432617
125 10.81649032666404
126 1.3675836178772436
127 0.0
