0 0.0
1 -3.6931720278278353
2 10.437872141903053
3 -11.38280088735079
4 -10.086194311364656
5 6.4367649195152135
6 -69.11622221351794
7 22.21330260593416
8 -67.46363151357966
9 -12.539747674349979
10 -58.54606412222749
11 -4.575020836556826
12 -51.53353726710815
13 -22.109435120758572
14 -13.570612568149443
15 -53.37989483249083
16 10.28382206283205
17 -91.17106929206147
18 46.36515275075127
19 -54.32451222385156
20 2.1520547072597185
21 -28.488633529267805
22 -25.37041173694183
23 15.584414943017055
24 -38.57947230236441
25 19.320499150162657
26 -33.63529737190521
27 31.55403646535246
28 -25.9748285921509
29 22.657914963091095
30 5.350497687415103
31 -5.154071936602899
32 -15.51003374971403
33 56.33562850997084
34 16.638574089199437
35 10.570980864968211
36 57.16727622592225
37 19.19457813568348
38 -5.787681560608603
39 48.27285986239902
40 -7.918477019793538
41 20.104511364973686
42 40.599677602852125
43 -43.29602866784696
44 65.75810772031336
45 -45.38743478589774
46 48.130369066389775
47 19.66054520625716
48 -7.873464526489354
49 40.97662885672067
50 -4.155119810869158
51 0.21526426919407599
52 43.23323212012867
53 9.518117189230823
54 -2.8213132906151026
55 -1.7266767928756976
56 -30.707617564467867
57 7.590811199826101
58 -5.477910500823881
59 -42.95183969402877
60 37.36737473167081
61 -53.58321799322946
62 26.241412103813243
63 -13.612356879671282
64 -20.485973696907596
65 11.455195513686101
66 -17.20363333788623
67 -13.390541545009636
68 -41.97825094075021
69 64.52833612114482
70 -55.78789691830293
71 74.9310603699857
72 1.9652782659681869
73 32.19353446839967
74 35.775429854383496
75 -19.843318960308338
76 46.71287016177924
77 -47.70793223062364
78 9.052077222947817
79 -5.91051506382292
80 -17.153055134649495
81 10.545911494925772
82 -16.979078270232137
83 14.66550111028325
84 -19.15487100481538
85 56.63279222529082
86 -23.945742141613774
87 19.35444025586018
88 14.652074513905228
89 -18.080426126204852
90 12.825635513285713
91 5.900020460309556
92 14.038273209275333
93 -11.522935357972447
94 58.122578167693256
95 -72.91693120125996
96 55.30155034371171
97 -76.5132643944474
98 -24.720053963466047
99 -39.26323767082329
100 3.3164406744786077
101 -44.79152024287137
102 -30.50343671917772
103 19.098472335385352
104 -33.80784502316594
105 5.9802746968531855
106 -33.73684463204756
107 -23.556253971819984
108 -57.601763240651934
109 23.35812303808
110 -41.77703046950907
111 -5.253727928246784
112 -23.01095208466137
113 1.9805941021524112
114 -35.460195874191555
115 58.04575960884193
116 -70.74016650717128
117 75.13538694386466
118 -38.37279184272106
119 34.0210855190291
120 13.865865631988662
121 8.688377872864132
122 15.578648530383006
123 2.58710312417288
124 6.557290536545846
125 9.80793556959102
126 1.1059557657843255
127 0.0
