0 0.0
1 -3.5917504220928986
2 8.880781354308693
3 -18.247569260211417
4 -3.7513728451635515
5 -11.152475976713976
6 -13.601855327303316
7 -9.282970513874428
8 1.0728069967487184
9 -35.591997448445554
10 -4.709626533283345
11 -53.588676917361
12 44.97402202428447
13 -54.748345742976866
14 47.431587202313146
15 3.118324847281011
16 -1.6545823942856077
17 49.81422366081317
18 -48.041426693293566
19 17.563489236808284
20 -75.20912325453874
21 25.789306211082835
22 -42.85025481188007
23 -54.084253313584
24 37.67178583189458
25 -27.494159762040624
26 16.53491742006057
27 15.973347853889313
28 18.87804576926227
29 33.90968617298946
30 -27.80355018336847
31 49.10524238319231
32 -32.15512560199184
33 -12.593926822712426
34 -21.176460094022406
35 -16.03326269576569
36 -27.11704908136117
37 -56.389976664273426
38 -18.26667811614787
39 -6.721772739058616
40 -9.665118629053016
41 -16.47250248049908
42 -27.751973018026625
43 33.52792923626295
44 -35.38276626342672
45 41.803094721605675
46 11.393132914981914
47 -19.50357794762417
48 64.59059042676496
49 20.763386236987692
50 5.5068471487731365
51 46.67668283684254
52 31.987146883047785
53 4.474875589780997
54 19.846451932676146
55 -31.80436809946766
56 -3.058930443663679
57 -1.9930925954420735
58 -24.189171044018487
59 -39.847836044336205
60 34.06356209207526
61 -43.88998434417252
62 28.657688877102075
63 -20.474134196676207
64 6.7676143925604295
65 -45.429146307865494
66 9.986208450662927
67 -19.3615875233675
68 -11.328680364298526
69 -53.808137370749535
70 -15.751103500788073
71 -16.721084848814485
72 -23.58422428309213
73 9.859985002421102
74 -19.64537650229924
75 55.524013883821326
76 -18.297999053305123
77 76.83427156878874
78 -30.876298573944407
79 5.930035047142303
80 33.821516057241205
81 -55.62073031660168
82 53.08632032893466
83 5.9475340506532
84 -72.9067630131194
85 79.5858157186803
86 -84.20746360874898
87 34.98394226894816
88 -10.698057420703941
89 23.98913979079278
90 17.830606197976056
91 20.95462301599295
92 55.421108983274685
93 5.942907174566456
94 73.0217087811946
95 -14.296390529788937
96 34.31003299253907
97 -9.171464874367961
98 38.315854514796754
99 -39.00875096799919
100 35.53266704007048
101 -38.296223720054016
102 -9.040279624723057
103 -8.437027179262314
104 -26.979370312908156
105 11.148607623070326
106 -31.743370133951732
107 -30.924875201234602
108 10.09574269907007
109 -44.07628483888008
110 -1.8349307956646181
111 -32.39502701425974
112 -9.617497528593104
113 -15.572667965657448
114 -29.669850653539257
115 16.057999481596937
116 -7.884331276367024
117 -4.098891664002597
118 -7.543227688310387
119 36.25050647496377
120 -61.843228314905126
121 55.798595738606934
122 -30.227166208815245
123 35.9724265116315
124 -13.588547716102637
125 15.684967988228024
126 -0.13406332919837724
127 0.0
