0 0.0
1 -3.4155846773553904
2 8.315896019343658
3 -20.699954970981548
4 16.34238461642981
5 -23.462807797530598
6 -7.35274201446103
7 -22.240442921251077
8 -45.491721729420085
9 22.87635471819974
10 3.427299297574302
11 1.8566171832961986
12 27.054464058255526
13 -28.15153041631869
14 -12.02631505023955
15 -39.45883393736242
16 -66.41480282632752
17 23.800011144564028
18 -141.21024597378485
19 46.52310143128761
20 -142.61194781334345
21 -15.457194145147705
22 -64.76637382863191
23 -54.88276075913109
24 -43.48991147499975
25 -84.53324242982471
26 -0.12381311625799327
27 -40.16740300166259
28 11.517791917851778
29 -20.55310082308653
30 27.505529732457408
31 -44.21666473635729
32 52.74549087525223
33 -59.57660986962411
34 45.043867224989995
35 -42.5050613163908
36 45.80392065379176
37 17.93068689583361
38 42.756062494103794
39 41.67443872658251
40 20.95174791329137
41 73.41859668002326
42 25.414924984074197
43 40.87647499499221
44 -11.664752745359523
45 43.41305691650429
46 -36.968892293751146
47 48.81066842791905
48 -22.955228763214578
49 7.3179794446485005
50 15.418733538635678
51 -53.60559918706805
52 13.97800233259536
53 -4.086974631380451
54 -16.161016563865076
55 19.50468158552909
56 -29.08512604752339
57 23.840333180257073
58 -24.486342668042663
59 45.304084049858865
60 -37.219881162067175
61 40.26273956755236
62 2.8835800843153496
63 -23.390903491167062
64 4.321871436545185
65 -43.46972076737671
66 47.371182342264646
67 -33.9769145431014
68 25.609695241037777
69 -19.04134359164618
70 54.8664864817936
71 -21.659581568820013
72 54.26812684070662
73 -27.180633305689486
74 53.74052895504798
75 5.932831168412346
76 -19.681906516466267
77 57.79324651616972
78 -58.84262974472139
79 87.23909213758182
80 -56.880181542703156
81 15.977491578674593
82 10.755885393307501
83 -23.22779905649535
84 24.258024294101002
85 -61.122167032275996
86 34.16306966239153
87 -53.88573292130604
88 26.8064669239212
89 -44.547909133527085
90 -35.311980364360956
91 -0.7937163054221296
92 -54.2383248434545
93 58.519818200733944
94 -73.4588073320368
95 77.5066790902745
96 -52.137892992866945
97 45.20820050895517
98 -4.513272611106443
99 -1.8471541452533833
100 16.164994279460696
101 12.835382514710053
102 6.759431400175994
103 -0.3063206030704034
104 51.12587884497034
105 -17.40840881852575
106 34.760232675002484
107 8.400452700737102
108 -10.034407684708675
109 5.453320097984146
110 -33.85487978335511
111 31.40816438940165
112 -43.836085157031675
113 -14.849185330680994
114 -2.9866800545480747
115 -54.64746249866221
116 34.77213582017333
117 -45.183285812901765
118 47.753209394436126
119 -4.6532996154839505
120 17.16905130149046
121 26.227085270620876
122 -0.8711509018008415
123 31.752837667411246
124 -7.889753615944835
125 13.935283110667886
126 0.06509698368406706
127 0.0
