0 0.0
1 -5.099625102469296
2 8.060936680891722
3 -9.428465751141314
4 -15.81458360629103
5 3.45720076292339
6 -67.88749346410533
7 30.32715666779658
8 -68.76977996178421
9 7.388028855154035
10 -38.7953366707396
11 -49.43691776131653
12 17.844529269558755
13 -22.6584472182473
14 57.87225228333496
15 -94.71799494480443
16 116.05934601602348
17 -53.40474396083929
18 50.69484221252833
19 29.916017778233204
20 -17.00330814154249
21 41.108937494175976
22 -22.346626448983095
23 39.93630120777362
24 -44.01555867495048
25 36.498166316368284
26 -57.23419317327335
27 28.5680237433705
28 -75.16010886779448
29 23.219361380634734
30 -28.975336735992478
31 7.940869188465483
32 -18.83750955022969
33 0.5704175973343383
34 18.1581700728873
35 -16.535752045696558
36 -18.195340341539495
37 -28.80377151947036
38 -11.926746383228997
39 -73.9140127216138
40 -6.463996685280529
41 -29.80697117836511
42 -50.52397213869177
43 28.06294805385285
44 17.274136582865935
45 -26.40998917705077
46 60.318714962532745
47 -51.50238474092509
48 64.73039110515248
49 -18.913673120585308
50 25.065305441286874
51 38.550748550186064
52 -28.51234534621897
53 85.8700875981974
54 -63.82189110569712
55 56.657374387891174
56 -17.27979270517553
57 17.758491921122296
58 10.441951494501378
59 36.62674164561889
60 -14.472187203521955
61 48.481306047908625
62 23.465882423610594
63 -4.280493666282372
64 98.17952901184343
65 -14.590731312665289
66 19.91162736481178
67 32.718548435960585
68 -33.558668194847286
69 25.021243054762838
70 -21.00979392636518
71 -41.669036184705554
72 9.35797423859015
73 -27.082091971086335
74 -47.40998070335546
75 -49.779776498112874
76 0.8477891669793944
77 -75.31699644007844
78 -41.25529799279471
79 -52.66182454911633
80 -54.06514255745886
81 -56.49502646945717
82 -58.24553833654749
83 9.253894017077451
84 -66.89767644672573
85 0.44275247513285565
86 -0.845686850193689
87 -17.58897330966889
88 -6.224785717519997
89 12.942425946723498
90 7.316678441804687
91 37.916597719378174
92 -5.944756417464248
93 69.33509116481706
94 -8.808357059621676
95 35.50758891996832
96 47.71326801289855
97 -38.54275840128945
98 108.70221205228937
99 -73.7868184217241
100 72.46715121864645
101 -36.70730018242073
102 65.1149597002901
103 -67.29432063386176
104 32.069173811431526
105 2.28711509762487
106 -13.562071242426363
107 60.127590774264924
108 -67.85175742353539
109 91.01069389560462
110 -71.59071752621826
111 47.23566646263271
112 -24.90023721327521
113 17.736729357632772
114 -50.01088131434117
115 49.04834455233919
116 -30.994749055035644
117 14.438167630247923
118 26.50226859692614
119 14.795905309505994
120 13.096941162241482
121 27.95006766352631
122 10.256256915684327
123 26.901598394030643
124 -2.3170076632274683
125 7.461916991591026
126 0.8967598266120927
127 -0.0
