0 0.0
1 -5.035690436682475
2 16.049127368176613
3 -16.192950461410987
4 6.453189139336276
5 8.72151588250102
6 -48.90655229608625
7 31.441948629740423
8 -70.14447246275613
9 12.762664544626196
10 -23.586981506028774
11 -7.073268442213072
12 20.329617738715985
13 -44.30054793129842
14 34.061378431738355
15 -84.39597831199382
16 26.512823914698842
17 -67.38666262746743
18 -2.265512749673832
19 -42.660593268435875
20 -8.18027356026091
21 38.80556973169806
22 -78.99171149231795
23 64.59907613315738
24 -62.298920662368076
25 30.879064784575455
26 -17.987418252337665
27 -15.56156167957572
28 0.40327353749892225
29 3.4649751272792
30 -21.0295716339094
31 9.355457146824984
32 -38.89079898777203
33 39.31478280385179
34 -54.009142969187465
35 9.540050194609064
36 -32.276065316252144
37 67.11562295386271
38 0.7653329487665844
39 19.339675076313185
40 74.90296153290498
41 -57.497389315720085
42 70.73353263612589
43 -37.36449041721295
44 12.937200956079469
45 33.62721420512669
46 -2.298026694224736
47 2.606830109669462
48 8.496704675747175
49 54.43783911473683
50 -42.67940923839912
51 41.39794272853456
52 -9.680416109140833
53 9.939142225871825
54 13.349356758880448
55 -37.39318304127499
56 -30.598682034576008
57 -27.96691682824887
58 -15.850032802189999
59 -65.04325523984538
60 -4.893814818820789
61 -10.692528438785702
62 -14.493586399740908
63 -50.564612794833664
64 58.32501637884703
65 -41.944752259381175
66 16.79680452265699
67 17.011755510008786
68 -25.660764829284783
69 60.469417867660276
70 -3.8559563949372793
71 11.732281136598653
72 14.724988822870472
73 10.545039056092065
74 48.50004806580835
75 -4.793988380187469
76 64.32074429465088
77 -3.9232780104136644
78 23.776411371416117
79 -8.447029253463352
80 -39.6413734870501
81 27.236753479879965
82 -21.808622527818073
83 -11.405633891572009
84 9.430007218534739
85 6.587174943490999
86 -42.90385838057872
87 34.53926213581289
88 -32.42036938442158
89 -3.3174418902583453
90 -43.21706747875718
91 4.756063528367828
92 -23.44064751495145
93 -22.393701832233283
94 -11.327944052551437
95 -65.54310139036879
96 40.35409124524782
97 -71.52982856886094
98 32.21784849800148
99 -106.70775249111514
100 69.40737243177487
101 -80.90283879064764
102 30.86942385264368
103 34.84715373203605
104 -51.98434869342331
105 100.73570456207206
106 -69.15201071288563
107 68.33493284094871
108 -28.807921159030855
109 26.976362544094002
110 -51.69846398434004
111 -24.90344143763965
112 -20.11682388668754
113 -16.66535805280148
114 1.751352748652725
115 -8.908431450566795
116 -13.685109155242232
117 54.62282840659078
118 -48.01526397501025
119 59.345078230477476
120 -13.474899086023845
121 22.614993531864165
122 -0.8778701225553243
123 33.87142494634928
124 2.7205104344230784
125 10.4692286208535
126 0.7795808191575144
127 0.0
