0 0.0
1 -6.341531679876241
2 11.36385341109969
3 -23.856953211389882
4 -24.102906292966455
5 9.617589054035859
6 -74.80049868155538
7 40.536771372281756
8 -32.20993618935604
9 -1.4148791648726573
10 -4.786834414331467
11 7.279020555514135
12 -11.938005590153123
13 -29.162994744281864
14 -15.574205318110112
15 29.62562394681265
16 -75.37046742054561
17 35.50924218162723
18 -65.92284222996653
19 -16.264095625501092
20 16.610923611029005
21 -66.63810738772723
22 26.330447333542924
23 -43.85221013901698
24 17.14761777991629
25 -27.143638238182014
26 -37.371208820848935
27 -17.677454226118947
28 -18.59600545397744
29 4.386575197068121
30 -13.935328221569351
31 -8.443620593844706
32 1.3128998788300439
33 -14.619296992706131
34 39.66883975286915
35 20.937943183346118
36 -7.22108504237873
37 15.520266624905572
38 -16.81954843836707
39 11.850148593188619
40 -2.9587222564374183
41 21.909419788984188
42 37.96884028636792
43 -17.645701857337965
44 27.968774923769285
45 39.95862557055993
46 19.11331855407906
47 38.77214766992412
48 -6.995062563444811
49 29.230545268518817
50 17.35252570098184
51 -13.991552786935149
52 10.591481927430761
53 50.55543836182864
54 -33.23806879351142
55 71.80433714036079
56 6.343527643474359
57 0.028542040728492517
58 47.71795963416257
59 -15.150141411074479
60 25.518106198229876
61 -41.37996587194919
62 -6.57544777693853
63 -4.104925610702541
64 -40.99595667369009
65 -15.608464373331282
66 6.832890234854909
67 -40.06029303397139
68 -9.04022319396231
69 -16.741030569958184
70 10.472181316642741
71 -37.9600090990493
72 -5.242350161343048
73 2.6146867662263555
74 -7.413347358541653
75 52.09010473708545
76 21.947860949481804
77 -7.661277922531887
78 35.610989381664446
79 -58.299287498814316
80 11.642307198567513
81 31.238454749883534
82 -11.806394141889042
83 2.1195940620669504
84 21.429925096312854
85 32.27065686479442
86 -17.129429112818322
87 49.21467329778273
88 -6.125850098884104
89 20.89423597383603
90 -32.445536722655326
91 52.31411910022311
92 -43.13828274621929
93 25.85676676182997
94 -0.028162940217648258
95 -25.08848415824668
96 43.25655206465823
97 -31.73187893531117
98 -12.210473758398887
99 -15.034309436928574
100 11.040160148067224
101 -27.80938920432867
102 -24.61249306745259
103 17.423321012453602
104 -43.375583028314885
105 -45.82822448026637
106 -17.461622291307368
107 -38.645419960196556
108 -18.5934347335404
109 -42.975049473991525
110 -5.8634433258877765
111 -23.503646331970426
112 47.861724977622345
113 21.010455104420263
114 -11.1102022984126
115 22.851698600619958
116 1.0257752868201568
117 7.250154925488485
118 -43.66587067220157
119 35.013123363232886
120 -45.44280122187164
121 46.716960563297896
122 -10.324307673583954
123 28.841995418999975
124 -0.763184106921665
125 9.174650867978924
126 1.3403023451242488
127 0.0
