0 0.0
1 -4.399597786733876
2 10.651490655276296
3 -22.6727535636657
4 13.052081366713047
5 -48.46060293300141
6 20.61992560702971
7 -46.023830639250534
8 -8.423563018975921
9 9.29115530903587
10 -40.42138927521195
11 59.486568209618405
12 -99.38791600887609
13 8.193545732944623
14 -62.85999426845015
15 -6.071457482802587
16 -108.61746201589588
17 27.590779045006958
18 -38.8288336832322
19 34.801349060024116
20 15.729629456989468
21 -20.098296266128443
22 39.23924187047086
23 -24.620261771603168
24 35.10373324038186
25 -60.186501647030646
26 43.97623347496834
27 -30.05838459592053
28 -12.107355134544795
29 0.47455686794771335
30 40.33959365447386
31 -21.48273359555542
32 38.499016482326105
33 56.158528330190535
34 -14.020920545689732
35 50.010634568714394
36 -12.97637841942443
37 37.96801151560529
38 2.099353834943038
39 24.89067901460652
40 -3.2630746922519216
41 4.9735617950428805
42 -27.479927420541124
43 -0.8395299470295354
44 -0.3952601161609302
45 -37.83383182377341
46 26.48192078752629
47 -30.28119721992003
48 3.1579707287966987
49 19.6196624792283
50 -22.234606085680838
51 8.27527586087095
52 -21.494582673113808
53 -22.364078885545887
54 10.844777965024821
55 -31.7435157641201
56 1.3612548375771747
57 17.961493023466332
58 10.589946588313898
59 -31.5645449057347
60 11.817641520906875
61 -15.451769237482138
62 -19.296404668337427
63 -21.314705319935282
64 13.651199756779087
65 -51.41254511441997
66 -34.628374087485454
67 -16.542612915393303
68 -9.857506060704656
69 13.602406434531616
70 -54.34034593971429
71 95.96674900017588
72 -19.99682501958637
73 30.948729615709
74 9.139583576322169
75 16.840551926312504
76 18.682311335994324
77 7.1260631431139805
78 -14.881434117682668
79 5.249852466662592
80 10.810094654497655
81 -37.2986596596853
82 28.375903215680186
83 -68.7859063389201
84 4.571941276356177
85 -29.57999089353796
86 -6.030155966326255
87 -43.59655802359939
88 12.207537978710167
89 7.189206940984003
90 42.64451632344509
91 -1.5234844789336834
92 6.4232348796264045
93 83.25076388640723
94 -49.041117963112335
95 58.60085942212046
96 -7.1601229617765085
97 15.40227033120245
98 13.068160711376173
99 -24.74362251212265
100 -5.506672795729114
101 -31.87528152921364
102 16.53497990073932
103 -23.300777715023386
104 -20.39960517802295
105 29.462855761615334
106 -66.37621800023186
107 52.31360723686765
108 -75.07620313288112
109 36.409231397650316
110 -73.03721839247503
111 -13.13821205828808
112 23.569880613714034
113 -96.11361094927413
114 76.24888020346354
115 -61.845765981591384
116 30.47966235946653
117 56.15398131241221
118 -7.521399287809135
119 45.51360877688875
120 19.801855785488534
121 11.617427169149007
122 1.4963546314848373
123 22.35919074742206
124 -0.1895927303392104
125 13.474713392208198
126 -1.329254742452603
127 0.0
