0 0.0
1 -4.551315177122094
2 13.321883015718456
3 -34.03388800271034
4 15.46069883450898
5 -32.29244859627015
6 -39.15522948424256
7 1.1948810031978692
8 -102.31478366357352
9 33.97243931347738
10 -84.38413166120759
11 22.62439237109672
12 -79.18492657841091
13 23.747948195208203
14 -50.408933213326776
15 -25.523664928893247
16 -22.490182620885207
17 11.056198530690303
18 1.2897086912234557
19 -5.200315646906739
20 25.139729447860134
21 -28.089441195191444
22 42.92179231475154
23 -25.374286308125424
24 63.03671013733808
25 -38.74679771948629
26 23.325805166030985
27 -11.72715967424832
28 10.700456824859506
29 0.6267299430718166
30 -23.405489155905506
31 -28.79787452773622
32 -11.984843473363888
33 -112.21887786685845
34 33.302384201333275
35 -24.925721077488777
36 -23.926361807654562
37 31.132306254983234
38 -44.30236842125975
39 55.68143217845366
40 -0.8607015013081769
41 20.895957072894486
42 5.769125386501146
43 2.0559818466426654
44 0.14657797591255423
45 14.069475602752679
46 1.591848816197051
47 65.45355288966446
48 -21.475188581520943
49 33.5009741305603
50 6.751018291904604
51 60.98910805951142
52 -2.799220708407003
53 15.548980819625985
54 -4.182336759435643
55 13.572059045834617
56 -49.084785865490744
57 12.784267699213606
58 -46.73124212532749
59 -31.54229348812735
60 13.580836842848388
61 -83.79297596898991
62 17.151797079258724
63 -46.48369439591483
64 31.894922520599298
65 -38.09122954762189
66 20.741571352763295
67 -23.49558941936679
68 39.7110143264382
69 -6.602661029009811
70 0.23741687121651672
71 -6.407353470057922
72 37.75417375492693
73 -16.48566602769265
74 3.09547018399943
75 11.757105329292203
76 -7.532832562677714
77 21.02706735134745
78 22.15370638138162
79 0.49693165214759694
80 11.587118229896895
81 33.04850216427334
82 -43.59286704789318
83 49.909387146224034
84 -31.884396333811118
85 20.938740680777812
86 -28.734673416136093
87 -2.3668372201031733
88 -29.673369458692935
89 21.577533955119804
90 -56.43271774669515
91 42.73740819469277
92 -36.932891165306685
93 32.1728250123433
94 7.627228525740256
95 -11.891591083289855
96 9.830367011592331
97 -7.635448148126022
98 18.48603262490901
99 4.534258872990855
100 49.539633449900826
101 -22.502202065278315
102 29.895392916636375
103 -59.07713468492515
104 62.62898693319
105 -84.80833000303605
106 76.19269956416792
107 -39.339053118500956
108 -15.134400489560095
109 24.32666522862088
110 -28.5134721904687
111 -5.942428741315931
112 -32.11747472549383
113 -8.77125270983307
114 -26.63965160679604
115 -4.997934426793628
116 2.1165915305618745
117 10.060338403111595
118 -58.53199811172221
119 91.80803096877312
120 -44.787708549785854
121 47.42210914193822
122 -11.522385018191173
123 35.865165035502386
124 -1.554656112441528
125 15.712483958958957
126 0.8500908187774165
127 0.0
