0 0.0
1 -6.153445571759205
2 16.646140295851076
3 -29.909294292533545
4 -2.594900993341458
5 -32.91818964862701
6 -38.076133802066764
7 -27.24646110835939
8 -35.34276261262459
9 -8.197672313821172
10 -84.59589711254662
11 51.05796034873439
12 -58.295439658342445
13 -18.245196648150426
14 20.37771243184949
15 -32.174425035036094
16 9.099114818207871
17 3.829116386560449
18 -11.218505377327281
19 11.425532649805561
20 -28.38523821328721
21 -4.32011795539033
22 18.678895786050166
23 -8.71904348711534
24 -4.849251635701738
25 23.4126824149611
26 46.19566409463256
27 11.819402241849671
28 44.73328957442407
29 -17.042835392941512
30 26.930125318564663
31 22.405680001318917
32 -17.442721641496117
33 23.93327748239524
34 -0.9574912692263152
35 -17.195710798832117
36 16.867065634855603
37 -26.851852202086288
38 -15.684634098435719
39 20.693973326134778
40 12.076461809360541
41 -25.681982742275434
42 25.02679904712943
43 3.807228436621971
44 -19.033941196869073
45 -1.6694256220577457
46 -15.086438247579812
47 -10.272554302562458
48 8.024979094316548
49 -6.520952998262552
50 4.4871944441936416
51 -0.08032150170037325
52 31.824242781590744
53 32.77567055587441
54 -39.03729049545059
55 64.43809202060538
56 -68.24518581074499
57 43.35853280482696
58 -27.61263333017841
59 22.12743329982982
60 -38.296762795042966
61 -8.58136463098776
62 33.83279915684176
63 -27.050345293358767
64 30.399450667557137
65 -9.050778781566263
66 40.246544730337874
67 -22.329374060351192
68 -5.073932346276716
69 -33.907103694953506
70 0.10735560618324017
71 -12.356386910301785
72 -2.877220846520037
73 8.148696977405475
74 4.080568476587606
75 10.29117764591677
76 70.79864319102805
77 -66.97990879740769
78 65.6109560198245
79 -30.331162646470265
80 -4.346892019147587
81 -2.84363620466688
82 -38.74006817182533
83 20.54853871140822
84 -28.821679772551484
85 15.919851968648679
86 -6.024545551251398
87 -13.894697491004216
88 -8.320108044565789
89 9.258842654325909
90 -23.61813512725428
91 73.34931700289737
92 -54.538160019632464
93 33.22502025607577
94 27.64343576009149
95 -5.292482857658545
96 -7.790035668733652
97 28.788780462705724
98 31.130477973762254
99 3.724190366622625
100 6.4306207850302535
101 9.856603564873891
102 18.085946828378443
103 -25.914662731484473
104 60.781766665118134
105 -61.24746029803369
106 54.67051511539529
107 -83.00695709446856
108 11.45788120306923
109 9.492519826627474
110 15.051728418807306
111 8.715202833663199
112 -47.848297390769915
113 37.24411754902961
114 -80.73553006365212
115 48.608553755414114
116 -49.02770630493088
117 35.42515464081178
118 -55.108637128436214
119 31.485435751280065
120 -37.38600824086384
121 29.53001462428207
122 -43.19709612507791
123 34.74668565802136
124 -21.790078016221315
125 16.503783073074523
126 -0.09599138892999722
127 0.0
