0 0.0
1 -4.450402515552287
2 12.900764571953419
3 -14.811887438185337
4 -1.5954946740740659
5 4.258329092413995
6 -22.8327428671915
7 12.316071574493582
8 -36.81001735036269
9 37.524638440932605
10 -48.009803617669
11 1.5552740386515775
12 -23.01203415954601
13 -73.16510314291547
14 -49.61364552758211
15 -2.4181689919546576
16 -73.26391551082106
17 28.932407837437076
18 -67.64550907111428
19 -13.68851457936099
20 -37.228282964505254
21 -10.325784445299384
22 -33.74593004978783
23 -40.58831768932152
24 26.21534937036044
25 -25.566365797901753
26 42.95330181769713
27 6.924329984251829
28 57.62862774360479
29 -25.47375698199785
30 80.9157231813112
31 -21.739747834561143
32 52.79874252655085
33 -3.126666896618957
34 43.97283897459079
35 61.428200841304296
36 -35.38394997253674
37 49.43617882164164
38 -31.73788220333018
39 4.103848067945823
40 -15.761483583412803
41 -15.04277894928855
42 -18.359879395168882
43 -45.99341013623718
44 2.531902909451968
45 -31.803864282917043
46 -42.10043208420929
47 -9.117647772971152
48 -33.782054896141304
49 41.81068542532128
50 38.94012275493914
51 -5.379189939186573
52 3.87229874026247
53 -12.614349335438353
54 16.79536669111439
55 -13.124422874867445
56 -15.111972394759384
57 24.59891656058844
58 11.231842380406988
59 -22.090098061822083
60 -3.973387542986113
61 -14.053444222060419
62 6.570402871674953
63 -3.317876151538395
64 -29.99300521809108
65 23.362387700543323
66 -38.20509681897547
67 -1.1119404188923245
68 -1.4644515244675074
69 -53.24989042788195
70 12.468676033008034
71 -28.254857173677383
72 -26.203133567235366
73 39.4849481378567
74 -36.494291800540836
75 35.765196642403204
76 -58.16489428363763
77 32.64579377670431
78 -13.535323439826543
79 9.712150552941587
80 6.8997412575861015
81 -55.60268954899689
82 -4.511824512153116
83 -14.838091871511109
84 -7.011856091603859
85 -13.397180901610792
86 46.47821442846624
87 -27.331804895441586
88 40.0796539323187
89 -8.262605018960874
90 18.1002994434348
91 -8.093386702388525
92 9.891008861644261
93 21.895833576211437
94 -5.730508304079236
95 44.64680058320276
96 2.4330069708384414
97 15.037831456555748
98 42.92438637427931
99 5.079039534972348
100 -19.632185463263614
101 5.554431928187113
102 13.254437687797179
103 -2.8150913179658295
104 20.07576510778701
105 -2.429597292540908
106 20.429510867337076
107 -20.282238151201046
108 5.165290973282199
109 -3.7495556620783743
110 -43.684871435153035
111 25.85401222504915
112 -33.136490470863485
113 2.3079982736093245
114 -27.522285974874496
115 -22.78552950935252
116 21.881363305348355
117 -42.64864593330266
118 -38.26450182815953
119 34.85133282491084
120 -21.889292804802913
121 47.47539780504264
122 -11.488470367552251
123 27.83874810668947
124 -3.7432544223944446
125 11.031811536964058
126 0.27462402673368896
127 0.0
