0 0.0
1 -6.50376413228921
2 17.113896559445166
3 -23.950788123726678
4 -2.4546486205627227
5 -20.99187718746519
6 -11.218708655303137
7 -19.173385342238326
8 -8.676678841019738
9 0.026722823898676563
10 -51.71534929723226
11 9.425013469361216
12 -63.04567620832978
13 -0.8177137332859246
14 -22.406799336012842
15 11.781445550769048
16 -21.62940506030508
17 42.30532915121868
18 -34.63998957916565
19 44.01292084112208
20 -28.754598880523837
21 53.81465760212127
22 -58.83788610326087
23 32.38887973830307
24 -54.8619006093913
25 32.888241099150946
26 -41.76426462395401
27 41.54134510144821
28 -31.37762845267056
29 -37.88572846590636
30 50.36347065185075
31 -52.8118964870953
32 57.25172826942531
33 -6.146367507990502
34 42.76728633757862
35 10.869272508376746
36 2.9252948846877658
37 -19.369664428700627
38 51.37726790212928
39 -50.70369168208279
40 13.870772551170973
41 -12.673239636497572
42 -32.62850159652204
43 11.08719642541009
44 -10.077133680346494
45 -25.425305429909457
46 -1.9061786756877193
47 -5.967029924978881
48 13.701502670612074
49 -53.13007365883943
50 20.96679773475878
51 -30.86658164692888
52 19.55770235255523
53 1.659338350441192
54 21.802961811161097
55 17.22014497645387
56 25.178796091747635
57 64.35208086163031
58 -36.02362642060066
59 120.27361041243176
60 -72.54735854619575
61 37.27152519575835
62 11.129393386481253
63 -62.09099165605292
64 24.50928633159385
65 -32.841946814001155
66 15.047437438321333
67 -42.87977320812009
68 -16.204530334949222
69 -14.641322924787495
70 -54.093178282963805
71 -17.193506916696034
72 -37.22743983077104
73 -43.41217563807355
74 17.55912737951028
75 -81.13446120646623
76 5.93930215237026
77 -8.82377335462458
78 -27.246009486839334
79 11.93736199653869
80 -39.650464877673194
81 34.202755975931645
82 31.71016689258607
83 -1.2622898219730998
84 61.753026241583015
85 -0.8726027181930807
86 37.31207304437
87 26.252213797085876
88 29.385384503362598
89 -26.461985896385425
90 15.91327266304602
91 2.5392106327265167
92 -62.5918299284956
93 1.4658232907330568
94 -67.14352423482069
95 -2.523999993287288
96 -52.71216498057582
97 -3.8669650412260204
98 -38.874635020337735
99 -12.420355313919286
100 -2.8477906225971403
101 1.0586232705196787
102 -16.625010457730124
103 14.031169430622066
104 17.874433895920014
105 -5.518000550179571
106 41.060672909736134
107 -14.489435181812594
108 14.57873521639884
109 14.637775966642412
110 9.68761682483943
111 42.960520464260796
112 -7.7031215626816545
113 40.966353839236334
114 24.119772912446752
115 3.7849887205595985
116 10.655226756587687
117 -19.11908904772864
118 -7.447989663198659
119 8.134165245933994
120 -30.458452031820013
121 44.34668874211158
122 -26.571099095649053
123 50.58168262578814
124 -18.483004037045202
125 14.815582915311756
126 0.4747410297474845
127 0.0
