0 0.0
1 -4.670140578500856
2 10.541501203869904
3 -19.718665254248563
4 -2.6974611720242834
5 1.682739598870541
6 -44.29778069721712
7 25.631380860585544
8 -73.93879085250504
9 -14.772086731967736
10 -36.687348523764854
11 -32.91779926670823
12 -9.894592115958803
13 -3.398218614963053
14 -24.777735106577914
15 7.279028073099025
16 -3.8826148923963704
17 34.09828405121998
18 4.636912130675744
19 18.945718913701704
20 65.21854706234298
21 -26.031772171689596
22 50.96649191100709
23 7.823913865743712
24 -25.619769002486553
25 32.07259864177133
26 -62.84204277627245
27 75.2206050957424
28 -53.48888017166368
29 14.961203670675124
30 -5.354837730777305
31 14.069606439943575
32 -42.73300948023336
33 -13.136788139733092
34 26.58638500902642
35 -25.218019620964803
36 -1.67970006523096
37 -40.727844648104636
38 18.415410961931777
39 -51.312064965477546
40 25.476362778521374
41 -33.376114796280845
42 -25.367742428610747
43 16.710611699357077
44 -47.39618369972934
45 2.9824757871990495
46 -19.307380577215017
47 15.694051305307433
48 -40.84022662913891
49 -0.6462724681478539
50 -18.09440895720509
51 7.079655795115707
52 9.676332847664739
53 2.864602486993633
54 21.51633773042055
55 -44.53835395235291
56 8.353087449862546
57 -8.804529289386204
58 -10.096626150728598
59 7.760121524156653
60 -23.073515347473556
61 10.594672788812641
62 -21.509460701643164
63 -12.955347895963122
64 21.298404692565782
65 -25.91503238903832
66 17.758759793366618
67 3.279458060390668
68 14.843096332933417
69 -36.81420345838821
70 -9.560724938990672
71 -40.332289468670304
72 -4.934228428934978
73 -35.47565040032254
74 41.38219514611257
75 -38.319307457261374
76 50.24646842912579
77 -24.46710602912996
78 7.272359690269876
79 20.649204298161177
80 -27.679675534212546
81 65.3164207946008
82 -45.072402780870064
83 76.7545682053141
84 -7.036036517452724
85 55.546084214590906
86 0.4032951572003271
87 23.465031569439127
88 -1.9721352570318014
89 -20.03011225710606
90 28.688971443465125
91 8.279499494189757
92 14.727862595135194
93 44.193928752812724
94 -8.990385557987562
95 43.60639213434574
96 -13.518782226265342
97 1.2615566856391922
98 5.01761143937944
99 -11.885340226469499
100 48.41035852778307
101 -68.06268371534544
102 25.06294849743367
103 -8.170106761797433
104 22.858842910019952
105 16.3559910128437
106 -56.652467386629816
107 14.710831779034889
108 -5.087838733385984
109 -43.33144878333088
110 18.547923443991078
111 -14.37134230111066
112 -34.97008890007484
113 11.290922652904158
114 -27.802216096278453
115 0.424230093214446
116 -34.53870904878396
117 12.457073278909261
118 -49.70627008475194
119 61.991101660972056
120 -61.426377267279584
121 55.330896299179194
122 -13.099826780170034
123 20.70599073509607
124 7.053885716381544
125 3.8849329004183786
126 2.296870637368841
127 0.0
