0 0.0
1 -4.591792000727714
2 5.993124089811161
3 -18.426370055713477
4 -6.513916927794047
5 -19.566158026995538
6 -61.77987671436452
7 -5.080371517376269
8 -70.14498563859043
9 -51.74386460261157
10 -15.801318219259706
11 -25.298094430502957
12 20.539422212014998
13 -14.249435798712144
14 43.69199405816252
15 -11.7337764364135
16 53.23931934021384
17 7.261501025898626
18 30.67120297287956
19 14.488002730131232
20 26.693690018088414
21 26.077285020171622
22 17.387762213369875
23 21.27683451466705
24 7.683866536697427
25 -10.468553816692886
26 30.96342196238508
27 -5.869951350526938
28 17.17574159686006
29 -13.715453088802994
30 11.570832502567326
31 -25.964148113383924
32 -29.223585765452704
33 -0.08081708487625605
34 -55.89425540493137
35 27.56386582440139
36 -26.82881404557466
37 46.14417285745877
38 -52.88229303060696
39 30.13675118152118
40 -14.9697463975632
41 -55.053628227404914
42 -12.421543024308582
43 -31.21622690106394
44 -41.90256351855346
45 -24.98424416839296
46 -45.07235026529296
47 -17.21016380897007
48 -56.089881562532355
49 -3.2911976295813177
50 -31.337921920115534
51 -21.98504750452012
52 36.106543801555176
53 -47.55868240584688
54 8.845851514180437
55 1.88575498520991
56 -7.980725587523949
57 36.686163478260426
58 -14.457717946342637
59 21.51890357296573
60 1.5102057916318237
61 29.507196152578096
62 30.359255531673817
63 -15.28069414257408
64 47.78111921043263
65 -26.567918390376956
66 34.73423078563845
67 -12.386778228791565
68 -13.955132679838579
69 72.12784235667019
70 -23.850964810953663
71 36.496927017143676
72 18.198223720916204
73 8.861779431518295
74 47.4878228705944
75 -30.769988170573118
76 30.593543269890244
77 -19.361455229992462
78 -21.200363332763672
79 34.47572746543492
80 -24.248432609016927
81 16.122828511031408
82 -8.32993831775376
83 -15.561806363228584
84 -5.058790467110675
85 -8.08643283441451
86 18.56594065815699
87 -41.74672007377563
88 -12.162499656052578
89 4.738577518833805
90 -9.945776050524636
91 0.7152850503708538
92 -72.67863793398583
93 -9.700343986408893
94 -55.58489427267692
95 -15.352934539207265
96 -29.942941105956866
97 -52.805604781395374
98 9.898843305133772
99 -22.567920683015004
100 13.954595592980654
101 8.683090723531075
102 28.85529221405775
103 -36.824879017801415
104 -8.111590605685345
105 26.960061686333827
106 -14.310033044313379
107 18.077949007416564
108 17.944819204158883
109 -32.1717186453203
110 13.71190105801244
111 -12.795288466853169
112 -1.4554524720431594
113 10.200517155274861
114 -9.470644636972027
115 -6.620822485817593
116 1.3014065874573404
117 51.9070162296881
118 -15.376338662543693
119 114.5651681258797
120 -6.06382488674104
121 64.64068133113234
122 -9.613134328781948
123 45.66406256501718
124 -2.6619076534063306
125 10.985756748480458
126 0.9778730556304646
127 0.0
