0 0.0
1 -3.9307213924983375
2 10.353721441032906
3 -19.93978830784371
4 14.258709176266576
5 -35.80122037917153
6 13.925407679711816
7 -40.4908872839698
8 -10.845335671020672
9 -18.2391830967046
10 -27.670057261280668
11 8.943848918465964
12 -48.98795293363409
13 58.3952853152062
14 4.394109001054413
15 26.584500459902202
16 47.27770466443458
17 7.814641495962706
18 -7.421883341073102
19 8.563382523961094
20 3.718209997201667
21 -52.85483802263311
22 3.938174131037992
23 -10.183098650084888
24 -41.31821856923393
25 23.591524709563306
26 -30.199011536391644
27 12.862586461762943
28 -63.87178402612724
29 17.289766502790233
30 -20.89462171355383
31 18.274786409754334
32 11.654828297528477
33 1.659381047921794
34 -0.8816952603313337
35 9.459107722927623
36 -5.212531773140024
37 -7.862846466757435
38 -36.65509146000573
39 7.20096458426594
40 -13.198865827824644
41 39.78739392129138
42 -21.088266510044612
43 37.09010155171309
44 -6.380307326368966
45 -8.737486613271678
46 10.352503425334662
47 -28.63539746059421
48 23.210434981168717
49 -34.67605225483698
50 35.39026110061405
51 -39.64410988705828
52 4.499721311813538
53 2.5580837034674366
54 -10.400350228428566
55 -34.44095814729442
56 10.792284750097473
57 41.55201968008751
58 6.841571031257018
59 29.729226443407235
60 20.446703205796208
61 27.22261553606382
62 45.35037891593229
63 -0.08667836815592456
64 22.782397174462655
65 -44.77843415396388
66 47.796218982135606
67 -49.317930381088175
68 4.534596731321279
69 -24.006594345015493
70 -25.699374292231784
71 -21.13157736683311
72 -34.623326322359034
73 21.84197350594568
74 -62.870342936241855
75 54.94226063864655
76 -8.482862989854992
77 -8.677015083529495
78 20.834858335798902
79 11.65372180357482
80 -8.85113949920756
81 -26.842517192237388
82 -40.963095290380366
83 -33.66612641260067
84 -38.72854518653165
85 -19.366718301804585
86 4.137327168481064
87 -32.95257813542155
88 -14.952890612047575
89 62.262391051111955
90 -63.99861962825545
91 52.46382899053837
92 -13.810983366106255
93 18.67284972452934
94 -15.425234293749668
95 -3.379714941649793
96 39.906220728164186
97 -64.07652287596905
98 20.360687966576908
99 -36.70240576602592
100 -16.33462049577177
101 -27.55648187556643
102 17.61440615689671
103 -8.598130397156527
104 15.623670526379126
105 -37.75845798206368
106 59.72005393657694
107 -8.084315070713744
108 10.753915576261585
109 43.997361067545846
110 -26.725267840782735
111 11.869167395636733
112 2.3932758930279765
113 -18.099697054760888
114 -13.20926015566157
115 22.990847217529506
116 -16.22342267786445
117 1.9507302546413101
118 -4.303651827863273
119 14.469983611482693
120 -44.33415217333141
121 47.881914330037574
122 -22.193956870474715
123 40.20191244496667
124 -10.988911043007338
125 10.46365609719643
126 0.5990281708906626
127 0.0
