0 0.0
1 -2.446497327970313
2 3.522863686597841
3 -14.585527497094565
4 3.9819117010806373
5 -44.91854510079702
6 24.176023699887427
7 -64.0110200911625
8 14.752554902160012
9 -69.15080282477626
10 -35.74026033370118
11 -19.01143325412534
12 3.170720565635974
13 10.773101334610256
14 6.117336054458831
15 36.886684137433676
16 -29.09649940208987
17 40.16891612814119
18 -10.635651648968501
19 25.48967233900949
20 13.14090507965798
21 19.58183551053405
22 5.106262579643863
23 -6.933086677012172
24 17.906668814693038
25 -16.854240520881362
26 -26.07975157292861
27 8.149436152659167
28 -36.972619162537406
29 -24.069989060512757
30 -50.28914835181309
31 -33.486060809680986
32 -27.18725283666025
33 -19.989187025864624
34 26.503305404340225
35 -65.27794211709616
36 25.60211190333772
37 -42.89638381705516
38 0.19953809448407944
39 -9.197139251504751
40 1.2411189395796727
41 30.244062821057334
42 -25.884927969410576
43 56.32089243663254
44 -65.23890698764409
45 83.53325704640203
46 -58.32230741078103
47 42.88970862264746
48 -30.051412715108658
49 -4.804036061823778
50 58.104754160381624
51 -26.24035982429038
52 56.743479609954164
53 17.390551755821377
54 12.843066871174708
55 20.45410730302808
56 -22.502356190351374
57 33.08634201417297
58 4.6379774292345965
59 14.238486197742123
60 20.552511160274612
61 -33.444805513620956
62 86.83223353040609
63 -70.61995025331537
64 47.94189829909111
65 -38.277903318558806
66 6.4537621570390575
67 -44.03525861807375
68 -1.8400412748478507
69 -23.80333690599451
70 -45.471623956044596
71 -25.952214542436025
72 -60.288157892124644
73 -21.230222669085986
74 -17.575846162657495
75 9.446363122355297
76 -12.477196064619228
77 23.15689773698498
78 25.204527304889236
79 7.813226990420546
80 34.57371355123346
81 0.7201945465865627
82 -4.023687724376187
83 36.92369321679646
84 -26.042610701997877
85 53.65603478942679
86 -92.92444473892559
87 90.22994529514612
88 -61.06188424387197
89 8.233303210700251
90 31.289305919905345
91 -54.21165090538062
92 59.759510357399336
93 -44.093628201388306
94 46.492778879101735
95 -40.541116381537485
96 16.970719903770924
97 -70.16456239225379
98 6.0109958946119395
99 -0.040301633429600865
100 -104.73133713995959
101 65.76637832903371
102 -53.96695812773188
103 2.53219973500612
104 -13.661024189834324
105 44.210756884240936
106 -11.311412528943482
107 -34.36570991218886
108 63.26215637851118
109 -70.76675865960728
110 48.253577456418476
111 1.8052990542088814
112 -24.29141011232402
113 10.171975143872364
114 10.63326909226168
115 -0.7896093115963171
116 -1.5372456703937756
117 23.76692591180835
118 53.39169383595788
119 8.226799437358443
120 31.410255103191194
121 32.768294425587406
122 -9.424093915165704
123 33.245374610681054
124 -10.200145710112707
125 14.593978218485715
126 -2.2122668254915667
127 0.0
