0 0.0
1 -6.636260682104754
2 18.91468798203672
3 -38.61469305110014
4 16.053446377932673
5 -55.256999708879775
6 -2.9083073733120686
7 -47.791691148439305
8 -39.161996960365165
9 -17.48690096901926
10 -63.54870239668525
11 7.675315993413188
12 -128.01219246549053
13 69.69649139799317
14 -133.90732201253297
15 35.15010262308495
16 -70.51448550379517
17 12.17357467393103
18 -21.215058759826483
19 32.82948010602519
20 -4.708714535420527
21 25.00670954502411
22 12.833697810918546
23 1.0052820383595409
24 59.169633922007236
25 -30.935832158701242
26 46.95588729650375
27 -8.735100838852343
28 52.981887098983776
29 -4.889910726000434
30 51.62396340709586
31 24.473049490877187
32 10.111122688571667
33 66.22355668450541
34 8.863620548259245
35 11.73179641668756
36 11.70917527871641
37 -15.478262736045092
38 13.757820337707132
39 -16.269491744357705
40 -24.337242588026797
41 -13.895788441220972
42 -16.701139924694385
43 -14.712161634848082
44 -5.066388913377639
45 -42.7939844105051
46 7.96835750204262
47 -18.313576941473492
48 -52.27665358346882
49 11.262949771491481
50 -30.263503026880535
51 9.867184818035266
52 -64.83811177289107
53 9.048864453105388
54 9.49566700274411
55 0.6252752860603664
56 21.667755933014625
57 -5.453238699747556
58 33.723068014163836
59 47.28680497570295
60 25.41528909122664
61 25.056445967875383
62 19.94584470631905
63 32.13138980892669
64 11.851140147033496
65 -4.740620129862054
66 32.491876965090135
67 -61.0343452555461
68 3.2173764319393245
69 -8.230387402111768
70 -6.395635912186247
71 0.8430991598388001
72 -4.328876538721768
73 48.1429665442302
74 -51.14260110388891
75 49.02386934164032
76 0.22722934599631003
77 -33.29725551127898
78 26.94836510219507
79 -76.78963130575764
80 32.6530947754716
81 -24.48002201684292
82 19.53313838026308
83 11.735821834445472
84 -35.5121210525916
85 21.414089841915715
86 -10.810529449074046
87 6.123466467162001
88 -6.206281506033421
89 37.02305140869696
90 -47.893849256593924
91 5.430183714271274
92 -32.50418339765283
93 0.9672408838532573
94 -7.776591679762233
95 -14.677675072806634
96 7.804444682663629
97 -0.580962014812152
98 -27.080384108170406
99 -36.209522874216375
100 17.05248373998234
101 -36.87703465253332
102 -16.019374442574858
103 8.997371281317612
104 -15.26706584424419
105 16.38154353464224
106 10.860914066032182
107 2.324379244446145
108 0.5991592939393572
109 14.032212374154925
110 36.3213059928545
111 -51.045000801401585
112 47.598085881820396
113 -28.639681138460652
114 30.526732770834695
115 -42.79791274923029
116 -20.59297886624883
117 90.80071680380907
118 -85.83821495245806
119 113.40820925610898
120 -68.26326776790087
121 78.79178349794462
122 -7.607983735715046
123 37.11028608710963
124 -2.2389796278735297
125 10.719709357209247
126 0.028055400214005446
127 0.0
