0 0.0
1 -5.0422415244515415
2 12.364407310339578
3 -22.634105213341424
4 25.4606202833572
5 -47.155399098960956
6 8.71390254750624
7 -34.30206628957089
8 -21.651036997563143
9 -43.7354071662043
10 -37.1968297481238
11 -37.508809718709436
12 -64.27940775931467
13 15.86142799856
14 -123.78176515284368
15 98.78314481716976
16 -77.61805809385176
17 19.929885497629154
18 6.963163744015961
19 6.678255288199395
20 -2.7344169466546324
21 -3.0206495766754444
22 38.10097486643419
23 -52.530815855069186
24 14.406856080942523
25 -23.69482785601286
26 -2.754262419246648
27 9.419700841941353
28 -55.92714466874751
29 0.9379460632247929
30 -36.62500917346388
31 -56.267329526132684
32 41.4472187616877
33 -90.5404705277487
34 26.926140187149688
35 -21.059436965182925
36 14.967573088571454
37 57.1777960329648
38 -10.25571178359267
39 72.21972185021
40 11.996974126271827
41 39.72646222364991
42 -23.612862753085277
43 31.30515311700568
44 8.958314473361115
45 8.32853956528293
46 -21.505418216733396
47 17.852575289154863
48 -2.0524823728595876
49 -12.45965865864732
50 -13.487683543234084
51 1.5736902287235186
52 -49.89900902708543
53 17.101523879588342
54 -50.853717077118596
55 -6.870679211918925
56 8.670266055161415
57 -23.36442897605384
58 -3.0868950713783967
59 -6.26679940406703
60 17.71968317122852
61 -6.1033407319555835
62 54.22231035576256
63 -49.038262984302726
64 45.98045987307759
65 -35.947285808457124
66 21.973501336083583
67 25.309406654121126
68 -47.47081990080745
69 17.961731785494674
70 19.974301583506477
71 -16.409040229268044
72 7.885355757973101
73 -23.611940379142226
74 9.410022969126238
75 -20.70521389906627
76 25.203981886637962
77 12.813947792546175
78 -18.98077009173254
79 25.13595313154895
80 -13.598771324583522
81 -15.164889223082584
82 -0.8322439997764284
83 23.90910714418549
84 -52.71781389900056
85 64.92797294105303
86 -38.37144245363917
87 18.23098276441398
88 -2.4026325630154655
89 -44.97680635130347
90 23.83917803773034
91 -67.09443171096088
92 8.665700371579549
93 -16.243756189550712
94 -13.90706280391828
95 -11.340567511349745
96 -34.941256930812
97 -18.70495858293903
98 10.484834921572304
99 -4.392091183518865
100 -22.682203385949638
101 -0.7522716334473544
102 -22.323518529569096
103 -15.965212943666396
104 29.208162601506693
105 -22.11024932335352
106 64.37899235717249
107 -35.529893774332656
108 63.14199831607944
109 -10.06837288627266
110 -6.526895009603119
111 16.636703888850192
112 5.296915291087946
113 -20.251258666216547
114 -29.028509597340154
115 32.93769472689332
116 -46.93441409680129
117 74.45934281834515
118 -48.58359469484952
119 88.84388325420588
120 -30.526842473205196
121 95.71882690265477
122 -25.914897852694434
123 49.8248827645762
124 -0.32231031778381936
125 12.137145079451662
126 0.8951558846566987
127 0.0
