0 0.0
1 -2.6575559813928598
2 8.374098402550267
3 -5.395183568177878
4 1.2174203531846155
5 2.561748349976191
6 9.71883517394039
7 -43.674908034471606
8 58.79555447488274
9 -54.53364577715661
10 4.547373095182082
11 -17.19496044612603
12 -4.4670518415701785
13 -24.84524500805512
14 0.34131772816935
15 -22.66003599279246
16 -32.570865466501665
17 6.563365256920799
18 -31.597785088732028
19 -12.798164129962178
20 -6.235852679341819
21 -21.496905235223192
22 -23.887878053454273
23 -70.07923866458006
24 7.516024866492692
25 6.436377623357337
26 -58.11116377118153
27 14.08920241981798
28 11.383638621524389
29 18.558813213783274
30 15.994397586767429
31 19.595274439457057
32 7.953530818269545
33 34.4730747381258
34 -34.8529693265585
35 -0.23717555890334366
36 5.920083827038618
37 -30.871108861137603
38 9.221025749892302
39 -36.708211338691314
40 -5.5770711714394965
41 -11.277368957936197
42 -25.89867382235117
43 7.012474634214412
44 -40.345279142003115
45 53.20580716661023
46 -28.018365475722014
47 -11.456250540364671
48 54.3536977428963
49 -56.30410225545527
50 29.380995303750236
51 12.751874983809692
52 -17.16961322537543
53 15.621241825144885
54 -23.89427834967946
55 -4.017305336266332
56 -7.2896921619040915
57 1.5745089632493379
58 16.718626806115637
59 -64.71687860138869
60 116.37707667922787
61 -61.57077903238929
62 50.009022562422146
63 40.36557055079399
64 -27.039880787714278
65 104.45299302209196
66 -27.65810910156774
67 57.516210893681254
68 -36.966730372260955
69 52.831566550981115
70 -2.957469377942057
71 -32.58012138834805
72 -25.769744148173753
73 3.129093115670495
74 -43.372003550557025
75 -31.21538691963873
76 6.63668728944826
77 -33.18065854664253
78 22.139868295617408
79 -20.317197105168866
80 15.204941058081818
81 -1.2687052785744215
82 -31.91403143577072
83 25.706499047438633
84 -67.86359623937166
85 38.50958828776611
86 -9.79525975561033
87 -7.606166452928898
88 57.4153922602595
89 3.5219118029039906
90 80.71853958373649
91 -49.97145302833442
92 49.50147748252082
93 -38.05981770066681
94 15.57516680541115
95 -33.069452933610975
96 -15.686325633416981
97 14.585120604231701
98 -30.430705918199155
99 1.2845485111853447
100 -13.067352119039336
101 13.77429538537146
102 -71.49847605861937
103 39.275253727825074
104 -68.26094242986457
105 32.79104521967368
106 -51.16709579023978
107 -5.815058966071093
108 -25.822577426075853
109 -21.721732518785597
110 30.64731941754606
111 -26.464033050774464
112 18.050668050613655
113 -25.31990470401566
114 -0.31895296094341863
115 19.598440808467338
116 24.67981385938526
117 -22.185585879097413
118 31.35248682917837
119 -7.373391175335094
120 10.644303654609795
121 16.52448608556216
122 -18.03448509780172
123 26.87200299783167
124 -14.703545944195373
125 15.617737056533535
126 -1.2533280388402104
127 0.0
