0 0.0
1 -4.293414028120221
2 12.413394500541273
3 -9.95114891056458
4 3.9921432129408347
5 -11.257341075320575
6 -19.158523515330586
7 22.875332868865947
8 -59.15603482773712
9 -19.979634062496835
10 -28.904156997607735
11 -69.26906095147696
12 1.8739088418761263
13 -85.33592678566094
14 26.49515930699489
15 -67.15200769400397
16 -30.994751114435882
17 2.9579551817424243
18 -85.39803705659324
19 69.73497516456035
20 -56.511984316680085
21 42.966718316992775
22 -18.716955866235747
23 12.232190689553583
24 18.2013265147612
25 -58.640388150882856
26 15.956952576547332
27 -8.164842322545244
28 2.540542161978962
29 47.86255979270948
30 -22.796213928519474
31 11.444899257375637
32 18.1188549381136
33 38.15314238911967
34 -29.506877048609145
35 59.62552445787018
36 -42.042042531576854
37 -5.183572885821702
38 1.075614858119675
39 -21.93166245266491
40 16.278678962471677
41 12.786347373806677
42 28.44342671605669
43 -13.76015554728848
44 72.50866760513199
45 -21.01734421000089
46 52.460217998365806
47 -14.241191949730421
48 51.266993675119366
49 -67.41934661126164
50 41.884587818786336
51 -27.911749537827593
52 -26.485705166757306
53 34.06130654361079
54 -20.111489142964334
55 20.985394112886766
56 -58.67179289153753
57 1.1212435037489759
58 -18.768229229449762
59 -3.0480678097081704
60 -7.299277607478238
61 22.3264307692503
62 -4.348577415661396
63 0.3860723858524911
64 -6.3811855902560355
65 17.377861143326335
66 -10.17755189994076
67 -10.443632879070421
68 29.2186180459156
69 40.4483701035795
70 -24.032729767072635
71 46.011554314793884
72 -18.707563732731334
73 23.71784288063951
74 23.774935479974566
75 -3.839777105169838
76 -8.393284328092273
77 -21.0413036094771
78 2.121953105322401
79 -62.051256575869694
80 54.86481173397131
81 -98.88040245125012
82 41.92911071601852
83 -32.08061308096315
84 -43.09877558844903
85 48.53554787619795
86 -89.34417010026863
87 29.787524212255438
88 -48.48965210062544
89 -35.145779434407785
90 18.52181426557278
91 -30.86085991566303
92 11.897047660694408
93 21.20588032069856
94 -48.668463057278984
95 82.29291229607439
96 -78.43893997982482
97 -15.117034608451561
98 -25.754179981586528
99 -18.118089028544293
100 -55.07470933647119
101 -4.6862963189130875
102 6.82579974858139
103 -48.14591462552585
104 26.088616450010417
105 -19.445569262721204
106 36.704686179079495
107 14.107759108954493
108 46.96594367287
109 2.8862682623096667
110 38.54190212104239
111 10.62935556836371
112 30.8101451850506
113 20.621425373723866
114 11.35832550905496
115 18.87266035321782
116 31.4110602222041
117 -11.132316615682836
118 -14.464965014431595
119 47.74478144112766
120 15.51285606136102
121 23.246763366634394
122 -11.67280507542621
123 25.923699593849697
124 -13.437838011634852
125 11.270974991741502
126 -0.8275593372400892
127 0.0
