0 0.0
1 -3.698704665456476
2 9.117922180632721
3 -18.7771244796887
4 10.757101473498324
5 -34.28346789498405
6 -3.5645378899982347
7 -60.73667642503673
8 -12.06961324414812
9 -44.59223343072334
10 -9.218010269653163
11 -25.699444314519383
12 23.697489292251504
13 6.735617516034603
14 18.408788749857294
15 51.14799699459665
16 -72.54035987093468
17 97.23991380958944
18 -54.878622858785995
19 44.41268152691557
20 -0.4153721845189389
21 43.22088399452891
22 -2.600655456727634
23 -11.880337317545555
24 39.17111638377673
25 -50.65539528103089
26 14.102459915117926
27 -52.87187514521144
28 21.293288231597007
29 1.186971147995706
30 1.2295641302635762
31 -11.553121398475522
32 2.963344794389943
33 8.373928896017166
34 -5.926586209128041
35 65.58013283646383
36 -58.86881991050935
37 102.09998480050223
38 -33.44195336404255
39 -20.69232963813603
40 5.438092830931023
41 -20.372749937727363
42 29.999800916601156
43 -63.58238333672541
44 22.628732837496198
45 15.921860177077757
46 12.287102682019755
47 38.68988188280584
48 -1.7460648998378794
49 -30.852753065530816
50 46.985698456829674
51 -36.537073651329834
52 -14.973462526282976
53 64.41023982018008
54 -79.4839927047913
55 71.45307330506688
56 -39.4381835350507
57 -32.27576685041763
58 47.51714536827939
59 -82.18434898551926
60 17.49290503472319
61 -46.8031358808096
62 10.346895365265137
63 -45.69586747114035
64 -30.87922895416572
65 22.55585786113587
66 -12.632788960742253
67 12.572189277326812
68 -7.161375029236111
69 -13.430078694064425
70 13.80793538621927
71 3.0709735048212012
72 -11.607964711419722
73 -3.4881777166065198
74 -18.963664521859812
75 5.860595453466158
76 -5.600170286712268
77 -1.7024047354028213
78 -21.132842821634622
79 8.521000135011569
80 4.313574074323247
81 -30.700156113134415
82 52.951067824129474
83 -34.21174167640469
84 13.061594047736072
85 -4.826279702584338
86 -28.07049080284007
87 48.461150544982104
88 -24.68676583482598
89 35.21076386834135
90 -15.579803110263423
91 19.84155126770214
92 -17.253875424182024
93 -26.61425328186474
94 2.746474138265436
95 12.089306503887583
96 -22.77899473337112
97 -5.588643376885891
98 -18.511429921692834
99 21.902086555427488
100 -28.560268985447586
101 -21.250064833703252
102 28.3724071995192
103 -56.71811795238071
104 48.94033337447687
105 7.793357341249663
106 19.843833647593584
107 50.05649361611706
108 9.841022369828215
109 27.40724995958879
110 25.065375868848403
111 -10.711154774994858
112 9.539108219020527
113 -27.052563918093178
114 -6.681895661154378
115 -16.489759670071265
116 -15.868333443047389
117 -39.868335249347425
118 -61.99993317197997
119 27.561750683646082
120 -78.59442867688473
121 43.860002846081585
122 -31.482543576382138
123 26.22884094650592
124 -6.980241210374436
125 13.453209497040374
126 1.0698583385203695
127 0.0
