0 0.0
1 -5.552606260202889
2 16.913119872478866
3 -34.61660505879273
4 17.936813301052748
5 -31.27910514403154
6 -7.566528313454451
7 -22.654364087019047
8 -78.65560511219518
9 23.534663624713176
10 -64.10854888905598
11 42.695350382015086
12 -74.59191125343952
13 60.64784381365521
14 -24.33966945668684
15 -8.844743931569699
16 22.454207984907253
17 -18.076908086994866
18 5.81361434537835
19 53.471249183004794
20 11.844361562856419
21 12.469700072120187
22 -8.484075622628087
23 -4.510112422583426
24 23.01434166947896
25 -8.373383016409381
26 59.49130565056447
27 -42.08799569593017
28 17.389033446566447
29 48.60141552708018
30 -21.27355921658613
31 42.102659724687925
32 23.354685700589016
33 -33.3516262200316
34 40.795204170099574
35 -19.93874714245258
36 19.235740856630805
37 -47.14212584415344
38 38.76903018428662
39 -28.891712077450734
40 -3.8717173154712436
41 -15.926395628744935
42 -46.37630560228332
43 -16.887048498733026
44 -29.08287210890294
45 -0.7809927173307893
46 -21.255013539673076
47 14.525102795668456
48 10.629653230305339
49 56.47033302360192
50 -16.440224786684354
51 50.01079105019801
52 -17.09001212473597
53 32.93628519643624
54 -50.80524284985412
55 27.851453139728157
56 -44.31969193446389
57 7.672466641639027
58 -9.797673345872596
59 7.382707582182109
60 -16.92254748782621
61 44.8462117074305
62 -2.1257327807497157
63 14.635597139054621
64 23.776685933343476
65 -17.234706578272345
66 54.77839794821431
67 -30.473003094689226
68 14.114466259766491
69 37.63046473718838
70 -3.273179509666785
71 -13.286415389770562
72 -14.135268580670886
73 3.645799466754486
74 5.324075666040366
75 -20.541232050615385
76 58.7462407369142
77 -47.71616894965579
78 53.32451817348578
79 -15.70910281696674
80 19.070992420400025
81 -32.74270121560586
82 -5.886403422036922
83 -15.012058984839904
84 -33.45415956436356
85 -1.0546637264594059
86 -42.650042800945656
87 -3.2056646944392866
88 -58.96094159912622
89 19.37681053351862
90 -19.69307270023118
91 22.471245955382983
92 -49.36541930288132
93 5.555590712899711
94 -5.7770322639585885
95 -73.75607430025127
96 57.70933899146024
97 -54.926466238377756
98 -7.598173153220058
99 6.830785024995197
100 29.765335070341287
101 -2.57839304617742
102 6.52582075645469
103 23.774470115360824
104 -28.032194890417
105 54.59442356844929
106 12.943629828601168
107 31.325327641209093
108 12.535200510529895
109 -27.778340829763888
110 63.5128399355669
111 -74.56163103624921
112 3.468631476884068
113 -26.62750697138892
114 -15.471171659128256
115 19.854786663354215
116 -50.94054609022165
117 39.196967674163844
118 -74.6745865855561
119 71.72814449817791
120 -43.1397984512239
121 29.064942344122365
122 -31.38767465052553
123 30.69868449215835
124 -11.690760564262474
125 11.198948504884326
126 -0.3415790193918867
127 0.0
