0 0.0
1 -5.770221592581634
2 18.25984654649953
3 -26.973342204232726
4 36.07684486096682
5 -36.4236638975129
6 19.317019687154435
7 14.665065748748537
8 -39.78049660776752
9 15.451233007347463
10 -26.83007501411629
11 -40.04218589421888
12 -8.970412549415453
13 -14.997308095591947
14 -23.004886228777863
15 0.8580906375012282
16 -24.897430828633773
17 -13.52716896759768
18 -31.87950214949227
19 7.679164453372951
20 -29.572918258210002
21 37.729503907638055
22 -63.37527775925622
23 75.9135150848658
24 -80.63875308281342
25 22.820705818378624
26 -4.920620800748532
27 -24.881857925943308
28 35.837431187485215
29 -26.07713479824653
30 35.77040496924912
31 -23.43367350813472
32 -46.65020772757447
33 18.298537613531547
34 -40.00976677390717
35 -24.882602165430846
36 -9.234660578093603
37 13.164641718928504
38 -79.24404219980092
39 74.63735344365116
40 -52.6192039756168
41 35.38537217414298
42 -5.6765734917595365
43 -24.704617240547567
44 -3.695105809485616
45 -31.675802241619042
46 28.083283706296616
47 -102.29167804433547
48 73.14473958070508
49 -55.37220309474915
50 46.803998635988336
51 -1.7907782810976938
52 29.10565635713675
53 42.204435795716904
54 46.39349686692093
55 -22.200000339099027
56 28.29879705580515
57 9.251311842503354
58 83.67803621917173
59 -14.810775119349604
60 47.232049387037925
61 23.602974835686357
62 10.29904974609867
63 13.55583719520821
64 -6.049332969284908
65 32.11659193469177
66 -30.95506286390707
67 44.34180357030303
68 -13.915065128783521
69 1.1009878288045307
70 4.928644816340294
71 -35.85102386113505
72 -13.95698355648788
73 -3.6985707411274182
74 -30.77875827197111
75 3.27279098904812
76 -39.249165993407196
77 -4.75142270484995
78 -28.86749253719488
79 -12.254303323494272
80 -11.085611638159824
81 3.7298774346139503
82 -1.7143936300732203
83 62.23788207963827
84 -3.5180257937487527
85 -17.917453370253096
86 16.60120072997183
87 -64.86901785390057
88 39.375792453498505
89 -55.630800582437296
90 -34.031877041187876
91 -36.658880326717856
92 -14.984694769858724
93 -19.397673832598176
94 -48.04740485127116
95 7.308284179612065
96 -54.30238025938287
97 42.79814349085165
98 -59.388121941263584
99 45.19805868932234
100 -39.36386377245115
101 -2.963240969041565
102 -27.026189341259943
103 -20.02159706388004
104 0.2872767742209364
105 -37.10926010959933
106 27.677407306222914
107 -37.03597741114237
108 35.6333689408838
109 -21.738436480760793
110 19.6630067777901
111 -20.79097311574471
112 52.52441672394228
113 -1.2781745970263338
114 42.46159064594059
115 24.981083260131776
116 -5.844172761848665
117 62.60086280430919
118 -57.005065018794625
119 93.30597478520096
120 -58.02684753785873
121 79.2741364555287
122 -47.248940381581754
123 48.773726342845606
124 -14.151320199571595
125 10.657068777469703
126 0.05604064829026
127 0.0
