0 0.0
1 -5.331586776732125
2 17.461901867404777
3 -37.5842613782554
4 26.758106155210967
5 -36.50898175547907
6 -5.6722714156584715
7 -20.02405636139723
8 21.999128014979192
9 -43.47855785968826
10 -4.959220262431358
11 38.31409626099431
12 -58.75898127549063
13 111.1542339639892
14 -55.05434206826316
15 4.176687052107626
16 -2.9211950138030636
17 -67.89922515059123
18 19.15579735185246
19 -60.96381100114244
20 -41.087490718190175
21 48.313976349698336
22 -88.20062023048303
23 42.716107920561946
24 -5.344841215465537
25 -4.422937260312861
26 22.912745084175523
27 10.964913932966555
28 -11.798583495885804
29 -11.565102146025342
30 45.51158366241329
31 8.085099620170901
32 10.339933128319768
33 46.98030703817203
34 -60.802317991953444
35 52.066370567495305
36 -40.740204186888555
37 21.4077924112518
38 7.724628031411215
39 11.990084938942092
40 30.37797313342588
41 -0.15383450436837687
42 35.042249960172384
43 -20.928734697972196
44 -18.354768397255658
45 -11.258162981923489
46 -48.91839112941188
47 -26.285664793019052
48 -9.982532867419287
49 -57.003146155382034
50 22.824905488767254
51 -44.46550169791519
52 19.208577989032182
53 -26.378247694105415
54 4.186670251581523
55 -3.6957844017880257
56 9.91272238001558
57 30.438968946774523
58 14.246364671400457
59 41.12932116007719
60 13.161491483164273
61 58.439966623815074
62 27.68219233996907
63 -8.872424037505501
64 37.92414784620209
65 -31.084917776900852
66 21.251096610344778
67 -21.45911908790626
68 3.9363329425505915
69 18.825892747271663
70 -23.585618276014152
71 6.224078759885223
72 -48.791392608159136
73 12.972751019610275
74 -66.55866072997605
75 9.11972879884267
76 -39.89518936643028
77 8.508545527440674
78 11.980019540690291
79 -49.774089529119834
80 9.740193433474612
81 -26.32727761747545
82 -8.76488913565335
83 10.03947313773797
84 -5.4399153353922545
85 -9.1597100432082
86 23.8698654917246
87 -41.87094795369516
88 -12.803003693071295
89 4.640521016115748
90 1.3201914423621675
91 -27.289723233225722
92 9.752700125074902
93 -37.36511432103099
94 -29.037687090320844
95 3.9272639067368353
96 -32.166003892791046
97 -17.988411130961477
98 2.7299042821688047
99 -9.876651785950987
100 22.833974181769076
101 -65.72772343593682
102 65.90056825464343
103 -35.95980891517186
104 1.863964574865746
105 39.84779894148757
106 -35.6034119820511
107 -44.687592369333814
108 2.4554805374214834
109 -16.10450841629831
110 -65.71885265665502
111 36.723060480982575
112 -19.976655972357428
113 37.578350063278954
114 -73.47307227642611
115 59.75943370306261
116 -37.346155755526155
117 38.997122386928574
118 0.6246442432416139
119 64.82009847305838
120 2.0238926113354876
121 73.61015925805917
122 -25.642857817045137
123 58.3699934938738
124 -4.5292037316217755
125 10.313965483999382
126 0.6219995173251822
127 0.0
