0 0.0
1 -2.3714459255138465
2 6.612298411854957
3 -16.373792852945954
4 15.549945556485483
5 -30.076314945327205
6 -13.239155203518802
7 -37.21284532905542
8 21.454060524058175
9 -28.28921215134498
10 10.810181366869655
11 -18.374670033764144
12 27.90425574327307
13 -17.536768829369173
14 14.454381675352248
15 -31.992043187933692
16 1.1633675455035895
17 -4.384764558568356
18 -48.718239980771465
19 -35.29309806069459
20 38.075317475126596
21 -37.365698101007524
22 90.04957199030707
23 -57.52298743184945
24 13.80089341912808
25 1.406377708963221
26 -67.36667321994366
27 39.82328029454292
28 -86.60512345813774
29 53.26537844677077
30 -91.96410539950762
31 -18.440424951273307
32 -32.08529252154827
33 -24.303218308698394
34 -1.6021185172686239
35 -14.459337450768615
36 7.664720808097324
37 -31.23659662067009
38 -24.322822015842583
39 13.676723029419534
40 -30.58217262066784
41 18.992512538857273
42 10.378832234502578
43 35.073521553683186
44 3.6867065684304112
45 28.812936057050234
46 4.951760877322276
47 22.482407946740725
48 -19.34079027589589
49 13.183974098045969
50 19.777180134038044
51 -48.1141940855174
52 62.69410206638935
53 -42.45669295751769
54 59.234965171433444
55 -18.55867546520873
56 37.943196141740394
57 -8.32140911324971
58 -14.707035940127527
59 19.251104432079742
60 -64.3765823373269
61 60.13650346208933
62 -13.51373869976718
63 -18.134932518407634
64 51.255173462963675
65 -56.74556057370636
66 54.49864143398688
67 -20.175136987480993
68 13.509580016255367
69 -0.1311967332123143
70 -7.884223482977218
71 11.619850906491436
72 -21.48008735958197
73 14.025415683175096
74 -38.52860124350723
75 3.2764831088223234
76 -4.634640870586341
77 -23.76872244463922
78 -7.267222930065006
79 4.94367589204369
80 -26.415992827009564
81 26.952239483355775
82 -43.209522651961706
83 20.367368585904487
84 -25.05507558119449
85 3.500199505496445
86 -7.27711777140901
87 -1.0176571325798016
88 -17.981185796169665
89 12.551622814877675
90 -25.549109543497426
91 13.304839982822841
92 2.7765901678010314
93 -12.354732194844493
94 -0.13403075551634908
95 1.73071287732439
96 -44.97749830282936
97 26.679980546818122
98 20.408851399827757
99 -33.8626364664102
100 31.97267739058175
101 -37.37863439030645
102 53.03521001717253
103 -15.341389558923394
104 19.04280158021979
105 -4.1229757658315584
106 8.53369123442547
107 -38.19410120199753
108 10.455000151659581
109 -6.220015451322976
110 -16.608832691923954
111 -21.23660464862713
112 25.136679587650324
113 11.125875183810917
114 -28.3567811534737
115 -0.43838938060455707
116 -11.321676689234712
117 58.05502748686103
118 -21.94356781692845
119 52.210272271380305
120 -22.49407238773961
121 28.00128952072942
122 11.599689931373968
123 17.34757486556113
124 -4.939267063838584
125 18.36385429965631
126 -2.035031806811241
127 0.0
