0 0.0
1 -4.4945514334442125
2 13.097971702509225
3 -24.113869495145746
4 16.235444822962812
5 -39.45903308661915
6 -18.482716625322393
7 -2.4272155208198796
8 -40.15277109156393
9 30.96329734663713
10 -4.8515050742505865
11 42.14039639082832
12 3.3731469435686945
13 19.83028920826732
14 -57.68219007802748
15 20.210876948197566
16 -49.97337673048075
17 -26.667849210001958
18 -18.567541190851248
19 -86.27085579515025
20 -40.567885069206866
21 -3.899811875889434
22 -46.90006643070388
23 -5.214863401446467
24 -39.33042470987353
25 -8.757889757926637
26 -28.378795969513547
27 -22.824270134712805
28 5.949242151430097
29 20.478470194175245
30 -32.48170805647244
31 -0.26753803385445285
32 -1.1681118944295326
33 -70.58099946428595
34 42.569983851767944
35 -37.154518661401845
36 32.265859947848604
37 16.07429992743377
38 36.7215540263413
39 54.77873325298078
40 -13.288609172478884
41 42.02195235593936
42 44.11093017610635
43 -5.772542499011859
44 48.1031873725718
45 15.760965465902222
46 -70.7715781251726
47 74.67858604497562
48 -56.91952302664054
49 17.937048824566897
50 -39.6914208814338
51 0.9147596202845496
52 13.279810453468832
53 -14.78470224820107
54 16.23158953036105
55 -38.29323226044306
56 78.4178113034548
57 -40.6055033684744
58 53.703134226529606
59 -19.223825839710372
60 -16.380914962575154
61 33.738877589012056
62 -29.276465726752026
63 8.407246391761056
64 -32.58961783425522
65 40.26539569503948
66 -16.288775716353893
67 41.585364404223576
68 28.864879283472316
69 -22.85063363960878
70 106.28892918930516
71 -53.52890193068235
72 19.596302772103424
73 4.059345470059578
74 -51.67665498693225
75 40.69015564410069
76 -13.141893809679079
77 -2.980894750025059
78 -26.885942898046764
79 17.332221809462062
80 -28.83311360730026
81 -32.357247150081285
82 -15.20494054642771
83 -14.436252763489133
84 -25.761902678957934
85 -55.200676242348074
86 -17.438773477320876
87 -37.22595522225153
88 -31.412750707870337
89 -36.39969575074445
90 11.096594469335843
91 -11.31695673241581
92 28.403067792090862
93 -3.223808541805639
94 40.223335417208496
95 -27.224910722649405
96 38.23086351766914
97 -36.981168113614586
98 8.217734489391
99 42.302829830673474
100 -38.799160034301536
101 17.20560259165912
102 -18.860570013138933
103 30.210070203053302
104 -50.321007428429816
105 68.87009772618795
106 -52.373279308921184
107 -6.061945277395382
108 -18.275072215134454
109 -6.883934290976914
110 -23.320752889539868
111 -18.372247452362902
112 1.593339999409845
113 -46.007280866661816
114 54.22541602517069
115 -40.051146543564066
116 -14.618343018439077
117 53.240454620247924
118 -83.94630707893117
119 84.48034912077419
120 1.139344397862101
121 42.1246102540491
122 -1.0667505031818088
123 34.18751989728151
124 -3.843247215511611
125 14.512775201735504
126 0.6080928317269634
127 0.0
