0 0.0
1 -4.915083379029743
2 6.077980849295238
3 -23.21381669999616
4 -7.878054353606673
5 -29.472887929508243
6 -27.22180574728415
7 -2.230340325913365
8 -63.31455769202648
9 18.02569599204849
10 -38.71396978103307
11 10.046260198534684
12 -35.95388592174592
13 -35.62842022280167
14 -25.194967228193384
15 -15.852133310780744
16 -27.59634150915941
17 -49.38313427920943
18 7.650109254963577
19 -8.054356422962247
20 -6.698803301671547
21 5.365459312186993
22 32.062789190731635
23 -50.17202874583042
24 44.84834366177494
25 -51.82534053699742
26 -13.326628695835115
27 25.803511950575633
28 -56.1029747151154
29 55.263232667886115
30 -39.69529064038923
31 38.11832180663842
32 9.383434119052744
33 3.584681212269906
34 32.74001859485902
35 -17.256520451990916
36 -6.9053405213145505
37 7.000872073186661
38 -26.384862704955836
39 0.4558571127904271
40 -11.088928048010589
41 -22.87388014234241
42 -5.793237035051742
43 -20.110247476802527
44 9.646077783388225
45 -18.52219592416183
46 -7.592475032706117
47 -4.130025799538496
48 21.47473349417155
49 -31.200836294499044
50 -16.98316417761351
51 26.742817575515783
52 -23.737078039568363
53 55.526838773045874
54 13.792857776865457
55 7.49116139498165
56 44.455871028149396
57 10.965348450467856
58 40.33666384121284
59 24.946021674039294
60 26.630975085651215
61 31.65057727643162
62 -5.511565957513472
63 39.366250531444926
64 -10.874672281807856
65 62.78932022797089
66 -24.357945515093867
67 38.05378038290935
68 -16.117419566161153
69 25.737622401296942
70 -8.216860767106441
71 -20.298779731248082
72 -31.706507115050602
73 -22.643805021569015
74 -27.246958128880284
75 -64.86418438972795
76 6.7334048395518025
77 -93.180399069806
78 7.19947708780739
79 -32.122561390032644
80 -29.44960905694407
81 -9.331204893654174
82 -24.55457525838877
83 44.53861429772939
84 -9.291884179865397
85 -23.538394144073337
86 60.9285956911798
87 -23.872931767190206
88 57.484424961182675
89 3.60767899315904
90 21.015838527955516
91 -18.74400527982872
92 48.558301762277715
93 1.1081159533987825
94 -10.147671722937393
95 20.54334877819172
96 -54.345668591509096
97 42.88119361496059
98 -12.302776726249359
99 -11.526935003448656
100 38.83556970631497
101 -22.01879770530587
102 1.6134011306728864
103 -30.2033586982168
104 8.995203584264441
105 11.405215246363673
106 -15.969636637751586
107 35.075924388074476
108 -22.280312261180452
109 35.263847615897326
110 -36.157003054766356
111 -1.464202577849614
112 -17.29707131162708
113 12.946425220040926
114 -11.114760872980586
115 12.84909722354231
116 -18.10110631717062
117 54.77110528652697
118 -19.242860287010817
119 47.936616505130274
120 -19.47257980580094
121 35.013386321458974
122 13.02186890951338
123 28.98620815551622
124 2.2250266152022755
125 9.858109091678834
126 0.9707498712859942
127 0.0
