0 0.0
1 -4.738612448940404
2 11.029005896462127
3 -24.53205398290287
4 22.127480080404467
5 -37.84204667789798
6 21.351746249626004
7 -31.895471127743704
8 -5.291797261042066
9 -22.401182609932604
10 -38.371684916898964
11 16.976126666264502
12 -22.55584810203688
13 -39.141938813505895
14 6.737574671320471
15 -7.840958128483632
16 -42.04495142115099
17 60.25263491723248
18 -81.44192817753328
19 49.40387687066335
20 -55.67852062167016
21 14.339576576834029
22 -28.17430349723379
23 -22.852516777993497
24 -7.109820002869656
25 -29.414566322898036
26 8.088262567150592
27 -2.584426917928866
28 -6.591842135587587
29 32.20702295007141
30 1.4871050946262947
31 12.663104923872966
32 -6.575256251039791
33 -32.92291440407745
34 26.832398724884627
35 -29.62739240020662
36 51.18297412708376
37 -17.965796867008923
38 43.04895270886818
39 13.433225007180276
40 -24.991857846075376
41 45.36644394205579
42 -29.72898239387936
43 35.05133459813707
44 -28.799478530613627
45 8.068646544865839
46 -15.019333365884513
47 -25.89498417764214
48 -13.282301515156066
49 -46.808873742881936
50 21.01778252833686
51 -33.227979568435636
52 3.1016722744124308
53 -4.735729277431566
54 -6.064813371003707
55 -3.5061302733503403
56 -33.92271486405477
57 2.9538098650988727
58 -21.80371966157135
59 -62.95033294977716
60 14.763620933956261
61 -31.169765876642415
62 -32.22865980946944
63 29.202409856574572
64 -37.515094708280046
65 -5.161848653614461
66 -25.842820866634753
67 -45.70487424951915
68 -15.341492986770799
69 -15.074555058292034
70 -15.795342036279655
71 -0.9094097796899093
72 37.40984973227004
73 -26.344063811992864
74 35.881314146026966
75 0.9463353757466533
76 -67.01090219705135
77 76.3705399313147
78 -44.18799801420256
79 32.97155719401794
80 -18.71442117455661
81 18.07674862547453
82 -34.99496509778093
83 3.038689606023304
84 -4.712296074076088
85 -58.8939074809642
86 27.634154546875735
87 -18.530600910853288
88 37.934228288965905
89 -34.92012448289038
90 72.65829424731092
91 -30.83839514269948
92 30.940008381726475
93 26.33080141578703
94 -23.393834922610086
95 57.44686955115953
96 30.89160760228233
97 15.047597104934313
98 55.358230302742996
99 26.101971918368932
100 17.107303817059897
101 3.5147141363664205
102 54.05660315267379
103 -26.46093371751991
104 14.092052394106828
105 11.580887208731392
106 16.082326755732563
107 -40.85720454887184
108 -19.672730841135294
109 18.69221279360981
110 -49.09270999321426
111 7.038354595836401
112 -4.918421047865192
113 4.7346121805787575
114 -32.165901152019394
115 8.13887810154788
116 -12.202050569752648
117 -10.299729751068973
118 -14.406096757549449
119 78.8154764973154
120 -85.30256489203342
121 104.59174163497774
122 -40.922265898941674
123 46.063687815385755
124 -5.590885624193985
125 10.433304834479294
126 1.148384374505536
127 0.0
