0 0.0
1 -4.274293429788837
2 16.77325213093749
3 -21.294283474009067
4 19.289502312619486
5 -35.85333159707248
6 -19.118760163528684
7 -25.986090779689874
8 -17.108547057405566
9 -36.78430287506033
10 -32.64030209395355
11 -36.12776766702691
12 -7.218576256816059
13 -26.406673023519804
14 -11.08923785868818
15 7.488354321439682
16 -37.49833873365223
17 9.608353399864903
18 -77.4913662118803
19 32.35595360554259
20 -74.31425165356958
21 39.390253254066934
22 -47.66462370724493
23 13.025763637351465
24 -26.5483622581372
25 12.65914277876738
26 39.42844600603021
27 28.529266648285972
28 50.14741971031053
29 -4.645959180756167
30 45.40281570807877
31 -44.05654637590859
32 18.115293167032828
33 -17.14122564293289
34 -32.44629266579213
35 -15.838293409135517
36 -33.891487665103824
37 16.566656360201723
38 -57.708172136283515
39 4.969117707549364
40 -4.2807488779502085
41 -23.490407391444883
42 -17.13044991095518
43 -0.6950169313575741
44 -26.233454692522525
45 -12.381762849545874
46 -10.725340173682637
47 -10.036737084515503
48 -32.62603494043387
49 -11.977838233082757
50 -41.49195458981776
51 -36.76032977925559
52 -4.223662054647166
53 -28.403334762965436
54 12.90741302136618
55 4.622703396120057
56 18.977735955402366
57 30.76287934160479
58 35.594880255761865
59 36.444465436343805
60 48.68815449088872
61 40.70976540087664
62 11.610298813328802
63 20.386272662187128
64 28.027683036162067
65 10.834782552600666
66 36.379941969490034
67 7.504225937849727
68 -13.182334002511844
69 27.33637760663717
70 -40.62981232903693
71 5.776039173703803
72 -22.41960369571402
73 -57.50175692544884
74 51.16960291147663
75 -65.10532386201145
76 55.29905822863884
77 -26.282743684710447
78 -34.794508485559376
79 45.69554319906408
80 -76.5847024079794
81 -0.5125125057337758
82 -1.6296288928147757
83 -27.17902842874812
84 14.351246566330353
85 -16.216966033546637
86 40.615071751964095
87 -41.04651474947207
88 47.00239854049584
89 -42.427177123742254
90 37.53178314467139
91 -31.24686646105579
92 1.8578104666635131
93 46.7285730363643
94 -25.447262752369078
95 59.98941467965423
96 -23.497340221280048
97 35.97859634915665
98 -54.60101755931609
99 20.49671488984806
100 -14.116242850834592
101 -3.25224705286702
102 -0.9497886889959041
103 -0.5022647214051735
104 -31.00428916271371
105 40.0539650706681
106 -63.25118166537218
107 24.15360402196897
108 -18.46345494142434
109 -35.16717080011223
110 -11.239635039648135
111 -55.9286042725266
112 63.25404681089351
113 -107.85760782618873
114 34.72194477004834
115 -9.60209642058155
116 -0.675801905389468
117 38.19685468445047
118 -51.917575264976705
119 51.90845261924586
120 -52.81848702190437
121 28.045486894645542
122 3.5097085902486853
123 29.56232585405501
124 -7.967564989607167
125 20.322776583172494
126 0.48459529317822136
127 0.0
