0 0.0
1 -4.71588703350389
2 17.23481157176398
3 -24.07417751250832
4 6.505947479444268
5 -10.846572282791103
6 -23.706619666969946
7 -32.3027894252214
8 -26.858892966579614
9 -32.94427799868544
10 -52.87652896803159
11 -7.31419961204889
12 -2.688055322616654
13 -61.758963891776745
14 10.457357613693803
15 -43.51245872645094
16 3.214213666615809
17 -5.039458397747198
18 50.98313201537602
19 -85.2980773477024
20 82.68012938659568
21 -87.28372327331839
22 -12.427629013886285
23 30.130094097756295
24 -62.89937693291046
25 10.426927620022274
26 -15.568555255250438
27 12.129517186591181
28 -22.618788998849272
29 56.89697445138296
30 -32.10161015830964
31 47.69846377091501
32 -44.630591230060894
33 27.526202188183753
34 -44.64703658500402
35 4.529566185988072
36 -19.248758528005457
37 -36.815816169577424
38 12.331999445224437
39 -32.65483504381695
40 28.372701981578995
41 -3.5332007430225367
42 3.519615235392918
43 -19.79424956736493
44 58.28106032838498
45 2.3816789351782166
46 -19.60995974459373
47 102.63428041933777
48 -48.29278198699071
49 65.67172595408343
50 6.306026568196517
51 -1.7954818638274235
52 30.78903295208176
53 9.50303645716437
54 6.901406624812806
55 29.469019017289735
56 5.728438257775338
57 17.514119750923665
58 -7.946165170203577
59 21.29367160496159
60 -48.07089989381441
61 31.274259513197673
62 -39.153636773445704
63 -8.554483315405369
64 -27.421392395433365
65 -6.723481830164244
66 5.434700830428165
67 -67.87889902844094
68 58.79706368282476
69 -60.88225808463473
70 26.62157130922662
71 -71.09494532223921
72 70.24286750378876
73 -60.12969892281941
74 4.411255410411899
75 -15.787578155271843
76 -0.7082787467606336
77 -85.04502621100197
78 32.013389069894316
79 -41.325955736023005
80 9.185018699888278
81 -16.418578990620688
82 0.3060444717163604
83 34.455788683079064
84 2.983181080082756
85 33.24087226755094
86 -17.282512891321804
87 79.33458506646075
88 -7.007692520235122
89 29.108270412252583
90 -30.082201520375488
91 49.750758573036116
92 -45.060968853913465
93 17.334408570198725
94 -11.212368848029914
95 9.55900920920768
96 -30.07370797470976
97 19.123131505600735
98 -38.12792425364317
99 36.54974504517424
100 -15.110744804293084
101 -63.0941155729619
102 61.211077885360694
103 -139.02472767028263
104 61.87836119050634
105 -94.55805568770069
106 -10.450623348025735
107 9.448237124937544
108 -110.53830420866906
109 37.37525857399474
110 -70.22382699293624
111 -3.1741921720323565
112 -12.782343929050922
113 -7.114482735750112
114 1.4722568846632487
115 16.553145299040242
116 -10.017279786286787
117 87.12484665920873
118 -52.62345629108027
119 124.0100697850996
120 -53.764865777889234
121 77.99467334212733
122 -28.14076437316497
123 42.078242686812224
124 -1.1997936980265445
125 14.919558990977297
126 0.8422475395341569
127 0.0
