0 0.0
1 -4.52723790428786
2 13.467628207779127
3 -25.02692476777197
4 8.40842127669928
5 -32.25335608979752
6 2.9026398653508245
7 -26.443861686366578
8 -34.551851458308015
9 -23.28203566412312
10 -21.663821601918855
11 -50.3244868062549
12 -23.049528503833876
13 -5.82503126155075
14 -42.96781097294153
15 -6.622911283826902
16 36.40105842548124
17 -8.987804704763427
18 85.08564756011174
19 43.10158793802071
20 11.282757635058093
21 38.63255936399209
22 -16.833295458172046
23 -0.7449554466001755
24 -43.860681155158765
25 32.9492162363993
26 -45.91872703441945
27 16.39172936881665
28 32.1387603389488
29 22.269691067605724
30 19.252562788187333
31 -0.4672691494285271
32 9.24282448497503
33 19.37731179764272
34 -29.733700898065827
35 -4.311517992051279
36 -35.896975164788095
37 -31.050965231630773
38 -22.392650775744993
39 -30.866978703905737
40 -59.797966035083554
41 18.60632924596341
42 -49.21041235417419
43 -26.030855565159133
44 4.04100259550662
45 13.684839803926808
46 21.505603034823586
47 2.6674251236670354
48 38.5213557270209
49 4.1978419090612755
50 69.49800628860957
51 8.331826991101838
52 23.260360122116147
53 21.562090702845527
54 -23.853695353762305
55 27.705777699312115
56 -22.451051719500775
57 -22.69368918025699
58 -16.798716931931818
59 -32.31268642047081
60 16.366545883057057
61 -62.24069510677395
62 -45.905135085276775
63 15.328857060664149
64 -87.81302171682697
65 29.504670100164965
66 5.126491491337537
67 11.1428670784712
68 46.02198145090903
69 -35.081240451091126
70 76.0662197995967
71 -43.30203918107587
72 25.216987626186622
73 20.003693626233314
74 -15.544762102904121
75 10.530431049959713
76 12.413792558333894
77 -0.023084556151621492
78 -15.41839575370455
79 6.736717898111316
80 -16.969613163586867
81 -14.464905968602704
82 18.739584190640993
83 -11.222874738374209
84 6.234608444678172
85 36.87595843158919
86 -14.657322270944945
87 14.138450414344408
88 42.58146691232245
89 -22.728309860492296
90 14.277505015812608
91 36.56165458281337
92 -35.159454709177204
93 34.0168999012164
94 -42.82571008382283
95 17.475026594961953
96 -48.54791160408645
97 45.30247648502174
98 -56.83779131444437
99 -5.922788651689537
100 17.24533853862163
101 -40.27251542862714
102 29.32571594156807
103 -47.53818701625083
104 -2.248717642488079
105 -10.914313522612703
106 -30.04348104647285
107 -7.058130376179528
108 1.6900417569065942
109 -11.93190329451485
110 17.070813441511234
111 -66.09009513175053
112 -11.520952764184228
113 -29.1625159108873
114 -46.240127048151386
115 8.691734723280339
116 -18.847066406431477
117 16.14667160806149
118 26.78042450653581
119 68.54038137794609
120 -15.594185885408459
121 77.4843873038805
122 -13.945690562307211
123 42.318851428549856
124 -5.38312923778917
125 11.441407640704373
126 -0.7224108122057409
127 0.0
