0 0.0
1 -5.756842951540636
2 9.924861887725038
3 -19.623618420936115
4 -7.55946292839685
5 -29.483640233758877
6 -15.810962674717361
7 -24.1041769711874
8 -15.491817554989503
9 -11.99764866254773
10 38.65909408960918
11 -52.90628091182073
12 54.97407918886284
13 -58.63833025497121
14 66.64713606934079
15 -41.25077973858583
16 -2.544236277090257
17 51.70648435879547
18 -62.399272502776554
19 88.92542891504056
20 -63.02142677196217
21 46.256250667386716
22 -29.131838882883304
23 45.18337055169047
24 -66.18364050144515
25 22.04422809429254
26 -73.86203279771756
27 -0.0061199234369506165
28 -31.786689624587087
29 -58.54407623195514
30 9.163279182658504
31 -76.74972280651528
32 14.547739017014193
33 -4.864704423805895
34 -36.62826027996895
35 4.228810043776419
36 -52.00281830715427
37 -0.850603079340937
38 -48.40631943512257
39 -21.084677631538444
40 -1.6434927288473988
41 -15.726258788945202
42 1.8074604362837416
43 47.69420961773284
44 19.782736002490033
45 13.695578163621875
46 36.379552925381844
47 14.13544246169197
48 11.708552158126913
49 12.985782144924922
50 27.6754965448274
51 17.878251749304162
52 11.055774322308569
53 -6.572437673262462
54 57.30891274886649
55 -19.714326011118757
56 29.567628609484117
57 16.535906475226934
58 18.44931161289884
59 15.977755750172525
60 -25.463510562944474
61 6.053247445670641
62 1.4295270679698693
63 -2.223391320771296
64 26.280881196059095
65 1.7412346087613795
66 -15.242610653018607
67 29.76443184466379
68 9.103253253405008
69 -18.053321935134022
70 36.59313614142036
71 14.774655673228324
72 26.040188073965236
73 14.096357256992349
74 0.7538542144181134
75 8.217644337619394
76 -32.45585384189538
77 4.742510253747572
78 -12.718246970685845
79 -11.19931469985125
80 -24.670991983495075
81 -4.103856528212846
82 -40.054399294750844
83 -2.0475981836044648
84 -11.366124472066831
85 7.911696828804458
86 -3.7991514563298114
87 3.3521763012702297
88 27.120703497311084
89 -44.305025003431474
90 30.355235334925084
91 -30.405792755164935
92 45.13750895501495
93 -16.193152889522533
94 -4.964937686930376
95 27.537311662761837
96 10.049960919338181
97 -7.080681648868118
98 -2.8713620461052267
99 24.15060039705033
100 -65.85892411330707
101 30.858821352997587
102 -65.18116165816552
103 37.04282651483713
104 -13.209146651616548
105 -6.550321900138753
106 -16.237637856313846
107 20.20064116335289
108 2.212891304352023
109 -22.836336315163468
110 36.09562766086664
111 -14.874126733009644
112 7.351130657994907
113 -10.571848363219505
114 -10.083861691572086
115 72.83452548886217
116 -50.540014343536576
117 74.74503639939388
118 10.45679849590995
119 28.24232481352911
120 -1.2309353683984225
121 45.933768752235174
122 -26.645637029214548
123 22.572293926647614
124 -1.7160206769486155
125 2.930391236865157
126 0.2901095997636083
127 0.0
