0 0.0
1 -4.630689680180098
2 11.266988572780472
3 -18.651535258354315
4 -1.2672459558801634
5 -12.364017047409542
6 -23.703113628141317
7 1.7022380594666058
8 -14.684637806633999
9 -15.910360240891135
10 -33.22004273647148
11 -65.43760833610962
12 17.511325879172706
13 -68.03650109676438
14 -22.030514717688224
15 22.920519748165837
16 -100.87720194414723
17 67.81147108212411
18 -44.52899312379433
19 -3.394990049600362
20 -5.210164133647515
21 33.44185893733555
22 -9.04231112107409
23 -9.555279595192271
24 52.516900788755855
25 6.422571672449921
26 22.353697074151125
27 8.670435510619361
28 -18.458025910341348
29 13.551175711266003
30 1.2374678244444597
31 -18.247837186732895
32 13.054233681798074
33 -39.426957002815726
34 16.147822984489743
35 -44.19528039801853
36 39.29925670838994
37 -55.25719120695015
38 19.29778981367339
39 -41.73714398509433
40 -21.770918471345585
41 32.09387162390535
42 -36.378551361512564
43 43.5334977709295
44 -20.20815122404393
45 32.766562642251436
46 0.7401177030726144
47 21.020618366217978
48 -3.347575221972164
49 42.918530368517345
50 8.987598349913462
51 0.18324783413767806
52 24.252661014828874
53 -3.7791868942050053
54 0.14925558375549908
55 -7.280983467645058
56 23.364107968921275
57 -18.135439206356015
58 10.533950785726534
59 16.83178374657341
60 -28.33700683561303
61 30.51413088924622
62 -37.051769932851215
63 -11.500659684187138
64 -13.633070112123617
65 -35.95078396541955
66 35.30224578919189
67 -43.73998338898857
68 38.82374437085562
69 -29.761341215820565
70 -3.6557163043579117
71 17.738486972527053
72 -65.25920154585586
73 55.63614701116244
74 -37.1014139405892
75 9.61693892275477
76 21.628280970010167
77 -1.8261384139973889
78 -0.2704358713116165
79 -2.497708167234354
80 -28.333677106520536
81 4.306240243598552
82 1.750722241554298
83 -25.42913199127944
84 35.340335368965874
85 -7.072181171356315
86 17.57368243070786
87 23.052380084049652
88 7.054928284001412
89 18.773560398195443
90 54.623522677988674
91 4.640930056498005
92 47.193106632967094
93 0.498991157778431
94 66.93419244176397
95 -31.01301058327941
96 53.56354424720504
97 -7.618424775174429
98 2.100507718379853
99 13.577266562766292
100 -50.75009714676231
101 1.043369500698462
102 -47.62119061671444
103 -37.248078429272496
104 -83.30464148892692
105 50.26596043512455
106 -95.56788943818584
107 18.81652592607726
108 -24.716228706681424
109 -46.6735663716622
110 -20.795378353148596
111 -10.374268128858631
112 -23.905830787014455
113 20.70137069009848
114 -36.244296099062595
115 12.60552441931556
116 -2.6370691157566877
117 12.745699004669486
118 4.939641996814966
119 5.67813283156426
120 16.823974798604677
121 34.44538425329969
122 -4.271690728775737
123 23.75360199351472
124 -4.534912645817409
125 12.753774322602814
126 -0.2792086858178926
127 0.0
