0 0.0
1 -5.842863209506259
2 19.988709406930074
3 -20.070050282553872
4 14.503768745150218
5 -6.813995283402733
6 -15.152426754042551
7 2.6402135218188567
8 -49.540256937695354
9 -10.718047006548922
10 -34.593939721923135
11 -25.480928260022008
12 -84.32256155388504
13 -29.96721465741808
14 -76.096262720496
15 -40.13611809562563
16 -46.358036941805594
17 2.982310694297382
18 -91.1574810236644
19 23.61499550250491
20 -29.887523898619037
21 -35.299322870028675
22 59.01078814103471
23 -43.057415252379876
24 45.75434745629697
25 -1.8768100379315409
26 58.92379140351746
27 -11.710967407441684
28 34.62680209207088
29 5.831630781897879
30 4.273672531889092
31 17.71996455197542
32 -5.1938854917252755
33 13.269656407772622
34 -14.873728253333994
35 12.055956378587448
36 -7.202497725826734
37 9.774571779391737
38 -11.469811465875514
39 51.24594867444554
40 -40.32320338249904
41 7.912151761032606
42 -1.2522757117495018
43 -15.996547226386035
44 -20.41828139326286
45 -17.857439335133908
46 -8.580033608012556
47 -6.22588426126868
48 -40.351614352126155
49 45.18899238104665
50 -28.27329824854705
51 25.39500994480233
52 -2.411980920789385
53 9.655652744205526
54 -22.573765450041403
55 24.713316211838347
56 -8.873138052428363
57 -22.706136442599824
58 10.100876467542454
59 -41.41008076103667
60 27.09862080365387
61 -16.501560625769898
62 -28.370515282871377
63 12.13058325015374
64 -23.1662342679943
65 7.395464619109912
66 -34.22777758480665
67 4.479159819990128
68 9.039501449653047
69 -15.432590380682637
70 26.256431644057812
71 17.522906422157984
72 45.283098396887766
73 -14.338495089634714
74 58.687783337805186
75 -4.017296810337818
76 -11.820834144682605
77 -5.098389930556217
78 -53.018840893030834
79 -2.3600129994026577
80 -43.31029124511802
81 -12.085556323209062
82 -6.618943346045634
83 -1.7703055965028667
84 34.31893660311782
85 -1.887448373291464
86 37.48179821659827
87 -27.99164272031252
88 35.00029030390921
89 -11.742933058867834
90 12.671361644986252
91 -39.13744480805223
92 -7.234054207078063
93 0.04683183279410158
94 -60.89969077880529
95 6.45266918149422
96 -9.072966404817874
97 -26.339093436078308
98 50.68062481785013
99 -33.63909948589812
100 20.636815878747537
101 15.229200585305103
102 27.575088733949556
103 7.976957888022967
104 9.598497982372772
105 22.975270594429112
106 34.525505348415116
107 -34.180152715878684
108 38.65113726331906
109 -11.95658538973677
110 -4.724617480177607
111 13.518267720349423
112 -21.399122118922094
113 30.76472328952043
114 -75.17579462681132
115 71.2122408301389
116 -87.30516612363387
117 80.74796759198024
118 -120.20760977766356
119 134.93475886489088
120 -84.04389877750334
121 75.81452386077959
122 -9.022891208515976
123 24.02032989910967
124 1.015910281585814
125 6.625129937357222
126 2.2398716316551983
127 -0.0
