0 0.0
1 -4.0982414566657
2 13.323539892944009
3 -33.91028546684075
4 9.543020071990567
5 -38.20868237481442
6 -34.35469813508872
7 -39.1531166428995
8 -19.728617435333376
9 -27.838840469772794
10 -52.72750349837485
11 9.188532202343602
12 -69.92551400120114
13 14.299401206532375
14 -52.80358729403918
15 8.7633910229425
16 -62.212495756139646
17 27.161439344694724
18 -46.92966451960135
19 9.730378882283942
20 18.24922544892711
21 -28.326606142618335
22 29.57293347578578
23 27.426312804760844
24 4.334864677792025
25 -8.435389090192244
26 18.98757590327945
27 1.2034229208869978
28 8.869268326139814
29 -12.931734953763884
30 -11.473815891110817
31 4.272939071974305
32 -18.990700569662927
33 32.94412223495241
34 -9.901237537312594
35 27.46620565230562
36 -10.25669630215355
37 31.793342302361392
38 -2.961214421930888
39 41.27400908737518
40 -28.83785593963366
41 -11.566166794702264
42 4.661873708065416
43 -22.6098052530632
44 53.094761508138546
45 -47.14205893334434
46 42.576518782443316
47 -83.88048146769034
48 41.316852382879254
49 -39.6668900466486
50 13.82047594866829
51 6.639041573692085
52 -9.702409776119893
53 -6.636340917527356
54 11.649423725545658
55 28.426232534298215
56 -25.51333688948434
57 20.125293795290983
58 -3.1513820001174127
59 -15.88330816422661
60 2.575151550366367
61 -15.336743425809164
62 6.965200386056782
63 -6.600882449464572
64 -18.129684213407586
65 21.643093589340083
66 -54.33389210870479
67 28.4574828290383
68 -40.265069077877435
69 28.19868077870348
70 32.53916774235859
71 -10.980763856122604
72 25.660049051080083
73 0.6330262186674456
74 6.377933531875223
75 -25.45686976509084
76 -15.033780740782413
77 -2.582407651363124
78 -51.26932541964064
79 1.3047537251897359
80 47.89029466166989
81 -50.351635012518074
82 57.911107900324694
83 -14.28828706744319
84 -1.3943911781668727
85 3.5137058335336597
86 15.2894364921901
87 9.542134561650542
88 -33.35862034586804
89 -14.092271176383814
90 -0.5113245215479268
91 2.673943464675386
92 -73.75675790565609
93 47.37121681939691
94 -37.73458143407064
95 17.713485039542594
96 -16.797060984765064
97 45.647343445817064
98 0.3881436668947943
99 9.371692506630547
100 5.195415893103171
101 42.39798943518319
102 2.5924038696134772
103 -8.611327478506368
104 79.74238103719537
105 -40.61415484536865
106 44.18455818461268
107 -51.12242350612397
108 41.9326065462882
109 -44.18762337568344
110 38.89174413451917
111 -7.455881895409732
112 20.361896317439626
113 -0.8405502986222224
114 1.885532624624587
115 29.009441278782017
116 -42.07612154025736
117 57.384282008362725
118 -70.49624974732764
119 90.9563845085786
120 -53.432973754645175
121 62.79314995371709
122 -28.986975072562227
123 22.679069800704085
124 -3.4550120326206737
125 9.042149677377317
126 0.3087246547653288
127 0.0
