0 0.0
1 -4.7040085641946074
2 15.31123181874872
3 -16.39848814894303
4 9.634692600617349
5 -19.180630698671603
6 1.8333038069274026
7 -41.445944547277186
8 -10.113586128458012
9 -40.51942289743878
10 -3.9358742867116887
11 -38.97483810116979
12 -21.968715798045334
13 -22.30195296204693
14 -50.43591395184011
15 0.38995660607411625
16 -52.78180199349891
17 -2.311661180547201
18 9.030597720181694
19 -22.16878278271244
20 20.408972010861728
21 32.391687268244596
22 -24.06091644436286
23 9.616157443601173
24 -32.91698664950741
25 -13.379779735240373
26 12.793454617011125
27 -32.15061113645987
28 23.93315455465978
29 -10.044009199400922
30 13.047983306818095
31 30.84081229248591
32 -31.96889942712337
33 58.08123423027016
34 -45.05282240980443
35 9.751687841483461
36 -4.83780288380772
37 -41.82092211352884
38 1.0491062542728802
39 8.121907041396653
40 -41.485790509778134
41 6.00206870531755
42 -21.75953064173414
43 -16.907453748452987
44 1.0568645330652047
45 -10.219804430529729
46 -0.9564234780882265
47 26.007628945665306
48 0.14432606506856885
49 3.0107799201751058
50 -23.81787575286696
51 -14.72810502839358
52 -20.359781022222574
53 -11.547657700341176
54 -9.036706472294707
55 -26.34023710768118
56 14.736152655779684
57 -25.089707944423797
58 11.56368265302914
59 -2.4385913918963826
60 -6.652515413720594
61 6.514981119823822
62 -14.644074400013992
63 6.368304776521269
64 -15.451696586868758
65 35.98623431122357
66 -2.7089130375673167
67 61.562905839484536
68 4.762914448823718
69 -5.766760298973528
70 29.456081547516682
71 -7.421278630313124
72 16.456241475780836
73 7.162417696362638
74 2.790220788233536
75 39.371938383508564
76 -10.564847270072194
77 12.7288837115587
78 26.435452885928612
79 -13.81399047476019
80 89.89738658378295
81 -41.07670724569444
82 52.04297618513032
83 26.535775490969655
84 -7.41491803242583
85 14.69327659987795
86 -27.56603866300607
87 1.7280355455918852
88 13.446914284198337
89 -72.12616184535106
90 19.82158125232068
91 -76.80462385037086
92 15.516509813170849
93 -51.86676070213117
94 -38.491957134636024
95 -7.864248699930393
96 -56.58890747341939
97 -11.297269496168608
98 -56.12474013091351
99 -3.3862715630231945
100 -23.766165250782926
101 17.041203149955493
102 -18.58796226602129
103 41.62111051706014
104 -36.56159001236184
105 44.81761890042196
106 -20.130661643852182
107 31.155875526560667
108 -30.796189520998762
109 3.9596604617008055
110 50.91309160152469
111 -32.86447886875897
112 29.872140087420917
113 21.808914384003785
114 -81.70565910619335
115 43.45033034997314
116 -43.06488030838363
117 68.479903936446
118 -52.57983678802733
119 49.877846284283436
120 0.8652803394127336
121 31.770867259813166
122 -9.025741909842502
123 29.394165023393825
124 -2.5346971070241664
125 11.584272418260952
126 1.3073877495883337
127 0.0
