0 0.0
1 -5.4884643181342465
2 18.980849860110286
3 -24.004615301146124
4 15.572871725832394
5 -17.289336631432878
6 -23.43804629777781
7 9.52183608873464
8 -61.084158870351175
9 17.12592548333651
10 -70.58759981732237
11 47.43338393749161
12 -101.02527292627653
13 34.15060397862758
14 -70.44053268271233
15 -4.335507996862703
16 -20.343574378371354
17 -15.002938419496303
18 2.529858145864784
19 -15.660390815344936
20 17.320337055990485
21 -57.22681737503166
22 40.10883911570387
23 -59.75757452395336
24 6.565920781270648
25 -8.436197553728492
26 -16.09266649544223
27 -14.52194841007266
28 6.53062827429569
29 20.525026148814273
30 -27.376945739230695
31 54.13902265005749
32 -37.221978832543776
33 59.08054060165365
34 6.660071869426352
35 9.129714103606656
36 -3.2518849935295595
37 -12.423149208790411
38 -11.320669719142193
39 -20.61552525561181
40 10.973350573147023
41 -44.962122495856775
42 23.214153342732697
43 0.2997715977079214
44 32.81458473438691
45 -81.78655196116667
46 63.06373142780561
47 -19.190874089370915
48 -12.870474422339393
49 57.596449375891076
50 -18.381350350030367
51 1.4705840166018347
52 -19.509057948881832
53 16.526732101393435
54 14.822217060440355
55 -8.98878250858683
56 -17.753550931996273
57 31.083190742322863
58 -31.866616511736442
59 16.413145527990714
60 -23.44268883804259
61 -12.965955716610857
62 -13.387293753498593
63 6.961847699585212
64 -3.989902471781592
65 6.108463539983306
66 36.27680177011197
67 -18.579891347694662
68 40.66693716419524
69 -7.501511234517374
70 19.259957808677008
71 29.30093273272848
72 -28.14512271138121
73 95.02975104037402
74 -21.729786888558777
75 1.3926826595074453
76 47.94126577670662
77 -14.498883450592636
78 27.102690606576036
79 -23.069844477646786
80 39.63727774344929
81 -69.5005380864876
82 34.88658103698378
83 -53.27485493115058
84 21.943261343662698
85 -9.644795353468519
86 -56.476253365161355
87 27.752137082465126
88 -99.26065151141127
89 54.2746620141276
90 -65.95800256782805
91 28.64037516882362
92 -59.57176782407449
93 27.64541151968417
94 -16.372573626271546
95 -39.439414697214964
96 38.47318819892025
97 -50.78503329775735
98 -17.81042450822039
99 -2.1925434841221687
100 0.3374360004068325
101 -23.774126498243103
102 58.24437994885156
103 -79.89166202452935
104 79.28522918100398
105 -23.88369158800005
106 6.686466363252507
107 36.62108978347776
108 -8.993866749330891
109 9.703897630002258
110 -28.30803011010462
111 45.463870309414624
112 -78.81337427954959
113 55.25536703820789
114 -25.747243870113387
115 0.794747848511822
116 19.339142674233166
117 0.8664133387823542
118 -9.715918723175927
119 13.914145518497902
120 -25.48825705421109
121 31.891956105354918
122 -25.00262951732494
123 32.369909011680214
124 -11.861426059181014
125 14.237669122752276
126 0.1996049499006971
127 0.0
