0 0.0
1 -5.184394341808887
2 19.967157436081518
3 -13.63573258300481
4 14.81410281234408
5 5.812908384252094
6 -10.894713815656852
7 -6.472271649339853
8 23.655406194182795
9 -10.2318723217363
10 -30.15937153689149
11 -41.671602808377294
12 -14.123646262706215
13 -47.64537669095227
14 -17.1778589903563
15 -33.93512643881821
16 -35.34028531954303
17 8.596433357640988
18 -30.22697700143463
19 -15.04989853075317
20 -11.800027125757689
21 -73.2562719000112
22 22.339463862005076
23 -32.91271730192703
24 17.594339332177316
25 -22.921829597492653
26 -3.5559129422167595
27 9.015169771090978
28 -81.97602079362062
29 48.57685543161385
30 -90.25346080851519
31 41.469111837883204
32 -53.09035077670914
33 -2.5610054457223783
34 10.051477186662718
35 -48.3900281620219
36 55.417087735223014
37 -54.025653927093394
38 10.905556059332959
39 -13.09777320250179
40 -43.048408584100805
41 19.78875768959899
42 -35.777504645248534
43 29.552143933213387
44 -11.16175839157223
45 44.90311016935823
46 -8.441785856626367
47 44.57568748536059
48 47.32496520270061
49 2.726353393708724
50 60.58394270018692
51 -30.147184675106946
52 7.59144304599739
53 7.611863879005231
54 -15.869139245507958
55 34.85853482418695
56 -7.658298622700742
57 30.469944068813604
58 24.835147623420855
59 22.621325813236812
60 38.01616952031257
61 -16.329117891578747
62 5.713282689740848
63 -37.95686181825428
64 -5.543149251408982
65 12.984687318014842
66 -37.00590475045342
67 -30.167656392570777
68 23.456736114750246
69 -35.488125374043996
70 -30.460366079252566
71 2.2852539485738452
72 -51.205655595833484
73 -4.699419782273289
74 -34.39943878112996
75 0.2971590605840966
76 -8.370831312866175
77 2.4563449013408287
78 4.254963188779231
79 -38.84277516166972
80 12.999095208893246
81 21.121713226870437
82 -58.44584632810982
83 43.206689775256
84 -42.33387156264317
85 30.791104892983256
86 -18.67601792896531
87 53.38704459240529
88 58.29024776679099
89 -7.568380671558251
90 55.0369312063136
91 23.168845231489108
92 19.84499179071532
93 45.53624909908807
94 34.3435852138537
95 -18.69871656955912
96 33.77046815564842
97 -70.6110227816916
98 20.073328768953008
99 -72.42716797607997
100 31.674465742716045
101 -53.093180773470245
102 -12.001064080437324
103 -44.596433835598134
104 5.140520546718293
105 -31.169237320083788
106 0.8420782513809635
107 -13.789248141358092
108 -11.298325399331588
109 -26.203771703164687
110 4.9709612244913375
111 39.00705714424024
112 -17.569350820665548
113 39.31112474058462
114 -26.96550380060439
115 15.124415676571841
116 -28.537084564336453
117 46.60692731947473
118 -34.146074406337064
119 75.87457500593558
120 -52.87797042262386
121 65.38687730164459
122 -30.415545649645207
123 52.5623978348858
124 -25.27676859422932
125 14.27562186428259
126 0.0854243587018835
127 -0.0
