0 0.0
1 -4.641375483421055
2 10.80118308243129
3 -11.516864850496702
4 -0.243336558190333
5 1.3603096835676387
6 3.6642689814559963
7 -19.149725515067512
8 51.285793307427504
9 -21.195155555343188
10 36.01997559739935
11 -21.24198930381344
12 -4.794596274858639
13 -23.158357337669425
14 -75.32877290755725
15 -8.211401707476146
16 -60.26709032164413
17 -58.068636344092326
18 -13.536314119338597
19 -41.8050125846796
20 -19.821333030456014
21 -18.578991688151895
22 1.4618057123683825
23 3.8780108822935846
24 -25.048969810934736
25 42.49877152246243
26 -53.93857053147682
27 85.37626789989223
28 -71.16133276180092
29 41.22055631978544
30 0.2745129791305842
31 2.803095449425372
32 62.23212603362365
33 32.45684967589957
34 50.21247016735768
35 29.2650114294167
36 -7.027873465760946
37 36.13320280736859
38 34.622201755373304
39 -26.94041071430091
40 65.17648277668687
41 -39.948080182452145
42 15.830842388922482
43 -27.841872494026575
44 -15.807005943184395
45 -14.554941659314746
46 -61.82208635508253
47 -15.402452626029499
48 -34.67503655165022
49 -30.64535711896696
50 15.645037406330461
51 -91.60057793708445
52 -21.763703865671996
53 -30.933144583464525
54 -25.826277183975893
55 0.0996096864927297
56 -17.527664706180435
57 4.452825489107629
58 12.389595040634232
59 -7.9593375969820075
60 -22.58214746366617
61 -24.509446727468404
62 0.16855421350080368
63 3.757126492703195
64 -19.068198380993287
65 8.616623977160923
66 16.6481213113944
67 -35.100033980706556
68 -5.556952208459213
69 -25.259568912722237
70 -47.10700886285914
71 -6.343525501977865
72 -36.68736926279474
73 -32.945486578261786
74 1.7976446694857084
75 -12.21118645007699
76 46.229840150690784
77 38.25796696631223
78 34.463115449687024
79 49.98023599438983
80 38.45599818339786
81 74.29714190490259
82 26.87719495523266
83 58.73084943594006
84 23.741698090081705
85 62.104401099021636
86 19.133427961179883
87 27.63005306743145
88 0.20351085630498736
89 32.306781199781916
90 2.323259129604242
91 0.47655857157098447
92 -18.955569908770215
93 -23.156705485170818
94 -23.396607127707757
95 16.759026177169638
96 10.991770082785338
97 -42.151846228634824
98 60.267189765476395
99 -29.900680708941337
100 61.44237413106823
101 -44.125579670743825
102 21.1109487917268
103 -13.107938728073549
104 -41.70152622683679
105 16.86458249027793
106 -47.72550654428006
107 36.38053721869309
108 -22.151495002313418
109 -8.878216788153782
110 3.698609051901386
111 -74.66431672756568
112 -2.87623419308902
113 -45.5117263720296
114 1.4489204814053247
115 21.774528512654218
116 0.9589652497130731
117 6.132466668355939
118 -78.85778130844221
119 69.4108626669361
120 -69.29129542505814
121 49.97077431568875
122 -13.890139029434213
123 30.907138274868377
124 -11.829058145073592
125 10.065347629515102
126 -0.652928089545925
127 0.0
