0 0.0
1 -3.6479424177465183
2 11.056716945934635
3 -10.941641661087447
4 1.8036099711155706
5 -27.34477448835656
6 -1.5942026897440051
7 -72.70324981950026
8 -6.234175035615461
9 -86.56734748323683
10 11.55597311966216
11 -103.79904789357225
12 -32.38128333628034
13 -82.34159350470527
14 -54.525708073428774
15 11.998561616738412
16 -86.86664007125212
17 16.968739119741475
18 -59.28751389163487
19 27.864597256134058
20 -44.36347628610276
21 20.15095782352257
22 -46.36372714112271
23 35.0779032663103
24 -35.411092334196184
25 50.01075014759231
26 25.827958195177292
27 0.8926588392428404
28 49.59175878898482
29 4.652591066984052
30 53.723420268071735
31 50.245419845085536
32 12.68252304495976
33 66.71374800928359
34 43.61839741322033
35 4.677085999488492
36 86.92404398599567
37 11.311290615724689
38 19.84146012281003
39 37.513388687789096
40 -22.05842293991814
41 -22.85931237283488
42 -2.6921966014736687
43 -24.87806769716914
44 -24.3704981641214
45 -46.7765476285534
46 -12.035122905889535
47 -51.92773803871177
48 -4.768789451111987
49 -74.3310523494734
50 38.37976776991212
51 -73.47858935583946
52 -19.825783737646994
53 2.0752194468255203
54 -87.26911220910316
55 34.424768875225716
56 -37.96135555047812
57 13.70163733705863
58 -45.291329106631764
59 53.9525119545544
60 25.24291823226058
61 3.1826594452097168
62 61.35604178726393
63 10.670053108659054
64 12.629150491285012
65 62.326838281969
66 33.5546367622437
67 59.91646119848078
68 10.466864928187348
69 20.80047880155595
70 22.13400571234521
71 -0.06619179295785342
72 -20.371219863551342
73 4.8140820749990265
74 -21.578288416537326
75 -41.95309327172602
76 -6.485423914365946
77 -66.61858983680584
78 -13.924462605891717
79 -58.74772991154838
80 -42.46794552808895
81 -62.241822590808646
82 29.766946069247
83 -74.53344305821672
84 8.715072453599333
85 24.667770646997777
86 -46.040772453717715
87 79.7536855782804
88 -15.59314688450877
89 32.79841937160546
90 27.862918906502696
91 36.816231057659245
92 35.52968169723257
93 -7.544624682405259
94 21.219411965071366
95 -3.9649352175865844
96 -28.922201388001604
97 8.61233996132412
98 -124.74989780736132
99 62.49585353570029
100 -112.97743057394028
101 -3.2393629435633478
102 -54.326450139577126
103 -22.432985016796696
104 -11.236336391888141
105 -63.340051066837546
106 -2.6484873353439764
107 -56.62311188529546
108 6.070336720541335
109 -48.37805816941856
110 42.15759145165512
111 -46.08867184377386
112 22.229778664094415
113 -35.733899782680126
114 9.572190364347657
115 17.254740179021343
116 50.42444172205528
117 5.085599564200009
118 88.9404518159436
119 0.7002293853345484
120 25.40439208248862
121 43.66325276874545
122 -10.565414578984306
123 55.14488439723256
124 -10.035360428246026
125 23.007851708454115
126 -0.7858235001348443
127 0.0
