0 0.0
1 -2.932586597817705
2 12.554205956163297
3 -17.14403582273735
4 37.72195377709686
5 -66.63558332848353
6 75.20803835188468
7 -109.51492065814465
8 62.24813498436714
9 -81.0425093908908
10 -35.14970521289482
11 7.018580985205027
12 -85.10106336290639
13 48.04485335423017
14 -116.83761592745984
15 26.324536904569793
16 -57.034025182655384
17 5.114697515880152
18 -78.64745316760833
19 80.33689818862673
20 -87.62049019002167
21 29.02342295229246
22 -3.2420047555004534
23 -37.56214864698106
24 42.82544364822019
25 -10.670139759526283
26 60.67006892345453
27 -4.075003169335551
28 35.78710977364736
29 71.8390649405754
30 -26.339107441760188
31 58.54911502945435
32 -15.11213297886826
33 29.380287000857347
34 -39.10029392392516
35 -13.064624396427897
36 6.0422903285376375
37 -69.46480769153696
38 49.85691187391149
39 -68.13270143260813
40 12.606450495794176
41 4.691411494414317
42 -19.272658698577086
43 30.19597029940376
44 -46.22455866321855
45 40.66543909018678
46 -38.88886144789523
47 -7.883824881240139
48 -32.09623162006677
49 14.227540578671398
50 -17.592780873066562
51 -14.495643131585974
52 41.759474860266536
53 -23.435963415931216
54 48.92164277039882
55 -24.172542690297906
56 57.59515013169209
57 39.623117000167554
58 -28.395301036086252
59 18.99059859671492
60 -50.04649362195985
61 45.36592359273732
62 -32.897411609066
63 1.478444454406571
64 7.968867893126882
65 -67.91580114174194
66 12.485284575109617
67 -52.09268363856119
68 65.38047395309628
69 -39.490258738647235
70 50.64633563502426
71 -9.559454116641138
72 36.309238240158436
73 -7.20232781486583
74 -0.5803618209215944
75 0.23716855389261146
76 -14.223139808042989
77 -4.686562018072502
78 -17.992990621353762
79 45.531507622402586
80 -61.96847785950408
81 51.835585620291845
82 -24.295762506623724
83 28.814468396788477
84 15.192009821426575
85 -33.76915037639014
86 62.50156445082443
87 -49.23682344324958
88 29.010787748072765
89 -5.371054490400819
90 -65.08183126431452
91 57.48174641749776
92 -82.5752927057027
93 19.350679561018897
94 14.47332958501371
95 -2.104996920356451
96 11.30402128263661
97 -25.47357084843242
98 11.190242456228544
99 -31.20865044422118
100 -4.524059711837323
101 -1.6062166865253453
102 -27.813096825825493
103 -17.06941046312836
104 -15.657377446622393
105 -57.004257430105945
106 84.80032191941896
107 -111.83953892525878
108 75.5677353031135
109 -81.96723522734523
110 12.35369732945256
111 -5.652345459114161
112 -64.09857478818083
113 23.94916281680985
114 -65.3664312472994
115 60.72149461029501
116 -93.55863279157445
117 87.64013097743431
118 -111.55184442255022
119 92.23362386100395
120 -63.42917755048722
121 51.2460078835554
122 -16.029715048809425
123 33.36356573403409
124 -2.9922163281079577
125 11.346553476146534
126 1.153177836219673
127 0.0
