0 0.0
1 -4.673269237668438
2 15.522724112812103
3 -20.793992386792457
4 -1.044158276532194
5 -15.754121486485458
6 -32.70072401813668
7 -31.80808273180456
8 -30.247228188076306
9 -18.989014586569454
10 -87.55012473840783
11 -12.526009460759578
12 -91.66183521411584
13 -2.5120489103501638
14 -104.88376907009024
15 -22.000612723887304
16 -56.507336616532164
17 21.336231523973645
18 -66.50018683830095
19 6.629478868256424
20 -54.01290921680391
21 -12.677280702012204
22 35.89603914029997
23 -26.868402151774898
24 34.633327374563464
25 -32.372407015606164
26 108.28414688043281
27 -94.96076578565102
28 110.47637350654963
29 -46.46960966753126
30 22.99461666115656
31 12.167014730917478
32 -35.879610851964635
33 52.13183265895607
34 -18.779331355919126
35 27.930635297245168
36 4.067008899453883
37 27.92862506901375
38 -1.0790405750412668
39 -5.730678952387925
40 -2.41619488586276
41 35.897331174644165
42 -31.599862102447503
43 17.479618655617898
44 -16.755681732951363
45 -4.259618595788253
46 -23.08729655875244
47 -40.36356620793938
48 -15.653590529380663
49 -1.1671638605336911
50 -34.12482079609903
51 8.821634507807946
52 -23.49931947011502
53 -11.639153250104266
54 -24.595312527155148
55 4.609851571325284
56 -10.754047848005683
57 7.873364632102912
58 -4.77132021526228
59 31.166575496853117
60 -17.400441138680723
61 36.416549940677235
62 -35.803978028066346
63 -9.129842279940332
64 26.029226204199833
65 -68.04676151245145
66 70.24094635381506
67 -15.727904509224159
68 46.43326579739049
69 -1.0807507786246784
70 -2.1967189202289417
71 60.708309329142004
72 -57.14445317541331
73 42.76267831801261
74 2.0693041726823633
75 60.059754860632246
76 17.748843484439913
77 -29.337506356651865
78 38.46800712231973
79 -41.45478582404163
80 25.927506949033155
81 -28.499618285838192
82 64.58657055783183
83 -43.42523655678802
84 18.791269635308204
85 18.56184594358337
86 -19.822128846562656
87 15.95196936611539
88 -29.632870023529197
89 6.337865473356049
90 4.214915537025336
91 -21.861184862697918
92 24.616599899270586
93 -25.224086252428652
94 -21.114392170203015
95 44.42981520707868
96 -59.855578654165186
97 12.4970127011149
98 -12.623675131351705
99 32.146934907591394
100 25.78323090246468
101 29.882089626291855
102 17.458652953896852
103 -15.014144856082389
104 38.34987748367628
105 -43.257266455325876
106 78.07307735050532
107 -48.85437199793208
108 43.242607043695685
109 -12.944780308732229
110 -45.17754110001293
111 12.381513645457312
112 -52.46638368936145
113 16.384399688714936
114 -33.08144575507978
115 -15.626736425738692
116 -4.768638965079647
117 -15.418878441135657
118 -21.966273385169877
119 32.570496005097276
120 -36.77133487232128
121 56.325747188368844
122 -17.28736539597758
123 59.84846195410384
124 -9.343627773432047
125 15.86658827166107
126 0.7957515673766813
127 0.0
