0 0.0
1 -2.591184457960613
2 13.813116595045477
3 -2.9486726654177216
4 11.364769984578677
5 -8.03909337227675
6 -6.802348321314068
7 -23.54367463160273
8 -41.71494997510991
9 -50.45819794845453
10 -46.96442136473448
11 -32.943297186344736
12 -66.47980890472165
13 -29.084979069817077
14 -73.66120123612535
15 -44.074656492193135
16 -21.440539265696398
17 -45.81857693133437
18 -23.487325934091942
19 -10.285538387433855
20 -20.383384749081277
21 -58.45883578347167
22 22.81058721836609
23 -4.542651354738057
24 -52.83122988961463
25 29.475856644493074
26 -11.579582821798686
27 37.14664386911512
28 -2.2540872456575163
29 38.134484992763774
30 28.41346644643887
31 19.671447087292076
32 12.513771300714298
33 8.094990550176052
34 22.24607578774009
35 5.799110809859237
36 27.71027955350936
37 -49.022603600439666
38 17.391194828520923
39 13.56977897519998
40 -24.195321200688877
41 6.536522332983554
42 -27.905939275081916
43 -29.358043941884247
44 -1.188674917860867
45 -12.417562667605479
46 -10.535246218817985
47 28.52951639517373
48 -23.305896156295056
49 5.481346747814597
50 -29.153391410893004
51 -31.871773212624472
52 -1.8333535648088553
53 30.110664162623703
54 8.86581867788459
55 5.322021871383929
56 28.830325569585874
57 -2.260412038637315
58 37.73320378035081
59 19.18981140684281
60 -6.4117025147074775
61 22.44710262158999
62 -10.36717949100123
63 -4.2426155834412675
64 15.891767949362984
65 20.476482997742742
66 5.520520705458175
67 -32.38503074695268
68 35.88858594214831
69 7.676361983441589
70 8.415774532026964
71 -15.706454656823395
72 21.790033845122146
73 -49.06907091811399
74 17.98753004347438
75 -49.283750702730366
76 17.257744901314904
77 32.129457869592265
78 -22.463043452900976
79 50.88102792952936
80 -32.478360985228555
81 40.11120347980014
82 -40.672588758751075
83 31.1524630423031
84 -60.81838807827065
85 39.21295854922737
86 -15.302710056052755
87 -12.87547619104316
88 47.11066042824145
89 -27.233441687520827
90 13.544590618187012
91 9.982545483348261
92 -34.7271934832523
93 9.795545254246278
94 -35.24164205798171
95 13.167642585341536
96 -32.33857331852796
97 -3.6395553472518505
98 30.973673069122725
99 -23.680394688067196
100 23.43969512672792
101 -3.9163483388447125
102 17.064472882081308
103 -37.53607663191358
104 41.890792573394556
105 -54.57504796958985
106 36.827761707396036
107 -67.99802481129049
108 -16.150192833812472
109 -48.41546832124902
110 -32.301635557749826
111 -26.7820027497425
112 -62.85838875616859
113 -13.643128085492192
114 -41.195717007210796
115 48.945518072252916
116 -56.234316899183845
117 70.98194100030501
118 -34.321978717775295
119 26.09251600948026
120 13.754390042576514
121 12.362855976100736
122 25.931402978313166
123 26.84963742665138
124 -2.7764930126111054
125 14.364434254326447
126 0.13667302454798586
127 0.0
