0 0.0
1 -3.8701922940902524
2 13.472387389189963
3 -24.59586863722342
4 21.898615563280764
5 -30.956679102485612
6 -4.5306820839063535
7 36.031464086689
8 -30.282627958655315
9 25.805170109409012
10 -4.770223082222321
11 61.691186783561896
12 8.32306970998874
13 42.011210007345554
14 -18.184042944568475
15 7.392100576256368
16 3.0283730707506984
17 -61.24875338950333
18 -7.872412249524901
19 -52.24828635963605
20 -32.66352060674225
21 -35.91571174609745
22 -46.930815928782714
23 -40.496525850900085
24 -50.947626192753745
25 -28.743109314566865
26 -56.81977849700487
27 -2.6922270195707947
28 -50.142023574508904
29 44.28303324536246
30 -38.3802637878141
31 16.485869495920404
32 -27.302351124762605
33 10.04489989625527
34 -41.02705558314193
35 -47.11029657430968
36 44.11091212753325
37 11.198366103922922
38 11.88613757143851
39 43.52310700075753
40 55.308931588161606
41 -12.386609158633823
42 34.547543140886106
43 -11.844872481793697
44 20.41876741962344
45 -2.1477785095485324
46 0.7322636920309846
47 -6.376677980967163
48 36.50820060525236
49 -26.46435470154845
50 33.463459787964176
51 4.835112988629604
52 -13.77853188066345
53 32.49896450259506
54 -5.1625583808651205
55 23.685407422967288
56 -3.7996956940156084
57 -16.677732418318925
58 41.14232435494458
59 -30.556910413950135
60 33.587311870702486
61 15.540291056766758
62 -8.45449403075878
63 55.724177096068004
64 11.660895807351467
65 38.197623928906985
66 -24.776438450114057
67 36.26563121022012
68 -22.779343361712236
69 10.800126965523031
70 -24.87547254438463
71 -13.738866043650544
72 -73.25668838869004
73 10.51752313285323
74 -13.661455818096588
75 -52.85834637714983
76 32.10060650418611
77 -38.892705182636305
78 -0.6537815260840565
79 -37.873873608073346
80 -2.8215983132838685
81 -16.065033221245006
82 5.816345554163074
83 -1.1489838058432746
84 59.642799288162
85 -77.06271749227858
86 41.14317799664394
87 12.684423510296313
88 -73.79534016128316
89 51.88785905617713
90 -84.56894637074484
91 -14.66074326557955
92 -1.3663332124185867
93 -12.339523020513981
94 -7.007125449884055
95 -0.33925259681933984
96 41.1847943725809
97 -63.820766584172965
98 34.836354735665374
99 -1.8112498401814991
100 57.0215536124352
101 -18.38441505505086
102 11.092899896685347
103 73.0830435123207
104 -96.44664228970377
105 129.49613824832616
106 -109.03004926289645
107 47.54113033647055
108 -21.475791650644233
109 -16.754384784024147
110 47.58647486971505
111 -50.78705132877345
112 38.37416620506735
113 -36.917631482385865
114 36.19057283153188
115 -66.94260816600857
116 -3.0117955803875773
117 -0.46754780052810346
118 -32.021918369558456
119 29.921118715057528
120 -33.26244384098634
121 24.21648475268886
122 -21.331464060428235
123 26.945269854048036
124 -5.894271010144977
125 12.75265890373747
126 -0.43273748364622977
127 0.0
