0 0.0
1 -5.013315484963638
2 18.71527408675972
3 -21.603907132080785
4 21.162518837128644
5 -26.767861850674176
6 37.13757866173402
7 -12.054033559724802
8 23.283420377084923
9 24.682172947841828
10 -13.697098808903139
11 12.102913844000557
12 -7.681385955635722
13 -29.42382950895811
14 -29.435434114331553
15 -3.044760978530162
16 -52.077272694768915
17 11.236862727680451
18 -62.046245635636765
19 6.781820585519713
20 -70.3762265116691
21 7.632175481998308
22 -93.11404369697979
23 10.728155746259873
24 -44.13795496299824
25 -37.09278577453221
26 20.119916977202543
27 -51.54331980041045
28 -20.898727199759577
29 -20.331543426365204
30 8.856005929884997
31 -41.563609377908364
32 28.06939614844105
33 15.723244739750522
34 13.913868025137592
35 -10.098026288849208
36 57.3308377399822
37 4.208706166364574
38 -1.0058657368900843
39 -4.307231073864681
40 -44.817594160421734
41 47.50922048489768
42 -18.78517743380561
43 0.2681921554538419
44 16.593513894490233
45 4.674945580510569
46 -32.7812559259665
47 20.269895183464676
48 -26.994993952777154
49 -13.707584870052884
50 -12.12449068786628
51 4.730339904242067
52 -5.410900630312212
53 43.430016948978526
54 -28.39584359458243
55 -3.071600313036495
56 14.671107420537732
57 -55.981722089059026
58 43.81202478208302
59 -5.123570758584686
60 43.185375663963
61 -17.97426449284829
62 46.25961918820796
63 21.996672671312407
64 8.801606423287367
65 10.542373647686947
66 11.133182783954624
67 -15.050306266301918
68 12.956800207872641
69 10.146546751266921
70 -25.349938324721652
71 17.01950558851311
72 0.9100496895721137
73 -34.97380775618679
74 36.92027776673631
75 21.074965819282898
76 -15.284776755227448
77 60.38969401943271
78 -10.01171078888828
79 -3.9611407814572583
80 -4.601701710517881
81 -19.140581696160783
82 8.191146785678228
83 36.33693161026688
84 -38.23294113016644
85 50.4877636973469
86 -33.33818048860729
87 -22.37505277460396
88 51.23165949107669
89 -49.859783919322595
90 38.494893275272624
91 -58.038996091892606
92 19.981260444398128
93 -37.502890232378306
94 23.14300457088603
95 -10.32047054319622
96 18.8013312905253
97 -46.06986019600166
98 20.302149979361673
99 -8.796126214337578
100 -25.897593186198552
101 42.63740509090332
102 -63.21850591998791
103 77.44824744454816
104 -4.168380102080626
105 2.2286131636388506
106 -8.7112589998339
107 -17.8060540160015
108 -12.329462409678456
109 3.3253152172714393
110 -63.552779191146755
111 7.66749766704211
112 -36.2184874766157
113 -15.467710646354966
114 9.787047170997953
115 -0.9898244987284972
116 14.092921397908025
117 54.90284687457965
118 -53.624545852648765
119 84.47832181776171
120 -81.84601981475474
121 70.48835218534401
122 -39.49450630229276
123 19.561769778255623
124 -2.5293636024359194
125 6.374065246497354
126 0.11756319236913947
127 0.0
