0 0.0
1 -3.3948131239072534
2 6.611528143787465
3 -18.89843822782224
4 8.538983602214435
5 -21.23048530064778
6 -15.10725097418199
7 -18.792430231503328
8 -42.48405485364637
9 -18.90420416396518
10 -5.253343225128138
11 -19.47514057979079
12 4.848473567384042
13 -18.806141657176443
14 30.275184809444564
15 -3.2025438941734037
16 14.443891582521806
17 28.07593721369895
18 18.67148901984421
19 15.118364666094847
20 42.137159074534246
21 70.15424154642676
22 -22.340790245223108
23 50.26310597445762
24 -22.917585354700627
25 2.910966976098665
26 -48.48602678742954
27 -17.834604799013096
28 -30.748358243257407
29 -1.6818800612139257
30 -48.31020364173502
31 -17.33337400637346
32 -38.97206878244055
33 -25.537110170507233
34 -12.60330156494693
35 -21.8336568804369
36 -35.84867838520678
37 -7.346940506983828
38 42.15974367735544
39 2.4687464553204723
40 25.40982032173034
41 5.250056371616678
42 15.647763349999293
43 18.785844335744073
44 -3.093128341601108
45 38.77143320381559
46 7.977607320401602
47 1.8981489494830583
48 2.416369554079089
49 -8.376782581072083
50 -9.743361218928262
51 -28.615077319741882
52 -3.9466809520057686
53 -65.40430224029757
54 9.305667747230212
55 -34.63204554099329
56 26.508739849314416
57 -74.6866882745854
58 -30.88904277132493
59 -2.7524749409779456
60 -39.85495753407674
61 -6.465958224645267
62 -12.509712635093972
63 40.24233101409253
64 -26.59382277125279
65 51.01143328269781
66 -55.99024692119568
67 25.225135919003673
68 -7.837746991678469
69 15.910156959080224
70 26.07474234406226
71 53.61526209296792
72 5.3505493166557025
73 -6.251878370137637
74 79.81031820693707
75 -3.477048003759217
76 26.260651400549783
77 57.73225970875562
78 -44.54170856597928
79 25.394051679834746
80 -8.642640537195042
81 -29.950851252990496
82 18.153950168681316
83 -56.92852712132915
84 0.513121013245036
85 -41.37987014775246
86 -2.318394466864937
87 -57.4518235359382
88 46.0721292579128
89 -34.50568095056366
90 15.855155904272987
91 1.8843151045217341
92 29.410218673555605
93 24.20891752144864
94 26.003914645206358
95 -22.75139724266412
96 15.697041403557897
97 -46.109753495155665
98 -8.620242839892757
99 -14.477242683109157
100 -101.08323575760541
101 68.9805423735488
102 -97.79921974001556
103 44.72409425091905
104 -37.570093765217784
105 3.562202858708391
106 -1.7262081430065643
107 29.072619532549
108 -20.05260670740337
109 14.588583844555899
110 3.1557452898111547
111 -25.03667350330457
112 22.436663581768464
113 19.82176772586957
114 -8.651219167620056
115 2.7736603855086956
116 20.684490468739607
117 -44.48026765858352
118 83.23056319956264
119 -17.21756604193336
120 5.902163230658416
121 13.161506407904803
122 -18.07574657682101
123 36.40995333679553
124 -10.692050174811568
125 13.51119174718389
126 -0.510694902315103
127 0.0
