0 0.0
1 -3.4659869884438783
2 7.056646300058278
3 -14.909605723244535
4 8.238014845116945
5 -46.179131373971416
6 -3.755176194230114
7 -50.05974835917222
8 19.806786226082366
9 -75.43289308906947
10 -17.364318511556164
11 6.4618930582820076
12 -68.16028609878431
13 -7.372365325304895
14 -62.424371635004135
15 41.158211263681366
16 -64.8538729378127
17 36.31066985997657
18 -48.48709702635142
19 4.4988195065172905
20 -3.7690756125123026
21 15.784164232366194
22 51.96950607637685
23 -42.48400489286222
24 55.80613632798382
25 -40.99907098010785
26 46.88504797044933
27 -13.514720492164416
28 5.538413979761135
29 19.20009544119416
30 -10.915050291740096
31 3.9515842637646923
32 15.456245304004119
33 24.18619008696973
34 -31.297560784836588
35 33.94462522465988
36 -69.83756522947007
37 38.907800359701774
38 -39.353082727615025
39 -52.77582949826941
40 40.96465630313275
41 -61.991776390945574
42 64.84789136290999
43 -25.586405884792235
44 7.026254416402217
45 34.79808103100191
46 -6.881554648621543
47 9.055507141237758
48 -39.16626885300449
49 49.52369947410017
50 -6.743345447183912
51 40.48180331486585
52 -20.653610512348283
53 56.00754052998785
54 -34.88974254149635
55 -1.6271343813638874
56 50.07895737429302
57 -56.446912468390025
58 52.63981504976867
59 -69.22164534382304
60 65.35238826161836
61 -26.138770548193698
62 8.721533211616878
63 28.354780299961664
64 -47.780171603756735
65 39.659259331123394
66 -58.741146014547645
67 9.848311773069032
68 -12.102949152930279
69 -14.745180783389381
70 11.237181534634757
71 -26.184573938567652
72 52.24977360147339
73 -9.691829097308641
74 20.617180188588385
75 8.904175880907113
76 8.50458446658273
77 -4.1320951901298555
78 3.7321677242153646
79 13.499606352527094
80 -14.77589381881393
81 16.370984561667957
82 -56.4900100377373
83 44.472447422939084
84 -56.828717230441256
85 -16.748162163004103
86 -38.16243039601585
87 -32.71389457251531
88 27.158807858345305
89 -45.362770759760636
90 17.143324251764458
91 18.267251006714122
92 -15.20728765596287
93 25.324832565422643
94 -9.318731806940686
95 -2.625031154042102
96 -46.81216759634919
97 -4.133748842402761
98 -32.97053880787753
99 -17.62425066186349
100 -5.934082169339868
101 -69.07373360001148
102 34.318380684495814
103 -59.55753356261062
104 16.326575601380256
105 1.6569648037732945
106 -35.58713701396823
107 29.380885649838973
108 -29.468463721401495
109 -13.222659163915566
110 78.94525349423476
111 -20.03073382553141
112 30.750534168316474
113 42.69054445347
114 -9.806725619959936
115 75.34647243966215
116 8.694769843363096
117 71.51521397538788
118 -24.718271352650795
119 70.79246543851387
120 -24.519475564199748
121 36.737090622804246
122 -1.0367571949098129
123 11.913363059767677
124 1.3451104681157844
125 9.003925412619331
126 -0.1215682182045788
127 0.0
