0 0.0
1 -5.312488169722983
2 13.754866192713568
3 -26.685783622231813
4 6.9120737884676595
5 -22.523384337944822
6 -40.79297746755106
7 -2.6764298730318186
8 -72.83125648899022
9 4.427008076913243
10 -39.35999393070281
11 -18.09709592681741
12 -29.861755584083223
13 -5.823455041342909
14 -22.719316777054253
15 -27.02110775513751
16 -26.250689111474554
17 -3.7995168436696125
18 -58.106224961812
19 -18.40334984303567
20 -55.66723977336613
21 -6.755504003150793
22 -7.781142097351652
23 -45.9799206704807
24 39.7047248666901
25 -49.17407839587435
26 59.10968005776064
27 -7.839686807743427
28 61.222760742150044
29 -1.4182224619945814
30 -3.874452071571799
31 13.415180322411247
32 11.533740991163123
33 0.5250001413212414
34 -11.88028301744339
35 -3.5023021032901664
36 -17.243333870630025
37 0.5881734423859832
38 13.675794151542485
39 4.543520198388058
40 -19.40803562228816
41 47.81392299940005
42 -26.636800198919524
43 16.457603290469425
44 8.072629089534322
45 54.40522078371188
46 21.571701345728805
47 -30.354153903300624
48 56.16834028993588
49 -56.64646300843933
50 25.37846927638625
51 -23.031017017966494
52 -7.179739149936367
53 1.296990106944471
54 2.3794317422677653
55 -36.60914041623542
56 -25.47575117925753
57 -11.040450108974834
58 -86.5489832449041
59 49.486465823829754
60 -74.05297910203981
61 46.49996022056072
62 -14.95852811981078
63 -14.020942038166686
64 -43.11500284808956
65 -25.006032907109493
66 -12.64759428408083
67 -17.036284532123535
68 -2.905109504925586
69 23.311156144041217
70 1.4287501620265457
71 19.593431138976996
72 9.839069084732124
73 10.984904810280188
74 -27.062990422849364
75 57.579762794937025
76 -33.271981364762695
77 33.65624343608083
78 8.81002877289468
79 2.7442217203099912
80 15.133810502554768
81 -5.668204212697298
82 24.324017428949176
83 -95.48601144972662
84 100.44325103166724
85 -82.42468541908694
86 78.36076879572899
87 -8.631057699363543
88 26.528033729700997
89 17.42549834947645
90 1.593494839956406
91 31.31795816068002
92 -21.359310201699884
93 8.220138765731468
94 -49.15146972522303
95 15.123520937302091
96 -19.95066489901047
97 7.239694260958867
98 -21.878058846752374
99 6.849687375374842
100 -0.6559255706732504
101 -9.563978639261041
102 37.29293115568863
103 -0.9758336368932214
104 26.144492967069468
105 5.964155413338756
106 3.0946717618354374
107 8.555213085911967
108 34.151674451292244
109 9.039697314348278
110 4.381369341109689
111 38.46979121864897
112 -8.996677500718492
113 51.702763223125054
114 -25.48262291769839
115 22.0338365064886
116 5.399253955077754
117 -18.756256990165813
118 -57.7300168391295
119 54.30075786544721
120 -56.06480225482583
121 40.29532977814111
122 -32.73297889157772
123 39.4403283472347
124 -8.020007193422842
125 12.458078354474827
126 1.0093927818469244
127 0.0
