0 0.0
1 -4.958374904449533
2 16.067974089862425
3 -38.79996786669626
4 25.459918362585068
5 -25.396953832369782
6 -9.903910140211199
7 -2.3019559489879766
8 -42.975353255221926
9 -5.163038265467736
10 -63.99197226103747
11 -0.5244187797237816
12 -16.85102665982723
13 -44.247012756678515
14 1.033379076542424
15 6.4967413185285965
16 -64.02428404871009
17 92.29687389009399
18 -52.92383602845771
19 41.425336948355486
20 -28.265023111240517
21 -7.698424663918576
22 -36.36006152555567
23 -20.818254822950315
24 -25.652783353431012
25 -36.68616630919117
26 19.625776294068416
27 -71.84029273123582
28 66.76803663338146
29 -78.40347457690378
30 36.030196722396305
31 -45.13917738992166
32 21.79789194810767
33 35.727577093872235
34 25.90026672650234
35 24.446347573780262
36 21.05748690396048
37 10.868378509750311
38 -3.633017465935615
39 27.834031477685876
40 -16.377668612759795
41 24.877108943727936
42 -49.41298369071297
43 20.727919641532537
44 -56.04190799047339
45 36.90051003704462
46 -59.79436909815165
47 9.682260590228546
48 -37.73916115441038
49 36.33031029707602
50 -2.1424082489467375
51 0.5292645596852057
52 28.475442822659858
53 -19.820920784358375
54 7.6836098283326
55 -15.875794933537875
56 18.440821302277236
57 -9.822396657536725
58 -8.901395524343293
59 13.398963287167003
60 19.46052382501903
61 -4.244760964863853
62 15.715201854209681
63 -39.30186271433325
64 39.255263505155106
65 -28.728691876165097
66 45.46162826270702
67 11.085650915420631
68 33.192851952491
69 -17.727271878411514
70 75.95768519729577
71 -17.408837556563803
72 4.550917564252456
73 8.94695285161329
74 -15.983133667508032
75 -10.339454441934206
76 -30.57922334183608
77 35.242727155676405
78 -51.20817014151362
79 60.66126869732874
80 -5.886960722600375
81 6.477477228935009
82 -9.674102581596882
83 17.476582142961135
84 -19.729610577678702
85 -10.840247602841131
86 -5.0452472484909485
87 -46.72117955171554
88 5.084664827341504
89 -9.908218136289436
90 1.7882023099052393
91 20.634163881874247
92 1.4723428079422838
93 -13.247238556868355
94 6.432422807176193
95 -23.06187106181987
96 -34.1410350978851
97 22.696161229008748
98 -30.064673545400552
99 2.734343392283593
100 -21.231456171174486
101 5.106908520450336
102 -32.360954553641754
103 -13.632976469805241
104 5.930869403817377
105 -30.49912283546487
106 17.377706299147214
107 -22.02065581049299
108 47.16670394012069
109 -4.040510538935918
110 25.870693979860146
111 6.896826104625575
112 20.415767602718955
113 -19.889809079680735
114 7.14807060466648
115 4.234961813954556
116 -28.915930080749423
117 80.2925723289013
118 -78.73857254314497
119 44.74259612599936
120 -10.970016054456735
121 45.64178075929985
122 -17.474331809170703
123 36.85989421874221
124 -11.576526187413386
125 12.964748260508587
126 -0.24681874656284783
127 0.0
