0 0.0
1 -5.182233881515352
2 13.032771482777404
3 -21.947341201147026
4 16.98457718695677
5 -45.43080821980349
6 10.179371403799337
7 -54.27998980869229
8 12.950464381708933
9 -30.021384098369833
10 -39.09554680882657
11 39.6481692613295
12 -77.00866784556888
13 16.680003610079993
14 -24.07213014618894
15 -31.772479235679654
16 -4.722434924018665
17 -6.5264027132325415
18 -23.807811293336
19 6.482922595745421
20 -11.732497353788878
21 46.35401775874088
22 1.7539832297619975
23 17.577335307175463
24 22.561059563842832
25 -7.177619194393991
26 7.355504534346374
27 39.579424444286666
28 -14.883635232355882
29 43.01379103662334
30 -10.33729309670349
31 -13.320597154368714
32 -11.048858980968488
33 -30.840963586908675
34 -30.587437570421546
35 -68.47085082912886
36 23.612432548450933
37 -90.07388279261653
38 2.8810833167504772
39 -19.846758051622416
40 -42.33377000137495
41 2.123079669940446
42 -16.561077678359336
43 31.581319586817465
44 -8.995769887332925
45 52.30527473138027
46 -0.9392442933215557
47 10.614592282012511
48 43.08668698896084
49 -0.439163575851095
50 33.652191646471785
51 11.143507216322453
52 -0.6262437676215533
53 45.54955466118386
54 -33.527385424270506
55 25.17636494170804
56 -25.948703787357335
57 -9.538443803869589
58 20.719392466568515
59 -42.82181100741361
60 1.524078112787671
61 -5.551704546764271
62 -10.12291327482348
63 -26.992594377457134
64 27.803381107305693
65 -1.8429533810226661
66 -13.336996875625536
67 30.58300659990607
68 -9.03680159857149
69 16.70505663490689
70 -0.5946921058909455
71 -46.011894942826935
72 43.29461181734109
73 -41.851406387407835
74 -2.6645055710736743
75 -11.338671625592365
76 -21.384050091159054
77 -14.345884785324158
78 -2.403473200217327
79 -10.678965000271413
80 -69.19816624441091
81 48.5219621669046
82 -45.999484996248356
83 -26.54911005327411
84 16.605122654118627
85 -16.493209750394996
86 -27.045649358659162
87 16.269382014752466
88 6.5310663628594465
89 -26.1060325258247
90 26.690926209949993
91 23.62403907979006
92 24.066886611234576
93 70.65666831958245
94 8.000031974247108
95 45.131794809169875
96 34.20650344361571
97 -6.1163802681776875
98 32.35966053393014
99 -20.342704374369546
100 13.747310648379553
101 -12.325805134798438
102 29.425952812355668
103 -47.90405602929185
104 -26.266656285334903
105 38.60360721467584
106 -30.371846211217814
107 24.836578081109888
108 -26.15012896504892
109 3.6137235273207966
110 -3.5527150099360183
111 -57.78249663759758
112 9.37794582652521
113 -35.07577447824507
114 -22.455636339272672
115 18.13378206924656
116 -11.762912804072188
117 24.7349888292772
118 -22.09234490515714
119 35.41203894974239
120 2.201264222930753
121 49.60354642503742
122 -23.635234006869794
123 35.49381906355547
124 -13.868603168528944
125 16.783830775277785
126 -0.8289288012973486
127 0.0
