0 0.0
1 -4.675847105217401
2 11.216633878696618
3 -23.234349665082757
4 3.7488022247088684
5 -32.260562879839135
6 -24.54599538181299
7 -26.90446353667636
8 -40.311856055163425
9 -65.63782985486644
10 -25.77420925326272
11 -57.75309300244975
12 -20.405992589952373
13 -13.680988073056511
14 -15.741994238192698
15 3.5295465174914153
16 -20.3046100084484
17 -47.361241032490234
18 3.3991734919692687
19 6.45599936591063
20 -19.496915319218303
21 22.360514701793377
22 -54.20442169860035
23 33.93155703792367
24 -35.8988922781991
25 27.149906701240212
26 4.1666139006252605
27 -14.342649478528621
28 36.035737300120374
29 -34.41806691094807
30 -18.315318722689867
31 41.46985530108112
32 -41.988101745678634
33 33.3206049931044
34 -13.83329176812096
35 -6.503866956575744
36 7.579810290553091
37 -25.03465747249537
38 35.8728853868509
39 -0.22194528420470494
40 -34.27254574871952
41 67.11541768597864
42 -39.885210356715454
43 9.440418292373622
44 -14.557790087262026
45 10.436311149719263
46 7.54481605658857
47 40.67163643265992
48 1.749243571015772
49 38.52590326660348
50 4.461317078359692
51 23.99602929337006
52 6.459806626194415
53 0.86559744043179
54 11.173208967687552
55 6.007703673796447
56 25.73380655660831
57 7.982366844744896
58 12.641499211866511
59 -16.45822799034746
60 41.32349779198471
61 -6.127317495348886
62 21.32047427403471
63 -32.86861335533089
64 36.25057768280832
65 -33.826707333475895
66 34.93380682049882
67 -23.726802850565196
68 3.7879278330712154
69 -38.36251698810807
70 7.11068525902442
71 -57.23698705822892
72 28.237401692903553
73 -40.269703813683265
74 -35.62602012538267
75 16.079195562318255
76 -60.11398422598259
77 68.96723877906142
78 -4.916882341341218
79 18.24884436942345
80 -14.036781957645848
81 8.516923030205017
82 -16.662208310994444
83 -17.53057554848469
84 12.025688587684748
85 -61.16896318063146
86 -23.271107862958043
87 7.789721333536105
88 -48.12534969328273
89 58.659803759798
90 -35.65533256524937
91 20.654780792657494
92 -25.142085475528457
93 8.532366201979325
94 24.22458072085948
95 -23.71575275306202
96 65.32278490017826
97 -75.37102168162501
98 72.47393678149669
99 -7.731609192877324
100 -11.492141289646758
101 32.96668080230725
102 11.54417379114163
103 41.937712106328
104 6.320145095598748
105 72.46425087005174
106 15.375628850248658
107 36.928112943433526
108 21.721462110748188
109 67.91317507164716
110 -24.4195462928453
111 25.78479838245375
112 -12.465030523214534
113 18.85168427573385
114 -41.70854483699986
115 3.0664165970330863
116 -37.90417909716567
117 3.9635267882050136
118 -75.8570436349396
119 29.21134874857387
120 -34.01181024032601
121 19.986532586630098
122 -9.992112046913775
123 19.77387898411146
124 1.812991252431084
125 6.068141240140397
126 0.7898261937644011
127 0.0
