0 0.0
1 -4.895798274508198
2 12.077795739846449
3 -20.940120726554827
4 12.103029377165058
5 -34.76017085946951
6 11.607569815069237
7 -56.29700781668757
8 -4.214907085060289
9 5.3080392604244855
10 -82.25612682255425
11 45.049358706481286
12 -33.73294429798278
13 -3.4210454977152454
14 18.223670481094878
15 40.23536005611579
16 -60.56456576503731
17 87.0563150676922
18 -103.0610631494567
19 88.96944016478922
20 -27.88478499571667
21 -52.56593795546641
22 35.292993816868695
23 -81.56627847023731
24 22.083952131390195
25 -45.3703866827849
26 3.2431943232192437
27 2.56337807680293
28 -38.684252195200614
29 38.573425713217205
30 -51.111646299058854
31 22.055471898738077
32 -6.143675615331666
33 -14.312044460490844
34 29.989533580926256
35 -32.26847845802256
36 51.883465522738106
37 8.836864361313049
38 59.30791402231894
39 28.73435844648042
40 31.536883765681463
41 20.280735894781213
42 46.49859227946418
43 9.908510333483617
44 7.436689456190924
45 36.88563509919775
46 -51.23165866332769
47 52.22136842664373
48 -44.315044296278025
49 -11.378945350734748
50 -46.29813835461515
51 8.16121286825093
52 -8.629406533813352
53 -79.98807304391748
54 2.61246547267397
55 -47.49697956672682
56 16.185475900070543
57 -32.13597641125483
58 -38.27920236658909
59 4.599370658108786
60 -17.140717520672872
61 -16.813098162720706
62 -39.71904468810416
63 -2.931013058217056
64 -60.05938911060711
65 -22.026080567811515
66 -28.160475378256542
67 -26.859686640986435
68 15.317649204795746
69 -42.993757957530164
70 18.38615520670149
71 -5.869307929935952
72 3.7458937615736723
73 -22.751500306788383
74 17.588858386751475
75 5.612102459580743
76 22.566536296595377
77 21.136454086752423
78 28.3126635004352
79 29.842080642243364
80 16.992938089453922
81 40.47338351680641
82 28.892871262313875
83 -12.002392655876692
84 57.73179821917031
85 -23.351548208265584
86 39.17516489045353
87 -38.30178648190502
88 39.7813229652713
89 -6.955708317081731
90 -9.509667865224383
91 48.957089701426696
92 -26.324223474493543
93 70.20544881310195
94 -58.72829013832443
95 24.898997338876526
96 -37.83078279968431
97 17.140875183918983
98 -2.1741830617932574
99 -5.6091326878898355
100 39.64413777853114
101 2.8583781755357425
102 -19.207964644639645
103 94.2189816908565
104 -90.05125008884339
105 72.32514615023095
106 -48.16286035744383
107 13.032339284278187
108 -56.025019294840725
109 1.570552740199172
110 -22.730565417247835
111 -37.20760509378066
112 -5.295236967258032
113 -29.125768936647866
114 -6.539690353465598
115 -65.97781520908694
116 63.175906810792796
117 -58.62966299305104
118 64.15802790680632
119 -5.3296550779198375
120 15.605981806391304
121 13.899304390627675
122 -17.160349021682606
123 36.41359069739116
124 -13.848503397205533
125 13.60795869734161
126 -0.3335676266866084
127 0.0
