0 0.0
1 -4.3153206090678085
2 8.635622044949512
3 -19.414661190433126
4 8.102489475901757
5 -37.46346893470197
6 21.609804544697
7 -34.48571003011339
8 -17.08344960323298
9 -38.74030236035542
10 -53.86981240034532
11 -1.0797236769548542
12 -74.8606323339408
13 -21.563666574090835
14 -51.58340431224915
15 -37.15408342920809
16 4.568888370354104
17 -48.01236571835296
18 31.87512967310878
19 28.69556085672188
20 -33.87935453618793
21 57.80033440082115
22 -29.64434726308627
23 -26.513929753610782
24 5.165415823812696
25 -8.018227204936787
26 -20.54861636567342
27 13.648524175283443
28 -10.322292374881176
29 -2.215225785383863
30 -5.418168041876915
31 -18.86266571486965
32 42.285210655806694
33 9.117545116141152
34 -6.477567363246872
35 24.304258606111116
36 -0.12898031240450103
37 -20.537762488452383
38 15.782105450821575
39 -53.20177344544506
40 50.24415251699008
41 -23.817186186008158
42 -5.917878192373231
43 76.22134693506716
44 -69.13855594307947
45 52.92493434831386
46 -4.043228821838813
47 28.880680133979705
48 5.3250690044733515
49 -18.615231272780818
50 35.37787835524366
51 -17.123815543064897
52 -8.908924808604935
53 6.021313593497866
54 -6.61777517296858
55 -9.3525109718612
56 1.471960637244644
57 -12.960095958514406
58 3.984764619732989
59 -21.73795760791267
60 20.764020039756566
61 -39.10453235139117
62 43.91162441837451
63 -22.50886712929996
64 8.050854611396659
65 -27.03605625266303
66 33.74261856704101
67 -30.11113221008966
68 -4.658894646797617
69 24.56504825814931
70 -43.12091257940447
71 -25.355878824483174
72 6.3767793693518025
73 -1.254239987247241
74 -16.512492037318104
75 25.22776485491012
76 -51.85417734280145
77 26.850592174683136
78 -38.57721580459217
79 69.38241556331774
80 -41.68313061456571
81 27.331626021046763
82 -12.610687798488271
83 -19.010829753425917
84 36.82969390506603
85 -14.120528439459171
86 -22.857564335622587
87 13.805785032700298
88 -67.98003664625324
89 59.33231397660454
90 -26.820035560441312
91 16.07222808257478
92 29.137001477024665
93 -52.75040203805002
94 74.2470151616648
95 -62.97633482663784
96 75.14796128661479
97 -94.41156625313404
98 96.02158358503196
99 -109.65534062852811
100 25.184661079868846
101 21.18385816364475
102 -54.54747891151146
103 77.75482366155256
104 -52.630874910846316
105 36.28580649399376
106 -11.146349453553333
107 -7.647991193992661
108 25.406864969138056
109 -50.4717580990998
110 18.171643414490795
111 16.254739793551018
112 8.228849556426725
113 44.38760960380197
114 -20.340937946742663
115 83.80422112353709
116 -78.55830445559992
117 96.66651491488105
118 -57.97364904697273
119 63.159136256948344
120 -25.491142580191465
121 26.185469122417178
122 1.8416307980439288
123 16.53810630255527
124 -2.2975912524868036
125 15.311173855089047
126 -0.23316949451942579
127 0.0
