0 0.0
1 -6.555946626212199
2 13.900008371940887
3 -31.752507437906154
4 17.170860081138787
5 -34.42448236652873
6 -21.81134562955273
7 -51.57791495250947
8 -28.14712564591421
9 -10.041521668486014
10 -72.67013464249096
11 14.214998768059795
12 -25.153820937194055
13 -21.810054121190547
14 -29.960888681164935
15 8.432707269320344
16 -13.799287325271175
17 -0.9305638036462321
18 25.239087847717403
19 -9.595405859503147
20 3.1341087397686205
21 3.0743958286729347
22 -17.607279670024457
23 12.461754309621979
24 3.9731489022356747
25 -9.710300531749867
26 13.981853607636545
27 7.55532660253742
28 -24.490264608494794
29 28.223025959026398
30 -13.533991671126905
31 39.002708456769355
32 -29.46546238828436
33 39.404910002465144
34 -18.780443847614666
35 61.86537736478462
36 -35.09822365628928
37 31.65815145891131
38 25.217145902634606
39 -39.54215510480464
40 72.57927239705417
41 -63.182652333273936
42 30.38605981575552
43 19.00098610802777
44 14.335382615941013
45 22.875305477090624
46 -52.528042498495566
47 12.280523075179733
48 -110.51389083322377
49 51.00340305762707
50 -52.32232564660616
51 -35.98596670297399
52 39.687635213623444
53 -23.958372563555248
54 74.16097740853677
55 -27.668521232576918
56 17.748347846226597
57 32.25528944658519
58 21.11085544692968
59 24.235434171440662
60 40.85060911823627
61 6.868121596864952
62 -51.08197118137625
63 34.80414769696696
64 -58.64501200788127
65 -9.611561550102152
66 -32.76684024585716
67 -61.52019720230373
68 29.895059464169154
69 -67.40113134560994
70 35.12199838100901
71 -21.964332903529158
72 -20.743910350789555
73 -12.304159062811756
74 -35.97893235941507
75 20.981471155154107
76 -23.921329157704406
77 -32.60894612302046
78 -7.125375627349911
79 -2.4640456491373115
80 -7.5418564927209655
81 5.067192367079877
82 29.40826768119191
83 36.05661315659943
84 -17.844880426998706
85 40.9743642783282
86 -26.715204956081767
87 0.9778963514075897
88 6.0401574213596865
89 -33.90087978886035
90 16.965134016903896
91 -25.5969859504706
92 31.042386313208546
93 -36.181873019741246
94 16.219845247594865
95 -0.20618445761213566
96 1.818436476495791
97 1.6718168207813096
98 40.28592450219303
99 -16.822261422786706
100 -8.411941037642803
101 0.8473576753217765
102 -7.474590498595871
103 -65.95101793783117
104 51.13655822844077
105 -48.00423571168376
106 46.25364880813545
107 17.245690603329457
108 25.986036013121776
109 37.56854252213222
110 -44.45581139852784
111 63.68868574987439
112 -51.93642514014946
113 47.33249607863236
114 -61.20523769290918
115 79.99283728515857
116 -73.5462623291969
117 101.2642805071555
118 -54.93202782138323
119 91.59750851161536
120 -46.18568483942501
121 40.25210825637346
122 -2.544960072896793
123 15.534509023736552
124 2.6842802959034158
125 9.551555522667064
126 0.8791266349904421
127 0.0
