0 0.0
1 -3.65927390344822
2 8.771118161741448
3 -14.443334140101179
4 -0.8918640973281738
5 -24.326791337322692
6 -10.530653036464237
7 -33.2538980827269
8 -40.05666300146259
9 -42.678988968274965
10 -46.732877128487736
11 -51.14871595131056
12 -76.20340889511657
13 -7.702800154396184
14 -62.7263323789777
15 -20.260665896760322
16 32.88390553116065
17 -34.640115618120866
18 38.54378341446943
19 22.535441126239974
20 8.630600587882938
21 52.282727912410884
22 -2.1510576995439608
23 30.763609213752723
24 -45.23024689709568
25 47.95544122446772
26 -40.93002362839576
27 25.636145196341786
28 -9.575359090673313
29 24.542846060699585
30 -20.93449850570692
31 -1.064106075244291
32 -11.896722052522138
33 -39.591821633800244
34 -10.792092138463593
35 -27.804308682899766
36 36.74989899271982
37 -82.59445429207045
38 68.26739097030993
39 -52.94323860926926
40 12.054449779207353
41 -6.139805180667307
42 -15.338383803522484
43 -31.44461732322143
44 -44.157790278365894
45 56.834454816033364
46 -34.58978354802443
47 43.80998902219162
48 -19.961080936476023
49 4.908724677019903
50 25.652685339828306
51 23.254258923412774
52 40.27977712577965
53 43.328478742932255
54 4.717170692864111
55 4.744078533356913
56 6.171295996986693
57 -2.88603045757939
58 22.19672610514946
59 -23.80703962462665
60 12.852525722490764
61 -16.27131721210684
62 -60.506055450843995
63 -25.804449112461082
64 -52.01065522313929
65 6.968365374291308
66 -58.144178013564
67 -11.09575920309243
68 -10.024725319326192
69 12.386545449386313
70 45.69642298540276
71 -2.0516311252348784
72 53.64429732448512
73 39.81814803723597
74 -0.2747942369543572
75 37.53347528242682
76 11.889651418649317
77 -10.651566314253156
78 -25.1705963374982
79 0.9262075330051027
80 -16.626134147645192
81 11.584902160216398
82 1.8355901503209962
83 41.002296814256994
84 3.323324001058894
85 -11.835748062086816
86 -33.87871920921212
87 -5.515046222723444
88 -29.964434025140253
89 -18.89914881588431
90 -28.458392113881015
91 -72.00899654858789
92 6.479955325689265
93 -37.401439099374066
94 38.58809325298793
95 -27.65658554772664
96 63.98397937397686
97 -39.9493489180034
98 83.41223417352691
99 -51.18441639729823
100 24.2175850028817
101 22.43471228081221
102 -64.21175279457209
103 62.58858401829035
104 -69.20182622615616
105 61.15276320288301
106 -38.878228193397
107 26.400033240167723
108 8.006702470798595
109 -17.359049416445924
110 -22.38154442517531
111 -1.8001924234154505
112 -13.088185708060578
113 -5.37407764252619
114 47.22949259446004
115 -15.419018793746893
116 46.64515925517347
117 11.007286522619284
118 4.58137378226016
119 38.902480574451964
120 0.5942607984352364
121 35.34350932036966
122 3.8535054370775605
123 20.65651398464194
124 -4.286608834583078
125 14.55517743268356
126 -0.5399395559344673
127 0.0
