0 0.0
1 -4.209798148522321
2 10.54826220970846
3 -18.407451112241702
4 -5.128688497094696
5 -24.717992665653583
6 -53.37987184401097
7 -21.025201247805292
8 -16.03203856857232
9 -18.44405348327505
10 -20.790867150998803
11 0.07898883676007862
12 12.987028137859117
13 -0.7327133535234586
14 -7.63880695538115
15 7.648902550134318
16 -7.817916309692865
17 -38.22645990819721
18 8.28851238669935
19 11.717391020107733
20 19.580160077514773
21 -14.462202616665726
22 15.345772507752239
23 -17.68808355616408
24 -27.71325225384116
25 23.734704724141096
26 -51.16519405039523
27 3.119933403366829
28 -32.50017189473464
29 -67.43180571561471
30 -22.884814374055164
31 -1.767215243704762
32 -14.001969579387275
33 -4.533136501464291
34 -18.24988812385982
35 -4.524070573710838
36 1.6387917164088373
37 -44.06465837744814
38 26.657799321769144
39 15.91731205880666
40 25.165437086380678
41 -33.18559797875832
42 4.233287176083925
43 9.314513295939841
44 -37.25129537343994
45 3.5253903986105057
46 -12.063590504747868
47 30.632735697769153
48 -18.16466787374658
49 35.874592358280665
50 -6.628197664664782
51 -11.280082747489
52 30.883350000180318
53 24.175655432932828
54 11.961433427300864
55 27.667039063121788
56 -6.4876566288104405
57 12.858297723010867
58 15.074881416885496
59 -36.04107444334216
60 -9.859014231995477
61 -1.7211933352594428
62 -7.540665576227731
63 7.278442575318196
64 -19.518894831998587
65 -8.916526222157147
66 13.682810763461545
67 -10.86864559531281
68 12.559340589515536
69 -17.589072479626218
70 24.8436445710929
71 2.55950641345324
72 10.374772637210441
73 42.46036042240699
74 -25.272202977365335
75 -6.945531729230246
76 28.160781384371422
77 -1.6954832513290987
78 49.846138299349576
79 7.751113378115729
80 25.11808296523993
81 21.13759358042534
82 2.8660444284485407
83 27.944884799731387
84 -59.856722198881535
85 4.929456989377522
86 -47.68184091633412
87 -8.969161179577048
88 -32.93030090310716
89 -0.6188160327294998
90 -16.12458010826152
91 -4.640738615383467
92 -22.72777632588587
93 0.8251923528009599
94 -9.328432641486543
95 -20.215265706764626
96 56.37345220653202
97 9.460521624883237
98 39.61459607883149
99 5.318800195827169
100 14.150815184860694
101 -30.67919384680757
102 25.498127321416497
103 -9.974065566205773
104 -57.28030921782545
105 27.49859864232349
106 -86.02786000635356
107 35.750986189050735
108 -43.980118464539494
109 -31.18384101665797
110 29.527309095417138
111 -77.5027026112051
112 38.70488783591537
113 -47.57798783295651
114 -6.9732763245837255
115 6.878895977621991
116 -71.4030707128145
117 35.82800578388248
118 -28.12647193856475
119 63.391715502184866
120 -6.998806390099174
121 47.71391737942978
122 -1.6019478580072293
123 43.626806397063525
124 0.4285086418413537
125 13.707267347214136
126 1.2824388528949349
127 0.0
