0 0.0
1 -3.605155658399565
2 10.442325795999546
3 -20.651361120647874
4 11.156668789762795
5 -44.946541920180586
6 -19.99783502060984
7 -18.92996943088363
8 -96.92195716536276
9 -39.98706896449115
10 -66.27740645842935
11 -37.96692921206743
12 -36.5279887979785
13 -52.39628172559325
14 -39.49095644327196
15 -23.52602620343734
16 -42.099730275993196
17 14.320189214491425
18 1.5972941125812103
19 7.620134873519094
20 63.245038781250564
21 0.5397480027188059
22 16.48226750196387
23 28.930599740438282
24 -31.45801576605361
25 45.680240777473315
26 -27.415222026426186
27 52.74955270773644
28 -2.9414068263827677
29 -18.01439937582358
30 35.85641196467936
31 -76.48072949244795
32 26.602355803516918
33 -51.42913499334483
34 10.238022312292628
35 -3.196772641214926
36 -10.450338029940406
37 -24.19254073466844
38 -12.806770712698635
39 30.979569419991673
40 4.315523140354619
41 60.87108725762869
42 -30.028126744818643
43 36.72738218374234
44 0.043982231768735336
45 56.165260031962084
46 18.43090675201566
47 11.339679029211382
48 23.02664119884898
49 31.307208682704346
50 -0.9667284797967832
51 47.17224153029565
52 -36.330002071646526
53 20.005609462242223
54 15.335183108424578
55 -16.115865996136158
56 36.82494111647291
57 -34.808291464663206
58 -6.392043993786459
59 11.782175744258588
60 -53.8209615281549
61 -9.444774879430149
62 -44.196772106027105
63 -41.85420747577548
64 -30.588875676789495
65 -71.08395121577438
66 21.072288088549584
67 -97.5911635649819
68 42.034893682597485
69 -69.75269510968762
70 25.593953287482723
71 17.585298318033548
72 -63.52146578420097
73 25.917368810031057
74 14.415835338679477
75 -40.28453654296596
76 41.284257413189096
77 -33.24911203355667
78 14.981108470940907
79 20.476308871749715
80 -10.392437994910642
81 70.72719708774926
82 12.923615384776122
83 65.69658969310686
84 4.048933491265846
85 20.911188065572386
86 -13.465125257087516
87 -35.33020649659164
88 -49.49316236834666
89 -21.432604010125758
90 -32.18873342477039
91 -15.579866114344693
92 -0.23794998886123786
93 -48.24466926143461
94 24.43609955849735
95 -3.590026371064844
96 -34.74761779314836
97 19.92885356861245
98 -85.39573611264963
99 71.06881334929024
100 -44.44498433522043
101 29.35558640515832
102 43.61296655877897
103 -48.86539353380758
104 50.78900963338885
105 -24.19168965169578
106 18.10223374632077
107 -21.675221792904864
108 -0.8425238573988092
109 2.3214416818232064
110 -43.24713090194772
111 9.720638169438763
112 -33.19241077620659
113 38.464988469655054
114 -31.441446259885716
115 28.79723439193411
116 18.644254763287936
117 2.413165748426071
118 58.85410785942394
119 12.976296466165033
120 23.421859059039463
121 19.236012786763492
122 0.4782527638354014
123 43.79899531893948
124 -5.087780968628357
125 14.735764255910727
126 0.3163180008595537
127 0.0
