0 0.0
1 -4.36532515739994
2 12.472355605697937
3 -25.3548315508417
4 2.9543151819345432
5 -44.73176455131065
6 5.0179541142388855
7 -77.61344954570053
8 39.600373774938824
9 -42.096220653937635
10 16.848255455173913
11 -69.45698750341128
12 -28.352533816591958
13 -0.5147965071879728
14 -63.43324133822131
15 2.5534118277232274
16 -108.2422766868191
17 50.394629959447514
18 -91.41717188868051
19 37.76150122399016
20 -50.18281470933433
21 7.114565638629281
22 -17.71953672776996
23 40.617168734607425
24 -0.6297877274032871
25 -26.135161769524785
26 30.03113249398169
27 -14.30835363201036
28 13.267813717885218
29 -27.357088509765745
30 40.712202171060895
31 -68.96966444766844
32 13.140378768348734
33 -3.891668878855055
34 -15.038057426866015
35 29.85910060293564
36 -1.9548278573396325
37 22.120533073581726
38 -18.659679500015194
39 6.8375340600552
40 36.384180920575396
41 -43.274143601608124
42 18.38440844260479
43 27.96135335227489
44 -37.06280198666529
45 55.04100327919582
46 -30.16456574318084
47 34.27087631376155
48 39.993782286323054
49 -6.566288819824145
50 14.506037328963808
51 -5.480791662019587
52 20.1289849824337
53 5.656057640722423
54 13.077155338837638
55 -34.62851336109612
56 19.962982590052075
57 -53.83203302225894
58 29.637964377520237
59 -29.50724147346589
60 51.35474140148707
61 -35.01979181938114
62 8.501839928614274
63 5.489874896214089
64 -40.54610367857317
65 -24.465605190345862
66 -73.21391519332052
67 -1.8583574015587414
68 -83.8950584624633
69 28.285381281198354
70 -19.584166868549232
71 18.83088775616313
72 4.2349373732242395
73 37.18631656440893
74 0.5612610822021856
75 67.68272197257849
76 7.279551767319786
77 29.242364741564703
78 9.21446636172933
79 36.64491506334284
80 -56.60967835164472
81 56.91627243159484
82 -51.56572030919118
83 7.918642108208901
84 17.940298673909666
85 -5.729508312885129
86 27.677936317090012
87 -35.93247680879781
88 76.18323951180206
89 -95.3420204523503
90 92.78218682412252
91 -2.4704561328161354
92 21.43725762933961
93 -8.99173369486921
94 48.15821067206577
95 -20.84879048682159
96 18.007371022851142
97 -3.4158854559525684
98 -24.097322242830227
99 27.479700841642472
100 -53.65031624206549
101 23.084985337912208
102 -29.607979467442505
103 12.730814095575942
104 -20.370784465729198
105 1.9730791630016822
106 -51.310949692518584
107 54.14363400709353
108 -60.349287960748654
109 54.20452691752596
110 8.190813172500253
111 -58.68980761653488
112 70.6097368346299
113 -40.75694896954051
114 32.76759470296753
115 6.838847029318901
116 9.598288755954814
117 6.1930766592024105
118 -18.247214718268598
119 45.48444999541272
120 5.143078788335714
121 32.3439187958167
122 -12.903463550283547
123 29.18835109298777
124 -14.562960854703165
125 14.843529024626996
126 -1.6991053823470326
127 0.0
