0 0.0
1 -5.16722847843673
2 12.041498339374893
3 -23.680799393668895
4 8.82218315438604
5 -50.527928502976806
6 26.57745944202374
7 -77.9799771850177
8 -17.84132177218236
9 16.758364461060204
10 -31.146661647920222
11 29.913065171070738
12 4.861754909419919
13 -14.080103435473958
14 39.88527226472329
15 -41.409437155091865
16 52.85851806302271
17 -24.365280945228374
18 36.14480411080814
19 -36.2059762253625
20 -7.129622717924349
21 14.608731773784722
22 -40.6777433041208
23 -2.47129394716649
24 -67.23739708453331
25 98.22030361772549
26 -124.52189275481068
27 46.51986240290276
28 -15.78995532482302
29 -18.09597116047671
30 -6.050813648856786
31 13.762012525131146
32 -55.983662407974364
33 25.510774754881382
34 -38.50546590412546
35 16.500966219748896
36 -20.180587656679954
37 40.71631833335319
38 -12.127634796696368
39 3.3857788059881164
40 64.68859500910666
41 -40.42889090104237
42 59.265765014026336
43 -72.42402697570016
44 36.4410608373206
45 -44.41203600293025
46 -0.5483518140342667
47 -25.245685695475334
48 -23.679051353580448
49 8.258863645689045
50 2.1400947702289037
51 -36.455694874142196
52 2.9162186478953807
53 -34.283680947188586
54 -11.617344112460001
55 -45.09592226130293
56 52.11173129032804
57 -75.9101295052995
58 46.67142629733216
59 23.255567280416916
60 -36.421351369813756
61 46.80865853212852
62 -54.2161271115552
63 48.61322376747981
64 -72.92088662701558
65 62.08982724426747
66 -26.05345761308668
67 57.63417448274892
68 -16.764162263926348
69 -30.805733996933142
70 33.30324700339663
71 -5.920398442610013
72 12.34023909394319
73 4.179325901124951
74 -27.570148811684053
75 -3.2819249056929283
76 -19.701487863160082
77 11.33909188500302
78 54.61625002148779
79 -14.319204299188863
80 24.13809336145545
81 -20.57187809284883
82 13.268911415349448
83 -35.88160372589398
84 5.174616823500401
85 -5.858705514294003
86 -5.165524721222435
87 -28.366982496185383
88 3.6578705012445676
89 -18.933421304376463
90 0.13678640660829128
91 -66.48977543740176
92 16.13026773213907
93 -19.279808547193184
94 -17.695318285183635
95 24.66099224667435
96 -28.87566694755181
97 -23.75851782267173
98 2.5385674243571867
99 -5.348393789089217
100 61.01701508827224
101 -6.140214916113565
102 27.896715347438526
103 69.8237925312911
104 1.8794534258656739
105 105.79913876707798
106 -63.434193318254295
107 100.3345202978312
108 53.63335983183838
109 -14.113682710061658
110 78.37064321594136
111 38.79456244274718
112 -24.043960974648765
113 49.6664622124113
114 -8.387859445720693
115 7.125568163527838
116 -3.2988159442449314
117 -19.386145115303034
118 -60.47612774185087
119 17.003432661666334
120 -60.32296899449889
121 54.98634150536699
122 -57.55185998725544
123 34.44595923147201
124 -15.010507436640768
125 13.923758358807412
126 -0.4360323273870012
127 0.0
