0 0.0
1 -5.017855142643983
2 15.237517889302643
3 -28.944697786368696
4 28.406956088160364
5 -36.52347379326226
6 1.877625048405463
7 -24.203449269226414
8 -36.06508281278843
9 -23.368416172182464
10 -69.06253635411102
11 58.835763390157844
12 -82.63600001771722
13 35.72455495046947
14 -37.85690636426088
15 -23.43772994860466
16 -28.374340387314312
17 -2.0634991107327054
18 -18.582497654032032
19 -14.472548893468133
20 8.953736684913332
21 -93.64578113443947
22 9.6684294095104
23 -6.351876176861259
24 -30.51230403107932
25 39.09043960255305
26 1.4607781771365969
27 -15.320799181346597
28 49.398319499502485
29 -12.877948512752074
30 6.3041534485563995
31 -23.1658633227437
32 -9.055140225164529
33 -18.704117126266176
34 17.98676243032537
35 -1.4798102871905234
36 14.518638431398829
37 43.61972969577316
38 -20.82548885847818
39 34.92583859012948
40 -0.3507228717140041
41 10.175376005644216
42 5.280657222370178
43 22.711822299635966
44 -8.416745039256728
45 43.55511214280668
46 -15.56287221920638
47 -3.4642333254715045
48 -48.970729198967945
49 31.252274122861333
50 -53.85871607558349
51 -4.368958427416355
52 -46.952499309048726
53 -7.4368321865977425
54 -38.62618587226223
55 -35.31166811854828
56 35.03983119382329
57 -24.583941845557863
58 22.15990114394266
59 -35.05921252716059
60 101.96202232345435
61 -66.14432653566631
62 44.641022575275
63 3.3002543613961874
64 2.5969472540519773
65 77.94593639538502
66 -48.38598239340094
67 54.47670241192178
68 4.634952572663615
69 -1.5261201478389523
70 40.60392299051264
71 -28.18016902055679
72 86.90996535861217
73 -53.91215671475241
74 20.832089444599134
75 0.5907892157473309
76 2.0791464136736484
77 -18.906784340496653
78 19.699805727957067
79 -4.947811072728668
80 -29.7631553895884
81 28.848661007180677
82 -35.16840220178337
83 20.77450822234089
84 -30.78120297326715
85 -12.299036310099916
86 -47.143321021749074
87 44.902647641992736
88 -10.547274871546948
89 -21.440998139012272
90 -19.09746649749237
91 3.257404478772426
92 16.450524056750318
93 -24.852692850690392
94 15.120837936703689
95 -24.487566407907348
96 -4.415501921487966
97 49.61412836271825
98 -32.809788530115966
99 55.04874562393136
100 -31.841812219812837
101 53.22302432098247
102 -36.50687556509858
103 41.983013797504775
104 -44.432670377522065
105 -22.16799763844551
106 12.297324638848856
107 -83.83087176905333
108 21.352895805505884
109 -10.869851256059551
110 52.58607095010486
111 -21.61314656246191
112 42.666880615450346
113 -9.434368863446023
114 15.747387839788242
115 -16.849759954994003
116 6.989149490271537
117 -14.365133725940803
118 28.311660841439
119 28.152365533350455
120 -28.93983233844241
121 58.60148481630898
122 -43.46959904022608
123 52.260847072591346
124 -26.159060583692494
125 15.202391765693312
126 -1.0044254162767299
127 0.0
