0 0.0
1 -5.164490154646454
2 10.530455954015721
3 -16.778626455014816
4 -2.5203284651412945
5 18.382317804904755
6 -35.20951811688868
7 4.9436941303134905
8 -21.112302931644077
9 -8.776391546752894
10 -18.585980978841317
11 -24.795090833779305
12 31.53423463680191
13 -6.021689133432888
14 -11.053521314273487
15 52.679500074204334
16 -19.331397098266407
17 -25.430290302068848
18 33.24193351300011
19 -5.740944707316412
20 -21.440965738003733
21 -2.3659525353710933
22 -68.49493590190333
23 0.9177716003353669
24 -47.209392532508865
25 -6.182808948533482
26 -22.846865250861104
27 23.951388848880757
28 8.155468722980265
29 8.970170118451458
30 -11.459040277791406
31 22.318558154114868
32 25.917203064192623
33 41.38752204723158
34 4.221167114589418
35 40.39585114721033
36 -8.249455865287272
37 -43.663762843782315
38 57.13329337056682
39 -61.84266811615161
40 36.34981375508784
41 -22.42220008313637
42 -14.09715002705662
43 -34.15833553750088
44 3.3820546543192482
45 -3.173145736437599
46 -17.460230854602674
47 14.594530996029503
48 -38.24305880308795
49 33.21014544159166
50 -37.554927387872425
51 -6.299395114338346
52 29.443111352152574
53 -53.27393883939657
54 7.6179138216632865
55 -13.99977253391982
56 -51.74196013188824
57 -6.098422062770826
58 -49.62265912656642
59 -11.721538460965368
60 9.369740039393355
61 16.47776697117605
62 38.35088410381404
63 24.604879735299
64 40.445613565435565
65 13.464811116634625
66 6.428242861000659
67 -28.6111004834582
68 25.59333163936584
69 -19.25545719362526
70 27.613406282838866
71 -6.927921677631173
72 -52.18537136889657
73 32.83498751403777
74 -16.79897309057214
75 28.530354790802274
76 -18.26727604756031
77 -32.32105394759135
78 34.87283355582116
79 -26.269306686615202
80 22.343529792314975
81 0.8284845049034655
82 -39.09447802848459
83 64.57072226094213
84 -76.69686435328603
85 67.89399650584629
86 -53.59432357252323
87 42.34030566226729
88 -25.334645499489714
89 19.780850246158074
90 2.76793849672355
91 -16.259023662329167
92 39.53416143949479
93 5.361596301659938
94 65.10231675599636
95 23.36972008081388
96 42.980086273346984
97 -4.644585841936853
98 43.515785357534845
99 -4.460806397918189
100 67.32709672820307
101 6.42655461245201
102 -7.295934538894852
103 -11.43079008099592
104 -22.599922988443822
105 -67.52118288786215
106 32.120293585206575
107 -51.36773972542913
108 -28.07202152799898
109 -10.442964076296029
110 9.75125420753364
111 10.234344718348444
112 -23.68694036168901
113 16.042360320843297
114 -58.01500836184926
115 1.3970693635137967
116 -63.278022635961946
117 9.88495874175033
118 -31.76852777116569
119 -29.15101220433571
120 -4.978543479525263
121 20.97014085732148
122 -8.161284961886837
123 28.33837187961804
124 -5.938412710826308
125 11.239801592744039
126 -0.3354311801159272
127 0.0
