0 0.0
1 -5.668619047644554
2 15.18650615651028
3 -28.268902904632885
4 11.881271849242896
5 -29.83994457131917
6 -1.8948909934769658
7 -15.105701539839986
8 17.758083666575644
9 -0.05726203052121722
10 -2.2039213183201074
11 26.49683734558681
12 -38.59416466034485
13 62.195049380955034
14 -77.74356583407298
15 40.00439754981225
16 -47.705191365866774
17 51.91674761427909
18 -34.70610567621239
19 -2.2807935782759574
20 -16.459075900986043
21 40.113420282485194
22 -64.18717057924748
23 25.905222337292308
24 -15.73967466162607
25 -20.1251057418331
26 -1.6991161465623774
27 -17.89217403967523
28 -16.297822575059474
29 23.535988834698774
30 -1.759027117911935
31 7.699228418950728
32 10.483925802146352
33 -4.624984697269917
34 58.75659167334543
35 -46.325423027876234
36 25.224910675012325
37 -13.189793830390808
38 -13.690220753054353
39 37.860921050429205
40 -43.04374844224508
41 57.95426237454823
42 -11.016089016795112
43 21.72200285206146
44 17.170553149740588
45 1.352361524032201
46 -7.4722357425210255
47 4.451155259151221
48 -1.832319640998157
49 -26.264563169180775
50 56.105781110737325
51 -51.973573140242706
52 45.550559172402394
53 -23.52495585739467
54 16.712843597032368
55 -27.642606978243972
56 -18.23953090866645
57 23.77043168384893
58 10.030980258061497
59 30.211801545374676
60 33.921082847157734
61 0.9099639620935162
62 13.56716305355642
63 -42.173838650217704
64 25.338903975790195
65 -18.225906629297395
66 19.490745724606874
67 21.50605563801115
68 -17.28974564145657
69 59.953457348652485
70 -41.53006076547703
71 49.06577968478075
72 -25.882344544739485
73 6.749288743049094
74 -24.846800751632134
75 -15.513576979372571
76 -9.873203796710094
77 -18.120120115213368
78 -51.329018694901634
79 26.63212342248243
80 -75.28435198753834
81 31.16242957002894
82 -36.70322703091018
83 -30.1263602790807
84 43.8827466585535
85 -106.51514516424653
86 58.44118322668986
87 -38.64315034351058
88 22.773073358636317
89 3.6146164427746594
90 15.140321647739567
91 5.790949314605036
92 -2.1010376060942435
93 -0.5336905978992057
94 -7.5242144055025415
95 -15.998899349647463
96 19.471476114445537
97 -27.231962688043726
98 37.875360007201444
99 -20.239823589801354
100 19.284648716249592
101 -13.74455959758769
102 -28.515085731485474
103 39.577450193318796
104 -67.83083251793549
105 74.0104887600568
106 -98.68069123825816
107 40.88108214030796
108 -11.341046787712738
109 -12.264851960539358
110 37.80328393342166
111 -29.596883822365346
112 33.5806033169236
113 -42.506865089278854
114 33.80012587813538
115 -4.707014329644471
116 -22.567215366164746
117 52.223035831843376
118 -69.15066662037351
119 58.31388513955398
120 -68.24193791849923
121 42.87556569053297
122 -35.44557261176018
123 33.738388633234095
124 -5.387139974857259
125 5.290538386409248
126 1.5845943948769317
127 -0.0
