0 0.0
1 -4.8300016091966445
2 9.825622196323799
3 -28.778930930380337
4 6.396686475959493
5 -36.086384667491934
6 -28.798054640790443
7 -65.47392951771668
8 -3.0058842517886593
9 -20.015897218696992
10 -27.92173042586907
11 45.353896980837675
12 -90.05959638299713
13 43.38132115707176
14 -45.43487695416311
15 7.607790536858521
16 -32.512399335719024
17 -11.042920951876521
18 46.913408039668916
19 -13.884560047875967
20 15.738464357576722
21 61.153969397436725
22 -7.549782624740539
23 -2.0414571458374904
24 22.080907178686665
25 15.708578612926635
26 -33.34026287484434
27 17.690885416166218
28 24.736350765900383
29 -41.885146330166314
30 -0.6300950065637554
31 23.647825086728993
32 -33.90230965728738
33 20.84007601493574
34 -10.965701398017515
35 -66.30491487941838
36 39.48757363547954
37 -39.94131187772631
38 6.982747164103861
39 2.499640625196392
40 26.00420678071437
41 34.61982311829629
42 45.62452490407317
43 2.0410542460916905
44 1.6460315362378717
45 20.07219815636567
46 -39.591274464719326
47 17.7180522991763
48 -6.265457525113375
49 11.648893359285001
50 16.61220079555007
51 -36.682644197654895
52 19.757076240086125
53 7.624236844425258
54 -57.966810350126046
55 35.37914096456002
56 -51.88609228940232
57 -0.5669647584650742
58 -18.336140609798456
59 -19.726771302580214
60 6.106815317164034
61 -18.08381435487168
62 -7.7112238087482705
63 52.392527686711084
64 -9.018109736248093
65 25.32705687697725
66 10.626897895639658
67 20.026029483458682
68 33.51848436622006
69 -0.04489255888240636
70 33.11814802281597
71 21.227742401903456
72 15.838936732249556
73 9.730649935860336
74 14.23622144358477
75 60.703455695042564
76 -53.773997735643256
77 12.687100614344935
78 -5.760165932603802
79 -53.98585868259043
80 7.043772723465909
81 -56.04746112193587
82 23.288368646383546
83 -41.399853510078856
84 22.493762772349278
85 -14.234738055016155
86 -12.090800765731677
87 -22.815805808453806
88 -11.27858848129388
89 -52.32716757883757
90 8.261004992701814
91 -26.062045199455163
92 -36.088296704520346
93 12.721735665443392
94 -68.34087074296635
95 15.593237471625145
96 -22.237622822392858
97 -39.05846733016131
98 101.39083867789509
99 -108.01946701973377
100 103.6167111973935
101 -5.480680121300978
102 -5.550092259179666
103 76.11506546327907
104 -32.671677847956275
105 66.19642763140888
106 -34.518985745269525
107 69.2566731638185
108 -57.0386447747443
109 74.45426100576249
110 -22.45439117789151
111 -13.795534895020047
112 54.7270168010481
113 -17.8007617711134
114 -11.471818559316958
115 7.107128735328073
116 -46.556075058455654
117 29.28223045887456
118 -21.262540662896562
119 21.29169275354728
120 -11.296131244509706
121 10.758087764601164
122 -31.366558924956777
123 30.31272408425913
124 -11.965900693451072
125 12.751102199709003
126 0.8364780478957607
127 0.0
