0 0.0
1 -4.466448530131864
2 10.455680630014328
3 -20.289705115655266
4 15.172966016903707
5 -39.456863002612096
6 7.312939320885426
7 -31.740443706273222
8 -25.82618326054498
9 12.899080384881778
10 -62.72762111084727
11 5.5421633009454485
12 -66.69959764322314
13 15.198836288986525
14 -54.455853626528885
15 -23.636775284688564
16 -31.10843234108578
17 -54.00930726487297
18 -9.488358863450687
19 -12.934822082344432
20 8.506309176279633
21 31.569404763714083
22 62.87986339340796
23 -11.944023872341468
24 32.96611519079172
25 37.411351938952535
26 15.315018015691587
27 0.6848753598023198
28 0.3676112914816848
29 43.740166421167324
30 8.891681592699298
31 31.984421778019946
32 24.953828910819933
33 14.216088297695455
34 58.08883011060214
35 -11.304182215876596
36 -13.502425649811846
37 32.60199977989574
38 -51.50231144555464
39 10.481430312208243
40 -20.327162321854306
41 -7.029157835180167
42 -27.37682265144492
43 -4.649755340605422
44 -43.18599252558834
45 -13.399317507960076
46 -2.799045215086641
47 3.555168511256146
48 27.907050081836367
49 -67.42095580119044
50 55.21581073642628
51 -63.25995929064922
52 10.774674516202902
53 29.651274257686282
54 -36.32842113537981
55 20.254793462902356
56 7.625439269105994
57 -10.101783402729865
58 21.372120827155225
59 9.224393423002276
60 -32.84942878344446
61 -8.506881760153354
62 -11.345692563312635
63 -14.837155081030282
64 -6.537583999672541
65 19.485313984417743
66 -9.843683138551691
67 11.907238872615133
68 46.917217953601266
69 -11.417852879018785
70 -3.917340148906986
71 6.334579322035409
72 -23.166537542873492
73 12.283565470082166
74 -26.209426688370623
75 -5.949160959842607
76 -8.515781519853153
77 -27.80868881425407
78 -4.638231962852476
79 2.7160095146605396
80 -37.10491686262421
81 -13.339434385216505
82 14.799966632287155
83 -67.78482705274929
84 2.2668116305771675
85 -4.875584730303708
86 -17.054036970820587
87 41.80129157312062
88 -26.471628897366205
89 6.317263882474393
90 31.63444018731808
91 21.585723488044877
92 -25.53049858911621
93 31.38611293630994
94 -6.4631847756214205
95 -5.885907867692492
96 11.418125319316937
97 2.110373911615992
98 -35.06901853837153
99 42.82820370943057
100 -50.55408808077448
101 40.11210830874775
102 -26.464591310182698
103 -34.72772265112621
104 61.97709463303399
105 -47.0304552430787
106 55.41252470985271
107 -27.958562628359694
108 42.27337791355705
109 -46.27192009661275
110 28.04331158444174
111 -12.527471692294247
112 -54.55226707382824
113 -3.8776733367677223
114 7.302879383907435
115 2.21398846936834
116 -68.91850978262028
117 52.28946529024785
118 -11.154427524157605
119 53.53069195198168
120 0.9973146792725462
121 32.24777857562009
122 -34.18700077769569
123 37.698992844867014
124 -16.875438812892448
125 13.201725741543658
126 0.7878882958867248
127 0.0
