0 0.0
1 -5.930187223546006
2 12.890034573953434
3 -26.824478224031463
4 8.499046233995765
5 -21.66431127528307
6 -28.044906958169364
7 23.57611672909155
8 -36.75577072572422
9 22.723532964612552
10 7.038996023656509
11 15.784364013256672
12 -2.422342210498404
13 40.03821570621254
14 -18.922204397226512
15 45.27598965124891
16 -82.52714988272021
17 22.49439978732034
18 -7.612919095400817
19 -24.143967769190965
20 29.327990722090373
21 -62.443320696507406
22 69.93586012972371
23 -63.4188760031918
24 28.4427895391304
25 -24.379844965774296
26 6.912352519137054
27 -28.82007856648407
28 -3.2200067260052028
29 -31.04459673621901
30 -10.425066155567139
31 24.12437950419429
32 -70.03451759245722
33 49.04171259641465
34 -116.81841002301341
35 96.17113964753335
36 -108.64620907225806
37 96.7997891753432
38 -15.40425932428011
39 4.668279001835216
40 50.63992473028185
41 5.567096909689759
42 44.40582989522226
43 1.2991612189834405
44 24.541870696014012
45 -21.631238115311596
46 34.66719144429781
47 -28.941071661009374
48 30.98240496402155
49 -70.56613529524961
50 58.77721297753353
51 -55.8096737574433
52 -8.890673488896926
53 -23.6580993732075
54 -28.487895085383418
55 27.74136641248988
56 -43.33377217819545
57 35.58380207285086
58 -14.462767504114412
59 22.31033242615022
60 34.30101737173945
61 -12.381441955026228
62 41.259551759386284
63 -44.46716019133845
64 35.31130592326263
65 16.12826487585208
66 -37.35089690955714
67 69.27536007308836
68 -111.58675979634918
69 56.54328911734241
70 -48.56343693953188
71 8.189898059594226
72 -9.376574456687376
73 14.520877508144066
74 13.796805107232135
75 -36.013647599881836
76 50.3074987707834
77 -50.55111988542058
78 31.934490175551694
79 -40.3335869642934
80 13.57734406718631
81 -57.6909613847758
82 -0.12888593254903072
83 -34.71353085570397
84 -71.97618186531174
85 -7.340922885019077
86 -28.978054762823497
87 -31.729252008641655
88 15.037329605248313
89 9.057147660026285
90 -7.4848249783333785
91 -3.109122241478566
92 -1.5967228544030858
93 52.901225906096876
94 -15.269537741759345
95 96.80314998404283
96 -29.672391964777315
97 23.60158378944902
98 12.643817832332621
99 9.148734216415209
100 31.354835615247783
101 2.959345842048966
102 40.57755742720185
103 -9.909321905318686
104 46.08434187292326
105 -32.05214002606696
106 59.385967676832806
107 -114.42921233250945
108 89.04446180361367
109 -114.82848196795345
110 76.70426713090512
111 -30.101397573970456
112 1.7543152799785713
113 8.451148406400687
114 -108.58830713532195
115 62.2122998837041
116 -119.00661783304275
117 96.19300413439849
118 -105.69864722097195
119 96.36547373497996
120 -60.51877266802348
121 71.69197537074149
122 -32.803164414301214
123 40.00077829516648
124 -0.23607729155965906
125 6.165079022796188
126 1.3735223638687553
127 0.0
