0 0.0
1 -5.22657044911738
2 13.172336191609844
3 -29.886781135151455
4 21.15008288964572
5 -63.84742980314661
6 14.028859757154093
7 -44.38095907168163
8 -27.392792764621966
9 -75.81450755126183
10 2.6598655977503047
11 -102.28367917512954
12 0.6619907905158849
13 -81.87621365287842
14 6.22467094787137
15 -58.37241940817479
16 -38.755281439493764
17 58.900425410677094
18 -86.85037085560317
19 117.682354437349
20 -75.56650496994118
21 111.49776262167468
22 -67.91671436017693
23 80.91556303619168
24 -26.964718837098488
25 -9.016917473559428
26 -4.876333964072141
27 11.522176494668672
28 38.42347158531673
29 -44.419175230819484
30 123.52158679852133
31 -24.27962805277305
32 107.09399917119578
33 -38.11624758004172
34 66.81464403595417
35 -2.342694581457169
36 26.158787815084843
37 38.48761325520328
38 3.401799839559748
39 69.25188534326485
40 -83.30738508907663
41 70.97014883132724
42 -71.91909120775114
43 9.820857078713535
44 -41.31587360054951
45 -38.03088270298845
46 -9.985407643401883
47 -19.78347321610606
48 3.3831554112745863
49 -40.039467005732824
50 -10.983914718589618
51 8.071230674937494
52 -29.887136163430245
53 9.346555648538141
54 3.8648478504885007
55 9.71904834682715
56 -3.382574320864047
57 -18.91750855168668
58 10.291155973413693
59 -2.640498509789728
60 21.113562930789648
61 -48.026218120836035
62 62.4195482676404
63 -36.3666456371294
64 67.62913883693938
65 -7.65340393321468
66 33.872024343762234
67 11.88582263187599
68 5.537784662910354
69 -26.995804515142357
70 -16.424820642530566
71 21.300433012390148
72 -38.690710098651586
73 34.301160272124385
74 -26.823838804795916
75 3.6050248850618223
76 7.067996101427181
77 -38.01007464482101
78 -21.812049308593675
79 -2.5818641722525872
80 4.992889109555068
81 20.711584210300863
82 -35.20012695448418
83 80.06954141196837
84 -59.20486579231466
85 56.90757372062802
86 -15.307436489193117
87 -1.1405066629900578
88 32.08341645698538
89 -37.48144780174274
90 67.30413768169755
91 -59.44924111152575
92 71.75669895736127
93 -61.08592310570727
94 74.71912074222838
95 -15.68179362941254
96 -4.379563986938946
97 27.94750382041749
98 -64.13127170819783
99 51.83366829330287
100 -76.01880974127636
101 80.22466536752647
102 -34.221844423898645
103 46.568044168395
104 -45.85724771816285
105 22.52636286675148
106 -8.296254402483704
107 -32.55679693485991
108 56.32987846668159
109 -49.76919182810796
110 11.3818320313507
111 -47.541942751256975
112 -25.356505752810524
113 -30.20829412596169
114 -18.463357099737063
115 -80.2214670012891
116 -3.5399204882734305
117 -20.000014394939868
118 -26.328020558383457
119 64.97340414349743
120 -63.89712387667895
121 97.03847317066077
122 -52.18835000519472
123 57.97387693544221
124 -12.887498102959666
125 16.498037059346384
126 -0.671379931343874
127 0.0
