0 0.0
1 -5.083546823339336
2 18.49776406005393
3 -24.866775191266143
4 9.814475466656956
5 -22.133130972102876
6 -36.67498063331159
7 30.826088349619358
8 -32.04834872794335
9 -11.0809275199863
10 -3.344916581916218
11 5.99262443206372
12 -40.036699966635254
13 -30.591667078914757
14 14.308886795648098
15 4.823372355121746
16 -27.67299326518737
17 30.69467278168619
18 -63.38878206571457
19 40.72619659716648
20 -62.707901543288095
21 -20.2941319500795
22 17.243983598401364
23 -32.43723402409557
24 79.66895859971868
25 -33.903215447252336
26 20.28159118197938
27 41.10449416973504
28 -45.712767220694275
29 43.35685182263281
30 -9.814022620931562
31 31.561214571935775
32 -5.196702613933848
33 -35.640100688676704
34 -39.515158805887424
35 -54.284430082258986
36 -64.49192513307526
37 -35.15114641585224
38 -20.85865777448337
39 -98.77904591319388
40 12.437490054746775
41 -25.983698771771557
42 -16.52262829054965
43 17.71103738821755
44 51.58049909049035
45 -29.35947952179717
46 64.42243279421827
47 -8.315363997370609
48 7.328084579898952
49 65.58657333615312
50 -37.8775345779139
51 84.74258932087145
52 -1.93403791884644
53 30.157271249939086
54 30.935769375132367
55 0.46989034981306904
56 21.581681483836444
57 5.536217970876636
58 -1.7428948111695222
59 34.150431043556935
60 -48.88416069804482
61 15.228851924680894
62 -14.574154343167068
63 -63.96786142683057
64 16.22438011491273
65 -18.72350662037726
66 -39.621410515089806
67 -9.807795804613699
68 0.9164180433694249
69 -14.826234162927953
70 -31.538612227348246
71 24.770495672964273
72 16.52242545514977
73 -18.452347977743276
74 16.771719429590473
75 16.971641812275188
76 21.6483274958458
77 2.6934242107867687
78 47.491910178502046
79 -24.13421888673064
80 49.941233418020616
81 0.8986489193681936
82 -25.18727793315651
83 -2.8171125562156045
84 -18.677221244948957
85 -10.363483037187441
86 -23.322771344555804
87 -4.883970823884752
88 8.181519441173226
89 -11.971202573874722
90 -1.3085287708399869
91 -14.306196125728258
92 15.050188388633382
93 42.487593327200216
94 -33.211222232860166
95 48.31157158884736
96 6.365297599721005
97 -15.78557821005427
98 46.45745726515719
99 -6.899128436250584
100 39.54039548647665
101 -38.55261673866766
102 7.307726177831468
103 30.7541683765207
104 -19.312619663557708
105 25.379610204172767
106 -0.9292872236039685
107 -18.20623697321387
108 -30.23873024252594
109 -28.2754869918298
110 -59.927938921806685
111 41.76096219688548
112 -134.80146704704916
113 56.05063877063112
114 -94.14068061699147
115 -14.293658144530532
116 -48.934972056882685
117 -14.70257746347054
118 2.9424735655415772
119 -16.463225102439758
120 40.81353888891563
121 5.219321057255988
122 2.645893983371682
123 29.736975216145723
124 -4.557088286445633
125 17.309550575768633
126 -0.15285804587753035
127 0.0
