0 0.0
1 -4.637456565818526
2 11.946034499018927
3 -19.922602843877847
4 5.395110368865356
5 -9.635540426173549
6 -23.0047303388694
7 -8.77673017271853
8 -29.42916612317214
9 5.385943595910199
10 -45.93664347681315
11 74.81795478677347
12 -107.84507972000159
13 80.02928577004307
14 -56.17808029484149
15 37.01286496213661
16 -27.193230024132134
17 -29.79898842377631
18 11.608265557310677
19 -48.504374777220825
20 40.404406549105275
21 -84.89030680232895
22 41.28138607255145
23 -56.781565668590005
24 -2.4022049503530836
25 23.31034138266851
26 -36.74445284300611
27 -9.00742678411826
28 10.329998918842104
29 -22.05850308342207
30 -18.643676746510277
31 1.2714371880036046
32 -15.799413639271025
33 29.23913058816426
34 5.23682782121647
35 50.45354840193877
36 -15.234647790579556
37 24.764539056082622
38 -19.597482250832503
39 19.858035158083904
40 -11.452771854778613
41 16.22727017629463
42 4.900424914805315
43 1.6976624161267504
44 20.236514208433345
45 0.4593885562853612
46 20.950867196344543
47 -8.372907352017894
48 3.6606074220131712
49 16.378085404836558
50 34.50717902305932
51 -28.16964076237194
52 -20.9454024993937
53 5.276825400929798
54 -61.30602944635755
55 9.175542221867708
56 -3.669444488611531
57 -18.818442836469785
58 -21.42800596842508
59 -27.903041515591166
60 0.8458252724804924
61 -24.630698572964626
62 -36.35555164593752
63 21.413885302169
64 4.195468277605237
65 26.063903846852494
66 -2.3229927092191356
67 13.103527461111854
68 2.5628528351280777
69 -43.7307041146298
70 26.298777065974168
71 -18.42464397529976
72 -26.438487413182873
73 -31.097434393761638
74 26.041903632975885
75 -101.45833760289372
76 31.84705930268867
77 -50.367431320550246
78 7.178145703542139
79 -37.6227152102202
80 9.856654842541062
81 8.335251027709266
82 -18.402483693768335
83 -5.678956209594066
84 18.8576892863216
85 -28.056046210051395
86 56.26763259828198
87 -40.45643480025323
88 52.39803237944155
89 41.05436425151713
90 -14.004304872025513
91 65.15392032563305
92 -48.76374517231588
93 65.30288137947316
94 -40.23808834495872
95 96.87439773288548
96 -86.08078480016727
97 41.619004844061635
98 -44.25102036524325
99 13.421256397281711
100 18.055161668333408
101 -50.57652732313628
102 60.30937952706593
103 -31.753278854315383
104 -17.34333534015058
105 9.015781939244546
106 -36.86914075644356
107 -26.62327844749147
108 49.22405852292208
109 -93.29139833015992
110 -2.6495672345642607
111 -18.024902643098056
112 -81.41530794223095
113 46.74201809342197
114 -30.408749447747788
115 4.406230978600522
116 10.724822058098944
117 10.912741246230802
118 15.113595731144503
119 49.21897158393186
120 -6.38019712437385
121 71.01509323907743
122 -30.196364572305278
123 48.27875805132202
124 -6.793783565996461
125 8.945460423087459
126 2.5138334853114346
127 -0.0
