0 0.0
1 -5.013410830731514
2 11.824976287964134
3 -19.013413447850297
4 -2.55110479452129
5 -6.169904208355151
6 -13.071636210312876
7 -29.511196878484252
8 -50.29138528011224
9 19.963340620621004
10 -42.84347205081544
11 -12.729015619554664
12 29.26933421218527
13 -14.913643910027858
14 9.151062359934981
15 -26.433473148422188
16 26.697458517476832
17 -31.011231164479835
18 -41.86413604856898
19 27.040185812673645
20 -16.887030365798434
21 40.20601838928573
22 -33.10506947285587
23 68.20869449057894
24 -15.01487524948896
25 -4.891282171120858
26 17.52493250792213
27 -33.624783221015164
28 11.407623938641235
29 4.328472849326216
30 17.19041769292105
31 -46.64105003279083
32 32.1929188620707
33 0.1768708756475892
34 -20.14855239366502
35 34.429265207910625
36 -5.778480467556948
37 13.831505050500567
38 11.348385605013965
39 -27.524208945363643
40 -11.774836756138015
41 16.118477753497242
42 -28.96946099808304
43 -2.938722652501745
44 15.719721025909443
45 -17.685652383781292
46 35.6504774634332
47 13.088713064712746
48 -50.98435553528021
49 93.63023076518003
50 -52.586234380455046
51 40.75269040483355
52 -10.544862552944974
53 5.181704315108103
54 16.858337358941938
55 0.8145602834481055
56 -33.237398476320266
57 31.278615603122713
58 2.4812960604709215
59 -50.3859631769686
60 39.13060200684783
61 -45.91150156997495
62 37.25370875435645
63 -19.889164456104446
64 -20.7650842926994
65 16.240881223762358
66 -28.3676874590073
67 30.144381956979927
68 14.770347235825708
69 28.489899047628292
70 -45.78437839002986
71 26.18164899677894
72 -14.030139052394407
73 -73.34187180387875
74 69.98323466220944
75 -86.51377087954005
76 50.354552993870726
77 -40.30690941986704
78 -14.31697090212395
79 31.733434388633988
80 -47.15446444569387
81 77.58098769652212
82 -23.033442566023794
83 43.85728940755929
84 -49.14402553002705
85 17.917883072887484
86 -19.853773272405338
87 8.66996467854028
88 -0.9553104088742201
89 -41.78559511870548
90 31.544525804195946
91 -48.36683465508205
92 31.89476564193422
93 -25.55821896600864
94 38.9690797368676
95 -44.86515807513335
96 6.574554398760368
97 -5.4314644999060615
98 -12.874068219364911
99 0.08209139809143105
100 2.537695386330955
101 -14.189543228903112
102 -8.80079088192861
103 23.472352448852043
104 -18.1733608531377
105 35.6180944310353
106 -6.610776686416336
107 -29.937778234968775
108 45.31434171072463
109 -25.521312779659205
110 26.395284237400034
111 -47.55959200593393
112 35.97407698592163
113 -25.287093333933395
114 -40.28605658659167
115 41.10276067051832
116 -91.20176487460216
117 118.98476298251275
118 -34.26706876947866
119 60.50000517447293
120 -44.47027363778775
121 47.99897183829089
122 -16.674763145201474
123 22.153858838626206
124 -10.53801791160145
125 7.924140575829543
126 0.281927005891963
127 -0.0
