0 0.0
1 -3.6215338612952843
2 13.044935410495539
3 -18.548218039450543
4 11.009742632315099
5 -18.61494894446551
6 -8.706292048361227
7 -33.60067028200315
8 -14.823137593699034
9 -22.01546607885208
10 -57.80751551363576
11 4.066274824199837
12 -56.48815394341421
13 16.594236790959027
14 16.821488295594573
15 -21.89809468864962
16 60.71873391488262
17 12.544126059267176
18 20.504752070739663
19 3.168292484563778
20 11.911862975889248
21 3.0921917464937008
22 20.260856829184018
23 -26.971090638572154
24 -18.928259447241874
25 -31.465734211887426
26 -4.513016875301959
27 -46.4962591048549
28 -32.2243965020634
29 41.51065553473604
30 -91.28203113290424
31 50.858916306274445
32 -87.98065566915322
33 21.55180373512128
34 -11.891017167225105
35 -33.04261051615544
36 -4.462965674066271
37 -32.77136040396803
38 40.53487420971695
39 -1.066376847778991
40 39.025466389421354
41 16.747092137561907
42 3.175993941046047
43 -40.25046252901298
44 38.72809268640396
45 -55.8629060461237
46 4.987734514155102
47 -19.273026325841137
48 -28.04563181580412
49 65.69533220611402
50 -34.67342192390138
51 63.35392212677792
52 -40.03690425383896
53 20.970895633740014
54 2.570156224750198
55 -49.29414217167658
56 31.5943924968091
57 -85.50692023647365
58 -6.419722739580617
59 -4.478763803990808
60 -22.11680472190269
61 35.022677387687786
62 -76.37076532452662
63 -9.327478448524571
64 -39.013498555157106
65 -15.449883103783703
66 9.689204629565683
67 -35.442111690117976
68 36.816544144247075
69 -2.302586605647287
70 -8.426224615935373
71 11.357352238123784
72 -16.304231468986178
73 55.42433890144857
74 -47.36735122185741
75 8.297989774983552
76 33.7887522174579
77 -45.763891006699566
78 75.02574767158237
79 -28.127552547906884
80 42.184057870474575
81 -20.991084242959776
82 -2.5540315192821024
83 5.423418898250626
84 -21.520600659585515
85 27.242673890490433
86 -16.906681652361904
87 75.43958811949575
88 -29.13953955255845
89 59.78154196852982
90 12.916086701084291
91 49.655459408674616
92 59.442720535139955
93 -15.796849789972514
94 32.38164562878982
95 -47.380905174129865
96 44.19185561008871
97 -25.15810262525884
98 12.150441942114526
99 -0.6787549849587179
100 1.540273698901109
101 -19.29918937100418
102 12.458397542260814
103 -17.374757502239135
104 -28.11628426996161
105 -21.17019586717895
106 -8.156856727114148
107 -7.661642673383937
108 -47.30777897893397
109 -1.4880943663969646
110 -82.53517148015524
111 30.343504809428644
112 -49.34733878958288
113 -2.745090512844081
114 -2.9106053699254866
115 18.0387226331385
116 11.487269948679465
117 -20.2978003549623
118 -28.43760425745609
119 58.22069735984576
120 -37.036392918341534
121 47.52940888284002
122 -2.9587075892902615
123 32.00281206561791
124 -2.0370460442230427
125 12.074417827591947
126 0.45342921332366515
127 0.0
