0 0.0
1 -3.3061158698025532
2 9.89126297683275
3 -10.221669590536427
4 12.391516507294785
5 -8.627324897840843
6 -23.964997107182143
7 27.831121298427426
8 -84.54573490710081
9 8.235867739917513
10 -54.40625968187571
11 -58.56179297038899
12 -35.37488020076871
13 -41.32803216562024
14 -31.747505169293973
15 -54.08522562373317
16 15.051472545284449
17 -80.48852391293778
18 1.0994206254081818
19 -38.35422303022104
20 -17.958680612696178
21 -2.3533218587451645
22 -26.360932185257496
23 30.55829114168362
24 -15.253443403214272
25 56.85702337303501
26 -12.584490846479728
27 58.55265061199092
28 1.494620014564493
29 61.38660533068621
30 45.7773133468353
31 -29.06298342507015
32 66.77479944003713
33 -29.571079775323692
34 61.45807909746856
35 -55.735357943492815
36 55.25810779897311
37 -29.53601206033489
38 -8.447131610890347
39 49.273403913910755
40 -35.63690315141839
41 65.59017788907443
42 6.16095244436051
43 0.6998839477907134
44 -9.19316843845962
45 31.858346457323673
46 -15.415178648836621
47 -46.98237661125708
48 19.895795484063665
49 -22.28212546327168
50 -6.82065414209713
51 -25.27558336648568
52 -7.97730760253465
53 -3.9958416977107367
54 -44.968737092959884
55 36.48976969689037
56 -19.3248326757592
57 18.690384556813033
58 13.68299990332224
59 16.754622122053863
60 23.874672828384394
61 20.755603732063637
62 69.82998960658009
63 -1.812862812469587
64 15.765780850124822
65 21.527694987838693
66 -1.2870418644921875
67 17.558459771540228
68 18.579054131614264
69 -9.798990503350009
70 15.200446195847476
71 -14.246904155124861
72 34.993204391551245
73 -28.08318108038462
74 3.3081045926190966
75 6.418581290339309
76 -43.584250595315666
77 26.912312022165313
78 -39.02593163360689
79 -10.82955741394744
80 -1.2971472465209108
81 -31.492803214693296
82 -59.509371964241744
83 27.87240658958986
84 -83.06099199091591
85 32.9960333722864
86 -88.1608016534581
87 -5.709296569162623
88 8.085396703968849
89 -26.660515317898096
90 61.09290907858546
91 -42.06492859546484
92 15.582483142738306
93 3.5030169806356564
94 -37.02917877014905
95 11.958881923046587
96 -49.432989974491136
97 -15.339461437623285
98 6.663750905520892
99 10.924726592940585
100 -22.829989639084822
101 -11.204417320243135
102 65.29700666668327
103 -59.726213271641655
104 38.255663830869864
105 25.808498752610312
106 8.878116110110959
107 -6.640107723616131
108 22.43085937447533
109 -3.970171618033049
110 -40.331413352203235
111 30.261252540244296
112 -58.728624958414244
113 9.679609665012803
114 -35.39557799161563
115 -14.718935098846101
116 13.68037969757402
117 -16.827815231631977
118 37.47819241808755
119 18.739600450359898
120 -29.14605064083392
121 50.43049402808886
122 -34.28085565316668
123 24.743185765774435
124 -6.3180930169373335
125 6.203394718287079
126 1.0183076235985091
127 0.0
