0 0.0
1 -4.0676266254321645
2 9.229518536659908
3 -32.29738617383176
4 8.858589586770337
5 -53.990761895911625
6 -18.1905129527428
7 -25.78538656476746
8 -48.862859932972206
9 -3.1684865778172466
10 -32.882512194142365
11 -37.05180316145919
12 -31.866982213188248
13 -27.35920303029211
14 -63.40012739020313
15 4.519386299316362
16 14.24049571277894
17 5.483430338190834
18 -24.396450466440047
19 23.8999885054572
20 -23.75925693290974
21 -8.605147286518177
22 -23.565110006465243
23 3.8610775827711787
24 -7.745662762463989
25 -1.5885339138145562
26 2.0584671423792815
27 30.451914190741036
28 44.116780401745494
29 -0.2689318193499742
30 10.709243096348674
31 2.2212453171663453
32 0.9391404221853431
33 -3.6148389288310625
34 -13.870795334398814
35 -26.122568147444944
36 13.291236424425978
37 -43.2341757286476
38 19.179564700810776
39 -60.75878648854676
40 55.6288686405509
41 -22.645808669248186
42 6.699522418993062
43 38.380071119304894
44 8.22994518829889
45 21.854093673375797
46 27.46677417417702
47 39.41386050932362
48 12.263621790870705
49 62.056028435542466
50 -29.55462633170556
51 37.433523453194226
52 -20.42497991186311
53 3.989390500052493
54 -1.1568741845029795
55 -5.833876645013205
56 -12.661949694153744
57 16.33420998877441
58 -9.289754279291339
59 4.825989278938844
60 -63.12074632663786
61 2.3205501140222444
62 -61.25354899789911
63 -38.444691635188796
64 -27.481500024551828
65 -46.00539802222051
66 -36.35026174289862
67 0.7215505964132721
68 -39.38736526618731
69 -2.623848945276537
70 -12.27148913315975
71 -32.547898705206975
72 57.003462979821855
73 -4.880577146278648
74 29.61424022337357
75 -17.170579962545297
76 60.89415568480256
77 13.529986343442301
78 17.695871091323067
79 8.682375600257949
80 25.5309573470336
81 30.406756587720462
82 57.73097138726302
83 67.57675329505432
84 -19.115415487401606
85 69.8650314840303
86 -33.87699938490267
87 23.34452488574657
88 36.02151414391742
89 -44.34306146368439
90 40.65849552453889
91 -44.38976791564366
92 3.919661245592079
93 -14.419413448660215
94 -13.671226403395382
95 -31.622589539570924
96 -15.467800009608844
97 2.7357252255003175
98 -40.47478956113758
99 -12.042370450427004
100 -33.15558181372852
101 -20.37652327119869
102 -9.890878562841573
103 -31.15054806351113
104 -18.737663128966833
105 3.627053964831312
106 8.03061787115792
107 -30.14182660778071
108 29.5102672810508
109 -63.552871089352614
110 30.28863672455339
111 -11.303507461571133
112 -27.11451284663922
113 75.67934288510753
114 -49.86221338154063
115 62.4368886799107
116 -34.31225405425758
117 83.04235322054176
118 -27.10937853312348
119 31.323484010172926
120 47.967113982431016
121 34.4083710196939
122 -4.843312296149474
123 33.39182398464648
124 -7.621310483613379
125 12.217232818190563
126 -0.03415792128170036
127 0.0
