0 0.0
1 -4.368966478762798
2 12.448665430458286
3 -15.297909004801022
4 11.401465550672832
5 -7.796851852954904
6 7.487056774930164
7 -0.2693046550703504
8 -25.923208756179076
9 -34.394217524443
10 -3.668112587773489
11 -49.528848039477104
12 -44.947562638550274
13 -20.092178641228333
14 -50.092173324234075
15 -25.299701994204298
16 -3.3326235343367565
17 -22.238958446314328
18 -13.198846817014152
19 1.2792361242372914
20 -9.557478040545798
21 7.743516149759125
22 -37.36734275071988
23 20.185721571634453
24 0.5840298086345318
25 -0.45761326130273844
26 -13.322266209533126
27 10.375196405268403
28 -17.724511874296773
29 20.808203919598874
30 -54.24138947793044
31 41.9144612537169
32 -40.08772111314212
33 8.509026538452902
34 15.898530560961243
35 7.023498933734864
36 13.983537536270209
37 -12.054082306864176
38 16.779540325728927
39 -26.35570474358029
40 -14.49149343096453
41 -37.203935072744514
42 -22.469458091336573
43 33.06079623014253
44 -65.33242318171445
45 54.67312962138
46 -32.74638247573155
47 -15.051433531106156
48 22.873085333914066
49 -33.9276290371088
50 5.253238151359871
51 -20.13750986166144
52 31.750072129454512
53 -25.57654085272502
54 37.572725902759906
55 -6.077276871419306
56 35.422670797687296
57 3.2782441747026057
58 64.20556302140707
59 13.299111754789733
60 64.26140279482779
61 29.663856271682874
62 -7.991160639944567
63 27.26740614009262
64 -38.796769400484315
65 62.09858604355224
66 8.863016978384234
67 8.350711255661196
68 -0.766351511172672
69 1.14595885046052
70 -15.727606090722306
71 -55.68670942444191
72 36.227495225292074
73 -46.8201359595421
74 8.086224602428167
75 -28.00959680692035
76 -0.6247738457650106
77 0.2421622970059932
78 -69.93596989827071
79 59.88206736857126
80 -72.35526334382035
81 42.41434776867805
82 8.42626940723884
83 9.671057281494312
84 10.741333251903425
85 -12.299865106562212
86 42.93497265900503
87 -28.152624257474283
88 45.777449977176865
89 0.5768919857339091
90 -22.27426760629317
91 -19.587185111623278
92 40.95583848018726
93 -55.20567723800813
94 27.324184093246252
95 -0.36562158165874303
96 -62.63279974052399
97 54.939134505792374
98 -21.870087651806234
99 6.440625990182085
100 14.048733564239344
101 -7.658622813699176
102 32.89136484006559
103 15.095599745693415
104 37.981925460687535
105 -6.915080324437092
106 2.680992694602255
107 -15.74088834660674
108 -7.125053171828777
109 -13.724557510028252
110 -2.4856244810739763
111 -35.77462749885426
112 -24.526334300403356
113 -33.51241768863512
114 -30.97649263657077
115 -36.09185905162336
116 -17.757319470203914
117 62.58114813685669
118 -66.08419511849793
119 35.9504727248499
120 -20.960403945834496
121 14.889238709023665
122 -7.735137668257887
123 37.758195445558634
124 -5.766736295215542
125 13.625411091021046
126 -0.46263455579456886
127 0.0
