0 0.0
1 -4.361103936847614
2 11.425996840587862
3 -22.569029533962812
4 0.06446919020142806
5 -7.836411205902707
6 -7.942119400101119
7 -22.713448677654153
8 24.666567946673116
9 -46.90915227411468
10 4.221390739681443
11 7.264607632670873
12 -44.169055285835306
13 18.606819865813655
14 -2.283797400841344
15 1.235684331935182
16 -20.282122825705766
17 28.122602190224036
18 -20.833210999623486
19 63.530316959344034
20 -64.87082826050411
21 69.29381053808261
22 -56.83375668330517
23 26.408036377232953
24 -8.219349836453013
25 -42.58489321415526
26 9.785190926728538
27 -33.07470604488525
28 5.450383736925512
29 -35.132629408964284
30 -36.854832674028195
31 -10.781823778997012
32 -14.685005690518972
33 -37.24984838175937
34 43.32351374489501
35 -50.48296572586927
36 13.213847547234073
37 -26.151756247696863
38 0.0033637288563457333
39 -11.55970671209742
40 -28.237291391590677
41 13.532289051998298
42 12.412214954452345
43 10.731840905800532
44 28.638293065497717
45 26.507208449455888
46 44.71447442744076
47 37.54570220874122
48 3.6803002652382837
49 4.0270141868014635
50 -12.262995639724192
51 -2.1849739884426183
52 23.99881016304439
53 -69.09525720123546
54 20.72559976327892
55 -20.885801500556244
56 -19.678095624893864
57 -38.9296938118122
58 -15.86092362983539
59 -3.9386949294559286
60 0.39141465698322514
61 30.183082309783693
62 40.41001717767114
63 32.96396245791834
64 18.481047229842744
65 47.876791159662574
66 9.792129792863845
67 20.293693583937838
68 29.199923430460032
69 -6.365593042016414
70 -22.65285233061593
71 -0.6458896580316029
72 -27.621971780144243
73 -39.45332021781058
74 -3.175199356203262
75 -43.63551266813995
76 -48.154748755211465
77 14.959755958245218
78 -34.116296323491355
79 -10.58658611521479
80 -48.99126452977081
81 -8.943613231984616
82 -72.83404960326942
83 -31.25710295796861
84 -42.7580953498266
85 -32.38452540270182
86 9.046683925749244
87 -10.346495630734877
88 39.345902050509174
89 -30.113917997745446
90 73.28817676181151
91 -0.2329597011809271
92 36.10661189916861
93 54.787317120462106
94 14.371424864589885
95 44.70534107711323
96 -1.7452813657052726
97 25.060082168087405
98 -36.61749301673577
99 8.826887126280601
100 -34.64290750136851
101 24.231276749075988
102 -32.47963763060321
103 -5.089810936946959
104 -58.24892241454516
105 34.12935172919105
106 -56.539814628354094
107 -29.846252453852674
108 18.467835949495203
109 -44.12754422731469
110 23.09614171630618
111 14.049203195661041
112 25.321751177007165
113 46.97626166516497
114 -5.9488338170603265
115 14.824577356970988
116 26.547834759532428
117 -16.512565366192256
118 5.7227997114632085
119 23.293857654401567
120 -39.748055993815925
121 27.337310472655336
122 -9.87032672329378
123 21.73840797768103
124 -4.4080385272831215
125 14.27635381763694
126 0.22246951222057781
127 0.0
