0 0.0
1 -5.005602816093287
2 15.059369762347462
3 -18.44138821157519
4 9.255962739569718
5 -24.207229134354368
6 10.786623008599312
7 -18.710019146307552
8 -39.130288826261356
9 35.52670460750567
10 -44.89227815001898
11 3.948721573847592
12 -13.20459704058959
13 -76.85339335962365
14 11.114672455495462
15 -44.525470323923514
16 3.093375974584597
17 -4.833870797990901
18 -55.491358647566905
19 30.023265765223325
20 -46.325617136171694
21 -18.526283067564638
22 3.1007836534682114
23 -58.34817336983739
24 24.274328199255233
25 -12.970815879146512
26 -34.59231797684973
27 34.7343010431091
28 -45.51565606405094
29 -33.05863372261395
30 11.279717089804267
31 -25.609897977784534
32 -18.173517039445255
33 63.98751040652197
34 -7.992764541397986
35 9.475775437570675
36 21.289664060942815
37 45.878214680973
38 -2.3998988438640794
39 -3.605900173663865
40 27.903401851849363
41 2.12684456418785
42 12.848169660779941
43 -0.5313187661552423
44 -20.018036705316813
45 -2.2251616744144243
46 -1.083341794135276
47 -48.57356733600957
48 -41.583178625173915
49 18.66148551996379
50 -57.735439801054014
51 -46.16408559484575
52 0.2675739993482943
53 -31.521439587078685
54 4.845323578702667
55 3.3033471754711035
56 0.9256001847212045
57 6.723744412416202
58 26.17531765048217
59 -0.12482794916341085
60 26.663244079408756
61 22.623554829313782
62 -33.798148064890775
63 -20.910032655807928
64 -25.41254632417669
65 -19.987657973457384
66 -5.8370846521598105
67 6.785628648808419
68 6.803834956570764
69 7.299923339690674
70 18.207588648982615
71 -6.232528435524504
72 54.2458906082704
73 29.801100619906013
74 -32.31733797904454
75 75.31131849717508
76 -62.528019389890105
77 -4.7874219361924935
78 23.756734109574662
79 -37.36515185481595
80 23.84418004196295
81 3.895060413467011
82 -7.8427365210178515
83 2.8943673284937046
84 6.1695522443614665
85 -14.787964773387555
86 10.665983586445314
87 48.17124482413093
88 -57.026536587636585
89 50.56324676913915
90 -18.670426923646293
91 -18.809773297746677
92 57.819707934934414
93 -74.55344885370998
94 23.696290963929915
95 -38.006386042041676
96 -21.74378635080172
97 -0.6397096942997466
98 -29.663982534646077
99 -31.524646668066957
100 18.92774794049826
101 -37.424553469547284
102 36.73546738316571
103 -23.493172588515893
104 55.882702296449345
105 -40.863596812245504
106 -13.763659898307129
107 11.783973486034665
108 -57.989521380059536
109 33.26290401325744
110 -11.937873432968399
111 -31.814015330529816
112 14.792193781044944
113 -9.038238082322204
114 31.58063782267279
115 15.376177394567316
116 -7.002880987372174
117 54.17322483215025
118 -40.29622017697992
119 58.44180227593594
120 -30.41447730822797
121 77.11521294915826
122 -45.20321914005257
123 64.31872880377088
124 -15.74558628577299
125 14.182467334653317
126 0.84034039112534
127 0.0
