0 0.0
1 -3.699810167716758
2 11.56972554164108
3 -23.196879528433524
4 21.940890947003762
5 -47.226845425846435
6 22.916559543115905
7 -60.930324041702576
8 -49.72371663831422
9 19.768382821946343
10 -39.09822932375671
11 8.686433884690425
12 31.631549406253885
13 -26.890080907053612
14 35.94805670122543
15 -84.75279584135906
16 42.00500866413196
17 -30.42367104388394
18 -6.9131415034160995
19 9.052178416729939
20 -47.844478706974684
21 45.5710259504204
22 -46.56468974761915
23 40.40999521707352
24 -17.61686974802272
25 -3.081464727593395
26 -13.112104693734741
27 -2.7953533559798354
28 -36.9567321148527
29 21.956214252923647
30 -68.99683546389448
31 8.117563603244328
32 -75.66298391858047
33 -45.17076846020173
34 -15.550076052235328
35 -71.48249911542881
36 -1.9749915015680548
37 -24.361523728071575
38 27.1012159383601
39 -16.379072031875427
40 -1.5897559401246681
41 75.43592120290253
42 -15.781513047241372
43 81.14720318491013
44 -55.781756224441146
45 51.33095830702159
46 -33.05520054921302
47 22.18783622095599
48 11.293936094722753
49 -39.74871976013696
50 51.05191923693826
51 -90.57609227921452
52 124.93908812252458
53 -60.08226312567394
54 44.52716688918533
55 -11.504743462350223
56 24.890696553270566
57 9.550569544602574
58 52.98281287793968
59 36.90167692050447
60 -5.3199392258367455
61 67.23419257834254
62 -21.31285465456354
63 -7.519984872858609
64 18.343646104037862
65 -34.12866973889988
66 -23.273189907102807
67 -11.008092905379339
68 -33.709846535615036
69 -14.441678733983963
70 -38.860405526228654
71 -16.076376483405923
72 -53.724276499302896
73 -2.590649288620501
74 -8.73370523020115
75 9.925276398074182
76 17.557897137722332
77 -16.300165485348188
78 40.40989960340773
79 -0.6534627398141006
80 -69.61915138680264
81 84.16341015631865
82 -62.98602897576138
83 64.62972967908146
84 8.28030706865705
85 -6.950497399453275
86 16.156833875674007
87 -11.892861351070081
88 24.91159380499663
89 -40.287154542087166
90 25.12315514631081
91 -40.68764164915514
92 52.055665581161314
93 -74.98117568997823
94 49.50195016165238
95 -46.36225379624951
96 11.026862940478182
97 4.361672905491956
98 -58.546746766963544
99 114.28235735566764
100 -100.96895273869079
101 86.2220666401967
102 5.262305422698311
103 16.218001518162602
104 31.56627930447929
105 -38.430128226831584
106 35.847600618868924
107 -56.81126140564946
108 33.927760739162146
109 -64.83756610158342
110 56.112591294230384
111 -51.5519626340152
112 -14.743042064911165
113 -19.318333241372365
114 -28.847242644690436
115 7.496560594871679
116 -57.77848561712683
117 34.13907168029352
118 -59.54786927692538
119 27.690266774461044
120 -34.26085711529408
121 60.09225053890066
122 -19.26962530658589
123 53.922618276320186
124 -4.200670174358136
125 17.270235778905498
126 -0.023500442764583854
127 0.0
