0 0.0
1 -3.8868749231451702
2 10.326668088662334
3 -27.52152619056011
4 10.94646271086357
5 -55.153331400953576
6 14.632000367529889
7 -81.77490516107743
8 37.793959373559304
9 -99.04256587261933
10 35.893161082045296
11 -36.38442484805298
12 -51.85188224936662
13 6.415715702650768
14 -8.123183806042725
15 10.340088820528822
16 -38.567899553825455
17 24.0659387745794
18 -25.006486146760192
19 59.18303584148307
20 -63.31668531858852
21 39.591881785875245
22 -56.38051687807781
23 -49.12641812804452
24 -24.009005248100124
25 -29.575348072543786
26 -75.57664338661893
27 21.649390092052744
28 -35.338728612479464
29 3.232025894591642
30 -4.498770679605539
31 23.868281728059216
32 -27.159202398356804
33 -9.82084822935268
34 -0.16801350661233685
35 24.037845839274258
36 -16.895401826959795
37 -9.695748333168385
38 -11.12204545575214
39 -41.633546179563425
40 10.634497447369183
41 -40.62230504638927
42 33.680464174591215
43 -26.914561127139436
44 41.84751339384581
45 -2.256404909374138
46 31.291807886440523
47 10.272363580081493
48 -5.30729065528486
49 15.179710991560878
50 36.972549767161965
51 -46.46052716292875
52 21.94682550359969
53 -47.36912838549261
54 71.5894304894414
55 -45.28048854752542
56 25.445499779507408
57 50.535157891795436
58 -0.6403668068071583
59 22.056532355884176
60 -12.670054656885704
61 28.75667147108944
62 -62.12891224553468
63 90.76962899452064
64 -34.17919830219191
65 -9.895225643029546
66 32.97601748159433
67 -35.485636308272674
68 -10.927141558589133
69 5.4887156948818125
70 -91.85396779139428
71 46.540308267468426
72 -38.12714515550021
73 -26.67214652158002
74 -29.72530087528816
75 33.50346160206466
76 -1.506085868340336
77 -15.051557941707616
78 66.90700717728603
79 -11.20709193876523
80 33.22565076909084
81 48.17233470781054
82 -21.906196682356576
83 23.530490952048382
84 29.853458813498396
85 -48.84394405779285
86 76.36662642525182
87 -106.3008609237251
88 34.18474701506059
89 -44.20643163931086
90 -11.625383331712388
91 -20.361459597466087
92 10.605313183132639
93 -15.547459210456308
94 -18.617989379742312
95 43.27350539942214
96 -22.842830819079353
97 32.49002812101536
98 -27.41376871186149
99 -9.064705616189741
100 27.614781211163216
101 -28.456653310745452
102 11.293690517309134
103 28.265265969337417
104 -14.698427547753537
105 37.270348367048975
106 -18.84999183051333
107 31.334804019229082
108 -1.056083246493992
109 43.19428888776619
110 -45.02349324941809
111 32.982302408948605
112 -4.541404294915553
113 11.122120807848683
114 63.42722776061241
115 -53.579979755401695
116 52.0817468526398
117 -22.8251814420501
118 13.246004477538978
119 9.32795347719854
120 -22.0344482373424
121 66.18218239730686
122 -55.99193549756993
123 62.28569043641015
124 -16.18882060328858
125 16.559553670496047
126 -0.2708713544495747
127 0.0
