0 0.0
1 -3.4452695844351555
2 7.002552782746609
3 -20.356195230613668
4 -1.6268956796745957
5 -14.532068322691988
6 -26.781297527708002
7 -39.065822203148244
8 -3.4003542203251107
9 -66.03074355897566
10 -4.035061038464457
11 -72.88922886895273
12 22.590158033515234
13 -57.2575769999793
14 2.380392587463179
15 -9.29533681536961
16 -47.239502422856
17 19.779076929403047
18 -6.18369897448434
19 -10.305280649550795
20 7.687105013919442
21 36.27187276447614
22 11.58193876111012
23 6.845648647048311
24 11.020537800673585
25 -33.05409807945965
26 -5.076109894713579
27 37.365552142480475
28 23.05225518336738
29 37.0870510165863
30 14.545013949616957
31 36.38904183158939
32 25.42380793074668
33 34.830992537944056
34 15.25915339103902
35 15.66716182739699
36 -3.6160784751500126
37 36.60269991827325
38 -24.786973127167098
39 -13.753244685659013
40 11.456488700603321
41 -11.063317619862321
42 -27.47642406873705
43 5.555107307631979
44 -68.50044777762861
45 0.2734783754022997
46 -16.0946987649209
47 -18.83559685893075
48 13.250773070219706
49 -39.46798582229506
50 61.86770664309099
51 -52.24075511749438
52 33.29014447853718
53 -0.06994353045823203
54 -31.48392437530089
55 29.158341201789998
56 -65.2463267292921
57 -0.8480993328381834
58 -75.14290992200897
59 -12.205640214089147
60 -84.65457369252275
61 -11.487457573401462
62 -15.635407715350551
63 -15.856905875472501
64 54.279272175725666
65 -23.055119889856776
66 21.976372462259942
67 14.869618909753054
68 26.43227321993002
69 20.345739594211164
70 13.856669670980724
71 -10.704322911877796
72 30.36363888373551
73 -36.42166606460596
74 42.64036057763624
75 -7.5711173568680765
76 -10.485778674111232
77 22.883544594772175
78 -23.533870761656257
79 -8.416482711785399
80 -29.440766393937814
81 -8.32873828615562
82 -1.694742462023929
83 -40.697179196236256
84 32.35444324198477
85 -76.63809208987742
86 -20.94688687078397
87 -9.459962910935932
88 -47.29704842612544
89 1.2898200066573489
90 15.009810015219367
91 50.383531016115334
92 -55.84558135310377
93 98.72890024998871
94 -53.702458928400276
95 57.343952597761366
96 17.49011327251345
97 8.817987704160709
98 16.8247666589971
99 1.747909255939598
100 2.946557280393478
101 -49.025496568766975
102 -1.818651806548568
103 -24.538108637717233
104 -20.01113567362083
105 -68.47455031710358
106 13.598423162627288
107 -26.06411623846323
108 1.1238788028622404
109 -52.429367931669645
110 38.78865413569034
111 -37.16430020026749
112 26.56545713304456
113 -14.7373563075384
114 15.626189209039344
115 55.91822964782535
116 -30.959596991751308
117 90.2621008939051
118 -0.7060633695467771
119 38.09876137376288
120 21.06287292567007
121 41.31486191126298
122 -6.040328722135862
123 46.187582781120184
124 -8.191247584015887
125 16.252630316218728
126 -0.8382946455383394
127 0.0
