0 0.0
1 -4.512789889710188
2 10.378322571868077
3 -19.469250366183825
4 -0.34401106876835175
5 -36.5975274942218
6 -16.148020339682457
7 -50.55360953511453
8 -25.504981206109328
9 -34.43627678541822
10 -40.399216049569866
11 -8.459619278258497
12 -34.39793896000348
13 42.61035142526632
14 -69.96260401560478
15 11.474228584222384
16 -40.294304576493936
17 -13.82862943571361
18 -20.066575025274375
19 -16.416560626703703
20 34.02288013797706
21 -58.714584078818454
22 48.829784537270164
23 -31.10127142010012
24 -7.847730403947351
25 17.604938551939146
26 0.9874468554518098
27 31.224580031760073
28 -52.587529334251904
29 99.8280105784664
30 -56.69836412534389
31 43.3648755024346
32 -23.87507660034598
33 52.25519374352572
34 -32.291890437989764
35 75.23419007654269
36 17.36754608194696
37 4.237642025595996
38 71.77958995525594
39 -75.47975451281172
40 75.9753957517307
41 -70.3711367357335
42 29.395217792795833
43 -61.88046449855149
44 -30.214383522522912
45 -19.133017366279958
46 -34.34503955769885
47 -8.757070095686188
48 18.453777316625334
49 -36.50809437945046
50 4.153510238287462
51 -6.075857941386369
52 -31.835731263676845
53 12.844100186642473
54 -35.877780088768105
55 34.472042576318785
56 -4.65077401043442
57 -11.659340334573056
58 77.1068288677307
59 -31.5426827885292
60 32.54109808102208
61 3.969420779436873
62 -24.334695057267467
63 49.16245612798768
64 -53.80511094193069
65 44.740683552102325
66 -56.35748607591687
67 14.770406929583643
68 -49.67769204433912
69 3.444305592597102
70 -15.49468126269181
71 -3.8251668671157733
72 -12.048083652425653
73 -21.897404518689733
74 7.8679664457800085
75 -45.23375570829125
76 11.788927326050443
77 -43.07391417331932
78 47.00884873644176
79 -15.992740067560268
80 -5.587605153965101
81 23.49985148905323
82 -23.258105020720542
83 11.368533857445698
84 -9.573832261371379
85 -37.36200994452392
86 31.94397980483913
87 2.0609813033305633
88 41.460010133775214
89 20.041492417357304
90 53.404899838427006
91 42.5975350225908
92 -16.14868401372594
93 38.67064255233083
94 -2.2856286590360457
95 -31.276275383187546
96 24.977483565867544
97 -8.384762742289423
98 45.56855727422466
99 -65.42401176621516
100 2.8327363266396297
101 -47.88858855059969
102 -35.622781461074695
103 -34.51407454578695
104 -28.226617745499773
105 -15.53322352456651
106 -49.39819896563605
107 15.976368725469138
108 -29.47337694645289
109 40.61064379363681
110 1.0268235772480905
111 49.644503251653994
112 -38.87180387034889
113 131.71134532189618
114 -39.3993700290188
115 37.46761901099635
116 -8.462717923019664
117 38.602070937227936
118 -13.79695283672295
119 23.320146802775653
120 19.987903280007693
121 21.434477509355954
122 -3.273328870053168
123 20.672244041705955
124 3.225403298771197
125 9.3353134207
126 0.3539623589864762
127 0.0
