0 0.0
1 -4.945338924405901
2 10.7748460607124
3 -22.55408538707662
4 11.288713389365958
5 -27.925989396278847
6 -24.46352827038562
7 -13.974050429963635
8 -89.4282000443212
9 -39.81245728096723
10 -58.30192725836724
11 -82.52867774074265
12 -48.5705629693906
13 -69.28540963154501
14 -89.85097112833839
15 -40.17814287569176
16 -59.46502991108529
17 -76.26758727923612
18 -22.60354370698479
19 -48.44174859687976
20 -21.180744912848986
21 18.014866524374973
22 -12.324550193463558
23 61.85703883502773
24 -29.173993609073086
25 68.8863271981297
26 32.881168549003746
27 13.215986423646976
28 53.49645223858977
29 34.79318977895515
30 -18.384915684182747
31 48.128837426744084
32 -26.611295176034435
33 7.588985974330688
34 -40.99828423003873
35 4.676154386329274
36 -12.776010735555877
37 20.29511348377285
38 -4.5247463625641515
39 8.04657630116681
40 11.63399308599471
41 3.0466317027607475
42 60.20813744313436
43 7.647332608935001
44 9.837109024907702
45 0.27056201256636087
46 12.996851960931098
47 -52.82312154092989
48 -58.90879151409922
49 -16.148951778644204
50 -27.521908011918065
51 -37.51446137456635
52 -10.288114143024528
53 -7.808192676291679
54 -32.37936854863526
55 -19.99278964448343
56 -14.338361015333172
57 -43.00411887290631
58 9.922225580769915
59 -0.23700091529051348
60 -25.67075320654951
61 40.99154563365363
62 -57.02579292261276
63 5.326342457726442
64 2.6059900206821824
65 -12.302301131130376
66 14.69790099650132
67 -40.09088118881058
68 31.614226102568317
69 -42.37756155454832
70 29.309151974887566
71 -14.743105242387779
72 8.825606929340596
73 -0.5540915073743546
74 19.590561904655093
75 -12.87653627076857
76 -14.479674449718843
77 -5.356319122112302
78 3.1521594785560896
79 32.22917833351467
80 7.497790879960021
81 -6.602391721590311
82 57.61038708062194
83 -49.73866006741048
84 51.69458915220772
85 49.091071669932234
86 -26.083625536721684
87 1.6342447129465925
88 -3.2705533739745634
89 37.840012208243074
90 -5.225338359422089
91 31.669367213833084
92 8.88575728504485
93 65.81643639348444
94 -1.9379738894975913
95 38.98529813194861
96 17.12549512156125
97 -17.231785804770436
98 17.727075727805595
99 -16.9132616809395
100 -14.333244230450223
101 0.431964468616418
102 3.4406280435124317
103 -9.796739502193097
104 22.699131506288587
105 -39.2216644288227
106 31.71649267393439
107 -4.151089937205737
108 -15.557243034432886
109 21.17770982670529
110 -20.180104234779844
111 15.88021243424788
112 -34.25185747725263
113 10.073340021377412
114 -4.464299129696495
115 41.291020190844584
116 -47.09739020366219
117 74.17356656711124
118 -39.65164234566047
119 93.10355826871606
120 10.303176346945161
121 54.515566890481054
122 18.444285919802056
123 25.167392603670933
124 0.5231255302271183
125 13.170099629764152
126 1.2499491599794863
127 0.0
