0 0.0
1 -4.060490799910282
2 7.694986155151957
3 -9.481879314393355
4 -1.1830484847620832
5 -7.860696489639477
6 -0.32241457315558714
7 7.52002041466914
8 0.765077881713242
9 -7.386361410466913
10 -23.135099572469098
11 -9.799754840036954
12 -12.612480637993272
13 -24.814986664405613
14 -24.150281384075516
15 -71.09340810231448
16 13.42517225415059
17 -33.07569410076283
18 -31.558751532152897
19 8.336690121564615
20 -67.81207229570497
21 21.481712288549073
22 -74.38985488661908
23 22.469053886028423
24 -9.062884421071939
25 -1.0403878091099903
26 9.182782656891055
27 -11.623465259108057
28 25.689503437671707
29 -46.06128541778933
30 11.600027009317383
31 -71.6612970425705
32 43.178720924922644
33 -47.57525975397234
34 29.83030030804865
35 50.58606423319871
36 -2.640109846181777
37 6.678440405672559
38 -36.72771286008979
39 20.758946506787463
40 -12.849065500689552
41 51.87814305974355
42 16.69896354303526
43 22.609244364320766
44 -38.349135835061446
45 66.49218834731488
46 -56.882199407867944
47 32.69552304668281
48 -31.467511638496042
49 -75.78915025470579
50 66.50310625010553
51 -68.65875587291855
52 37.089033082933156
53 9.856249058828993
54 -17.05531288311825
55 -41.81661927449446
56 8.13600597535951
57 7.224187815294176
58 -39.981118233906294
59 31.39272375996334
60 -12.721823034471864
61 -31.744087689483752
62 43.252776199654356
63 -40.70779335749063
64 27.63013919737953
65 -26.89910164203125
66 5.286094935658802
67 4.676478523220186
68 14.611887919353725
69 39.18347491679447
70 -24.026946529044107
71 51.68062177916415
72 -3.6040113576651183
73 42.63645917843795
74 -27.745755676003714
75 28.053312574107572
76 25.268557382948938
77 41.05701597782962
78 -23.482422496181623
79 2.4103277116808637
80 -6.278183006242314
81 3.0865652017589396
82 -43.909979431536414
83 3.5819481288049366
84 7.108131137993554
85 -48.84487896907954
86 43.43928767101138
87 -18.59946756164022
88 18.107416498457724
89 1.8764188982803613
90 -23.082972261054827
91 -26.700718706963755
92 -1.0017824762324323
93 -63.44647793610258
94 0.3321658082777577
95 -33.43299074500381
96 9.44006332545006
97 -50.34303475385978
98 -6.706420468477984
99 -8.723412211815743
100 -13.64990025909847
101 83.66983233465973
102 -47.89049896991392
103 79.74617564766264
104 7.699326062893844
105 32.17956667014496
106 -4.41331631211314
107 37.96488785467495
108 7.18572063818712
109 20.305367559238935
110 -2.8908876404663646
111 -38.9092721561116
112 35.760720873110614
113 -73.92581046944426
114 32.52020143062496
115 -75.64802537453852
116 -17.08551433006543
117 -28.82945129529657
118 -34.85104364152444
119 -6.299066776753086
120 -29.41335907272949
121 70.419663196226
122 -14.28287681487777
123 54.06657202103531
124 -7.7404903018523274
125 12.882863617461782
126 0.8614974591142998
127 0.0
