0 0.0
1 -4.649072714081998
2 16.777192263185114
3 -19.268743036138208
4 11.23735264761222
5 -6.473280495127536
6 -10.936359455287386
7 -31.394026667267383
8 -29.912954850596936
9 6.317711407736697
10 -81.27043402785158
11 4.3193524616239545
12 -42.686054804135516
13 17.284367670195127
14 -40.49050303766155
15 19.083765241893875
16 -37.158289163495034
17 -1.6875016659482196
18 -2.5446031752818143
19 -4.902469536452524
20 7.796720589556866
21 -29.246236755496643
22 16.382418773242378
23 -41.95300460180647
24 14.384938296347624
25 7.618225632648592
26 -17.403116497770743
27 -15.983438044656003
28 -14.835793919877535
29 10.050254543960396
30 -42.07128340692255
31 21.075848574505933
32 -4.767726994414875
33 -7.723288706843781
34 -22.55902167977197
35 19.7982660952649
36 -20.456746698182158
37 1.5707412594719892
38 30.63829865667697
39 -13.617610532161116
40 31.260934006364096
41 12.997932360547901
42 32.13632095223809
43 52.4170959651182
44 11.763519455132837
45 22.28186972275065
46 52.131359398638615
47 -10.049730475327868
48 -7.5932266352027185
49 35.40133694017936
50 -56.50202137909821
51 19.971231754014944
52 -30.49684783902159
53 -35.265501191648596
54 23.63453529238359
55 -64.95170696180715
56 -27.25546246050475
57 -35.62575930115413
58 -16.39064794280575
59 -10.138069278894994
60 16.686248332229674
61 18.142724210231464
62 11.207954120494028
63 46.445644168254674
64 -5.877172457665345
65 5.793356991695015
66 8.091540750302538
67 -40.67949773382674
68 47.90977689067494
69 -7.274780443771796
70 -18.94979514495715
71 43.585966107245795
72 -40.44622257339119
73 42.95845899375262
74 -0.4980108152272349
75 -11.871444170575002
76 -2.7268245979412713
77 -45.190183565580156
78 -1.4461732291461793
79 -67.82993760033288
80 -20.55854054007861
81 -42.8269862104022
82 -20.55980099225865
83 -4.3245345258429095
84 -16.299856980155095
85 -4.949075701257951
86 -55.480202194367145
87 2.7832217511608848
88 5.766843607222002
89 22.671387937317217
90 7.382316504591981
91 29.73222637131367
92 35.14441962103802
93 -6.033436482200502
94 64.14986568007113
95 -5.396331170680327
96 10.074575411781838
97 37.12590847010545
98 -60.64768633598513
99 37.52944181050919
100 -42.92845300239148
101 -47.497449503396474
102 6.206517117436669
103 -64.83651198655139
104 7.522123105375377
105 -40.023827147856856
106 9.038616609643315
107 12.0815682584436
108 -16.602110780646743
109 53.09531175952183
110 2.674791448968666
111 87.88623869382832
112 -68.7665056148763
113 -4.34739165769471
114 -34.84129445772339
115 -47.84969293104427
116 4.277566083748857
117 -65.03125694181102
118 31.38574852695863
119 -35.87204603490342
120 39.92825112405239
121 15.488566351795775
122 -16.354359018511246
123 51.20950226925452
124 -14.46007966648349
125 17.611796107407766
126 0.14980402021074943
127 0.0
