0 0.0
1 -3.480414702862552
2 16.408142073255437
3 -27.803725525633233
4 20.86105644294191
5 -35.136116315758876
6 4.080448753851777
7 -57.120221033892975
8 -3.5534957867880865
9 -51.171594677872704
10 -20.76776812054611
11 -8.073169557689154
12 -83.87219217158089
13 6.617672832425834
14 -26.39688721524844
15 -27.83290650102967
16 -26.208029592452768
17 -32.73295593191704
18 -6.580819782471525
19 27.226419169965936
20 -22.810127478798712
21 25.05207099912099
22 10.032167651328628
23 -3.72868530052478
24 -0.5166860628631741
25 28.427661632088697
26 -65.30257091512755
27 87.47485116342638
28 -21.777514294068304
29 44.635445218576706
30 -10.002359516989264
31 38.70062355147161
32 5.739563129392152
33 -11.125039474409352
34 36.32545574770927
35 -76.98918691739541
36 40.45841234325944
37 -46.05009800173614
38 -12.58897385900023
39 -2.2436148091646007
40 -23.65788845318278
41 8.093863077586938
42 -82.47429501783705
43 62.58449632827867
44 -25.818774377024635
45 -30.00888773121027
46 7.516848200936937
47 -71.70264729435442
48 23.987599517870517
49 -46.87745931339783
50 25.930314119130013
51 -21.03278038083162
52 6.849856595670847
53 -27.119560112246404
54 -4.655240159168281
55 -9.615206923288069
56 -21.990695440301455
57 34.37827400772879
58 -1.5416766830609434
59 29.478656835143784
60 3.3967852346412335
61 36.00510376658298
62 -14.887536304947776
63 4.770008662270545
64 30.969518534225518
65 -27.57767704155806
66 22.72541444140087
67 -9.062860071754555
68 2.036279615658293
69 5.005173420523702
70 -7.369550775093369
71 3.7654332361400953
72 7.881188564367287
73 28.36187991506769
74 0.7711714852231061
75 24.22293088980771
76 -5.572116368021276
77 37.569216276882095
78 -31.085276495272005
79 51.96669079267418
80 12.134940559604921
81 1.5949447877155745
82 44.36185041995946
83 7.899243714955689
84 -4.724364923815936
85 -5.494829837031361
86 -17.472411605746892
87 -24.436413749416374
88 6.903661609000257
89 -9.065921266968141
90 -9.622858509613812
91 -3.41189065555904
92 -18.64786718389915
93 -40.09046756424881
94 31.82399483321458
95 -31.305405357366066
96 21.405716301807352
97 -18.467472846975536
98 -23.34016585798974
99 39.007424288382445
100 -18.977657281890558
101 8.088732992361143
102 8.077763125432744
103 -34.48870902805206
104 67.63988821497018
105 -49.77846887574881
106 2.562294678614555
107 26.439182743072195
108 -65.97539582104488
109 26.687559227753106
110 -35.12775823450965
111 -11.31985382949873
112 -9.785668687604915
113 11.615465839980455
114 -52.43703445760898
115 61.157909223452236
116 -84.15229890403789
117 50.43238132337217
118 -35.82790625604653
119 31.779530247559414
120 -8.703138601297049
121 30.613142351995485
122 -11.517892924777096
123 26.197254891764715
124 -0.6241055148295835
125 10.160209189346228
126 0.17916398797535535
127 0.0
