0 0.0
1 -5.228176318000446
2 22.5694388243233
3 -43.73096093190387
4 28.038794829518494
5 -24.468862877309185
6 -39.45386947323911
7 32.522979753101545
8 -42.12695271182665
9 -5.096370565662339
10 -24.19415753869687
11 25.025630106849167
12 -29.06435036902563
13 10.212075731231868
14 -2.4376993159088736
15 45.961718198280366
16 -39.74226209704296
17 19.85070529667966
18 3.6765850834067177
19 -22.591663339055245
20 3.3976997736331227
21 -34.07396360191671
22 -5.9615891621468995
23 -48.43223621846434
24 0.9641862278599697
25 -12.418883729011611
26 -48.02880639722273
27 -25.073983751785665
28 -17.543907653509944
29 -64.89927016035398
30 16.90869696149546
31 -6.694003115060312
32 -9.231788677687716
33 59.83461799650888
34 -32.95777256687623
35 50.5195021126464
36 30.65140411878408
37 -16.003725457583407
38 52.15073700265377
39 4.057539795778938
40 -9.801449137903965
41 28.00899118288306
42 -20.77886020785361
43 17.507529605959785
44 -6.973052348596096
45 -42.78780249864872
46 -5.65487904258892
47 5.0074224917129655
48 -18.25178617547552
49 28.645825870848284
50 -17.739587063771577
51 28.132884028344556
52 -39.014083035302164
53 33.49555100642466
54 -14.26819927906475
55 -14.337584704692372
56 7.022239090225866
57 -9.527570785216245
58 -6.646693515314275
59 -20.430869707180257
60 13.387548348369563
61 -3.422677949338123
62 -21.010330364902856
63 46.10240370629194
64 -33.05430169181947
65 24.588498217634267
66 46.816805336510924
67 -38.527411213825715
68 41.76356076313728
69 -14.576213876742688
70 24.145864704324502
71 -12.744415711728694
72 3.8382968963202755
73 -39.14397923800351
74 42.897000202413025
75 -2.8524755537083286
76 10.059755563479088
77 27.64386028359905
78 5.093961203636979
79 6.058794588590285
80 33.921368534649254
81 -16.903460907938697
82 27.246241943739047
83 -12.273503747831326
84 -33.159366808746924
85 -6.670597000969112
86 -79.95642826012296
87 14.54869420863071
88 -58.774754514104266
89 -1.2109300381756722
90 -26.84029818679139
91 -13.768095527238076
92 8.124196298660818
93 19.76136068726182
94 -19.682325540658653
95 -7.2680226606211695
96 20.262365306628645
97 -13.495224788690301
98 -24.809358006960533
99 28.85539943798178
100 -47.76408217096065
101 -19.48903496202008
102 -14.313264521463998
103 -24.902850923748826
104 92.74317910066317
105 -47.43062699457892
106 69.3248394369283
107 -1.4079287007182322
108 12.661986133718047
109 15.053102338980423
110 19.338649023792343
111 -10.167132170112055
112 -0.7556545756938555
113 -11.931103466465277
114 -0.4067235238731942
115 21.740684134578128
116 -60.79268011830032
117 70.78292834587526
118 -113.74644474823604
119 86.60492559036837
120 -94.04337629939339
121 81.2392417928246
122 -51.01049502166152
123 25.913054674987166
124 -3.801834954235113
125 6.251770233767832
126 1.0698797113198275
127 0.0
