0 0.0
1 -4.01299081859098
2 9.255075433904022
3 -13.031084604838744
4 -0.5178115892156174
5 -36.009879126606265
6 -17.51344139483418
7 -45.47977073518406
8 -48.9908825086325
9 -17.948065717511888
10 -85.56776361845483
11 11.104056091755096
12 -70.83144907329367
13 36.53102242954218
14 -53.219967266808524
15 -4.40349219146502
16 9.546855097410043
17 11.67480615502907
18 -14.59011888770734
19 0.05958231051050597
20 10.631017223599361
21 38.935002170097434
22 -52.541376230954405
23 44.38577750680336
24 -40.58620528417515
25 38.05119922329425
26 -32.6831823321332
27 37.29716734336416
28 18.777168241968845
29 -29.19523702972125
30 65.91492872049385
31 -90.48913679330624
32 99.59337824650376
33 -33.47825832320508
34 45.522892389617674
35 -29.688427872170166
36 69.68695051734615
37 -27.627852732328964
38 -5.725353633174403
39 14.582259714255201
40 -57.76309384437299
41 47.703497773713444
42 -31.09792517835673
43 5.101885287678936
44 6.264058717996474
45 -16.044501652027915
46 16.37901114712838
47 -36.17096231784359
48 -32.73255207653842
49 4.732360587877004
50 -35.99284728625015
51 -19.693843926416807
52 -28.938057092751684
53 16.97934833319818
54 -25.727491144100114
55 -27.66852890822005
56 -4.1965053511482715
57 17.426363586017548
58 -70.92308232265752
59 55.18780169214012
60 -39.21294139372109
61 -11.295805903359502
62 -0.46103120900766
63 -15.545917510435523
64 -31.701414321124695
65 7.672112830938509
66 33.73091186570744
67 -43.14146913159071
68 88.27649743028353
69 -25.872150990592804
70 62.268471001242844
71 1.063070000103178
72 2.1784099850178578
73 -28.822512970775442
74 5.3269265343302425
75 -0.20687992359098387
76 -29.233251227169564
77 16.753379279683635
78 -10.890796083957193
79 -4.224498182837843
80 13.760629548416858
81 -34.7921598315384
82 57.328111025688685
83 -18.39557833918743
84 -6.284313902993034
85 11.079062643635709
86 -13.678516388175831
87 -31.1292630783673
88 -5.769872275159736
89 33.885410430525226
90 -1.9039670805162796
91 38.35060610052279
92 -9.853663312345482
93 32.71259684485224
94 -27.631213704402377
95 4.554868803105009
96 -22.267342706351176
97 25.603311068925496
98 -30.29377095992653
99 17.67054798837314
100 1.5707154762556945
101 1.7990345100173997
102 -42.63356483924391
103 26.327675518781135
104 -53.1731097270245
105 7.7432640112681845
106 -13.370267138275356
107 -22.90070410316215
108 5.02957864741433
109 -22.11872118225455
110 51.40901024025538
111 -24.531847476415575
112 46.67418136980082
113 -6.345333991895171
114 14.631306154563314
115 41.494654963137386
116 16.816512540191784
117 10.741112697027186
118 21.489535930476002
119 -6.757643484540076
120 16.321112833450577
121 24.447107564235417
122 7.5085479693729065
123 24.187396694043446
124 -3.560533189869486
125 14.132976249636254
126 -1.0952715967742446
127 0.0
