0 0.0
1 -4.57361522761934
2 8.768821448160333
3 -7.982532463407708
4 -8.891938920259523
5 13.36227572200959
6 -45.25118146838951
7 39.901542861364526
8 -21.089560666610677
9 21.579012044579812
10 -54.85491370241386
11 56.494042749722446
12 -91.33551357911463
13 -17.997103246205807
14 -5.104667261116114
15 -95.33807032541007
16 -10.880798296339037
17 -104.36348483047546
18 -16.929525558877103
19 -73.83548463039726
20 23.028489718363662
21 -72.69732595342525
22 -12.707249433825456
23 21.52497356305118
24 -10.567554844876284
25 6.696717902002492
26 -26.097209359180503
27 10.327355017674396
28 -45.49258018617924
29 14.771547485322607
30 -18.106349404918763
31 17.6348088074785
32 -22.636571991152522
33 -13.842779738411584
34 19.3343401163113
35 -7.453204534311571
36 22.732724498781753
37 17.86838266032756
38 25.180889103555426
39 47.57225852223733
40 -2.715221174186138
41 19.202162548604868
42 15.749740500333496
43 -13.629711967479329
44 29.73766727060125
45 -39.59762923773118
46 25.943209921613818
47 -0.7526438156010803
48 -10.53406196096785
49 30.23522125063312
50 -8.63536382263554
51 14.942016028076928
52 3.9867947588976613
53 2.423566355974549
54 15.925162190112344
55 19.01535004389189
56 -5.0618625741162955
57 55.70239992175876
58 57.90307333784303
59 26.99146596623897
60 67.18447279997851
61 40.12929895419359
62 -1.4648744383718482
63 25.095590711572147
64 -44.4265179013777
65 47.1924938281224
66 -76.46682234592987
67 9.815733277577639
68 -39.46646085109404
69 -49.34187832096119
70 48.208029580552406
71 -61.34553641634993
72 46.89182058962453
73 -29.380652097249005
74 20.940140600032944
75 4.356321633211672
76 28.44881535227859
77 -4.266503720509489
78 -12.46550379795181
79 22.186943272783555
80 -37.52983613926233
81 -23.32988645230199
82 -9.540013226630384
83 0.8196644115211811
84 0.004939309988989369
85 -43.609416717051744
86 -11.72680591307103
87 -30.501588193400845
88 -52.58734884133486
89 -23.32301851084895
90 -17.73721650632528
91 -27.341553915534757
92 -54.25429027561556
93 -6.929820690161843
94 -55.83995193116317
95 -21.708938830539307
96 -21.55253650030692
97 11.012936972512119
98 -21.49539670177801
99 35.878867196872484
100 -4.861013198054328
101 -21.014104836499797
102 19.6238691053647
103 -9.65609090597859
104 71.77432790426336
105 -43.04382628497303
106 39.96596499843152
107 -1.466016545535841
108 -5.12829409652833
109 10.459491458727015
110 -24.563436091130985
111 66.96056475380726
112 -50.27405805050099
113 30.007192092249873
114 13.386162935241
115 33.35219238532036
116 -24.36786113829708
117 66.55031110253526
118 -63.32156808723257
119 39.993259919973475
120 31.67064376668801
121 7.783098239220729
122 41.68659186207394
123 5.114324842319376
124 9.365560291180746
125 5.993152577934858
126 0.24837467907983315
127 0.0
