0 0.0
1 -3.077289439808686
2 9.103913056375264
3 -17.39398728126971
4 19.732189588780468
5 -48.44538403563245
6 40.89870756743635
7 -63.20234348787582
8 18.6163190670885
9 -7.813419801676454
10 0.7216194803399296
11 -46.96896503229801
12 30.00154097997325
13 -43.20717131520142
14 -5.486606167580195
15 -61.104898546179285
16 21.414412438352088
17 -49.56828241603686
18 -23.45995300213585
19 9.185605150393856
20 -39.786075843011304
21 15.41378564525994
22 -32.14183913575941
23 27.60549721465018
24 -12.19400916573912
25 -2.0925383172453644
26 -19.42524339835849
27 36.6628880722384
28 -35.04364342825592
29 62.77641123485909
30 -60.46761560302328
31 80.60925879441665
32 -64.1058407650815
33 9.467968571898167
34 20.820929315225438
35 -33.91048871343131
36 -21.970817830235475
37 7.317381817824375
38 21.729651450043526
39 12.379409003057113
40 42.59764517981978
41 -15.608276736437745
42 -1.8621055918983092
43 16.020499347830935
44 -50.73044310197723
45 2.0451014811676593
46 -29.806615257865307
47 -37.262989811984475
48 -10.980708418165912
49 -34.887000975358724
50 4.447892525106054
51 -45.1156435228192
52 -3.5207473122665087
53 -29.831386015970395
54 20.756165908387526
55 -11.012986908371667
56 3.078256033222933
57 -2.565380223477328
58 31.035483213737876
59 -27.246934625526023
60 28.1617661126934
61 7.6947976071461905
62 -36.42975368691566
63 33.302106992429586
64 -1.5902113821854347
65 -34.30847617074847
66 13.960718138435887
67 1.5826580038471274
68 -22.73349723860217
69 48.71897295555476
70 -10.692925711234293
71 48.19388746658891
72 -15.981356108662577
73 61.17875598029573
74 4.327231119057094
75 8.1621096976186
76 37.29433262729079
77 6.5142842715833975
78 -12.082218154311164
79 -33.69519755839642
80 7.188978825650336
81 -59.951860774175124
82 -11.725047234357275
83 -30.427957944574228
84 -47.040666025121745
85 -12.199201461864735
86 -25.272055097258256
87 0.14035759683115534
88 13.102096933425011
89 20.91504853850798
90 65.19444484565444
91 46.16044250489758
92 47.65536015844504
93 19.19991099927725
94 50.287821317432154
95 -13.285014808656694
96 69.35319942749034
97 -62.263277427307955
98 67.1202912293242
99 -38.73221734301159
100 -19.6961773128212
101 5.827946225852241
102 -61.78358507565972
103 28.603738625522723
104 -85.41383405764086
105 51.14496686183156
106 -67.68702474581278
107 55.417922480681156
108 -38.12149414686278
109 3.107938926608298
110 12.95616886083634
111 -23.612379725766576
112 64.11008899072758
113 -32.780777235340935
114 1.530124663465756
115 -28.27909370214727
116 6.41688355200316
117 -71.4002318409253
118 10.52659877751765
119 6.302851693865265
120 -14.383285572343029
121 51.67583662942338
122 -29.277485117948153
123 36.00135875452079
124 -15.645885678304092
125 20.278055733029536
126 -2.070357925953195
127 0.0
