0 0.0
1 -5.767522750042776
2 15.928145190517574
3 -12.76210827582646
4 6.245916891824491
5 10.948378220214357
6 -30.086008505359402
7 13.676133848839493
8 -91.36001138655324
9 17.570042206289557
10 -83.89785479477291
11 -57.58209038979185
12 -7.748504459608834
13 -17.026198533343504
14 -10.5759062970195
15 -26.497752199990575
16 37.12432533031172
17 -21.627413169851014
18 3.4555296592145557
19 35.641880017445665
20 26.299999654746117
21 -7.936320215765121
22 5.858635436762522
23 -19.41002387223516
24 21.835426574396873
25 -25.084057547965227
26 20.330507671533468
27 -33.72854560611555
28 22.764680835378062
29 19.622112287476543
30 -44.46404989064397
31 88.81147429720889
32 -85.51328720909744
33 82.82320084411501
34 -72.95157011433989
35 31.494904511437273
36 -20.17854631087585
37 -1.6078159163813093
38 -13.840855207037663
39 -2.139270656274641
40 5.039527552978087
41 18.367946516493046
42 24.36143791934821
43 10.547235343628326
44 11.024216612431845
45 1.8765536710269677
46 30.410231971366716
47 -55.21119497585056
48 -35.097009439190636
49 -24.270407678801856
50 16.58150382709091
51 -102.97528372586123
52 42.43286661534611
53 -58.49387480792146
54 -30.300224496037195
55 15.620313704396061
56 -44.624740466476894
57 49.20819629840448
58 -22.99566938798768
59 -0.5781225613540952
60 31.602576226103803
61 -1.200916695282659
62 -20.521601538396535
63 1.1417416587374987
64 -2.1529104378043415
65 30.42908805173235
66 -20.321742650051643
67 68.97309332875375
68 -26.866551842530626
69 59.47582060649153
70 13.451555603888123
71 -17.174277381855877
72 45.35805105943925
73 -14.140567207003032
74 37.43361845197195
75 -25.230772922497454
76 35.98106914713867
77 -51.98380479192755
78 56.19646340969987
79 7.110933531734732
80 -52.14737247262752
81 -2.1159265375505854
82 -46.64982516194672
83 -46.28991076909367
84 21.590388572436105
85 -69.11001566898508
86 10.443802046922274
87 -39.406964897942736
88 53.408681741116155
89 -12.093812569086692
90 -37.52811256418456
91 49.32700512217696
92 -49.43237193188514
93 36.815052373514064
94 -41.31818002557519
95 50.512167589834526
96 -28.968678234406003
97 12.492587285652315
98 -5.08403162012609
99 9.944123438375247
100 -59.717550669653185
101 -13.17836830953314
102 -42.88707813033025
103 -35.49845532543896
104 15.622045457900725
105 -68.47907572049095
106 73.2603762780495
107 -49.54727522493755
108 49.84778884278043
109 -35.775399657481415
110 45.63385829383577
111 4.996387233412834
112 -14.778903697754298
113 81.11126990250274
114 -63.534726895652014
115 83.63279658520351
116 -78.32909804862962
117 72.16946953328377
118 -60.05926428688161
119 44.993555859148806
120 -15.80005777838833
121 17.278491468614824
122 0.9872380441634272
123 16.580309581615392
124 0.8242237564863394
125 9.883150079623658
126 1.31612306047452
127 0.0
