0 0.0
1 -3.2054018888296465
2 10.128640104202168
3 -17.34448970349879
4 1.1062766547556433
5 -14.033902227502827
6 -2.1189237156713863
7 4.241144719459668
8 -19.47648687430713
9 -43.400123089220905
10 -48.87993642043209
11 -59.35275314670358
12 19.284493281825515
13 -93.78684404113652
14 2.7099729554301915
15 -59.1517043425834
16 -8.217081493737314
17 -29.450863205337917
18 -4.75055400071976
19 2.7292144790454933
20 -53.46287160159298
21 38.425683627555436
22 -39.54973311949243
23 66.4579940640016
24 -48.12990949640664
25 107.97706731547738
26 -69.0069933488509
27 81.63224601439033
28 26.879913435132778
29 2.437444957077139
30 80.1773461346451
31 -17.24078592243225
32 32.5603495449467
33 34.08558063555904
34 21.38156233884139
35 -15.361662993804273
36 54.61195347160245
37 -88.40521504603595
38 71.15758204049784
39 -68.27491460388404
40 39.03244491305283
41 -43.85360847125175
42 -3.4444974425348307
43 -45.93767075438418
44 13.47204341746534
45 -2.7803608247659737
46 -76.95881236098361
47 49.38398090211773
48 -80.68574038975322
49 5.968644593869691
50 -14.531574053895532
51 22.714084583157184
52 -6.21057353554564
53 9.614646374152297
54 30.50546262730584
55 -25.862908054793277
56 -19.206710584091685
57 39.67559616753461
58 -48.33003845323955
59 45.76171882063518
60 -70.31041117763034
61 68.4621616717292
62 -15.386111210081223
63 32.92109318147554
64 9.048459482440004
65 3.799524955239857
66 -19.28182872698356
67 4.428182275824923
68 -31.015476634324216
69 -13.941059054411669
70 27.517933900922362
71 -52.38993987748721
72 60.8726373544094
73 -14.252616159502908
74 65.03602745985452
75 -18.545496366117373
76 55.511002727855555
77 -59.36177692039455
78 43.18174209854625
79 0.7857663433351427
80 -41.30647712905357
81 10.811401358829576
82 -12.260845166678601
83 -41.21390688874285
84 -49.7160913602551
85 -3.171941492496079
86 -59.739852584367355
87 -2.56622720212521
88 -45.457998055197
89 -34.272952362158314
90 -32.28676920763314
91 -41.48168393753196
92 0.8527303763526862
93 -64.68504718856704
94 39.202965027357315
95 -12.687613750621898
96 26.502655433069705
97 -8.133629472296214
98 11.230718123057107
99 34.85019720677627
100 -22.690756253495476
101 54.23700475811041
102 -11.476734026411005
103 77.6790795783202
104 -33.23204517091779
105 83.5421481562886
106 9.829364090344114
107 -1.2864256919549035
108 72.90047038226922
109 -34.12545388243018
110 37.89185186519583
111 -7.780187661830117
112 -19.648287654464866
113 -11.164479067677325
114 -2.2379445207059963
115 -75.86409827904664
116 23.991097395527515
117 -34.29969547037412
118 5.7919645187673945
119 73.18180899993743
120 -44.487534168230084
121 77.74873007766891
122 -28.506685316826662
123 37.45658268311214
124 -2.6144047840121605
125 8.686360014504496
126 -0.45383043883040036
127 0.0
