0 0.0
1 -4.978450917575489
2 14.31925938455667
3 -24.085910597334827
4 0.8096185502959561
5 -23.35654098096251
6 -26.800093345684264
7 -31.179328101712333
8 -45.731211416645735
9 -34.71447910230346
10 -54.57808734161113
11 -42.70460337981092
12 -16.570851627277257
13 -6.005739649077446
14 -8.515906728233508
15 0.495393030266146
16 -32.36986926656377
17 -11.090557040396037
18 7.3810311128738935
19 -53.65267280383908
20 -35.80201674204305
21 14.309033802890045
22 -34.759368272019685
23 -31.13960818541739
24 17.578907606446123
25 -19.75074169524461
26 49.71139274430887
27 -21.34206146111572
28 69.01714574818956
29 21.899823296411483
30 54.60710140646334
31 68.77248214873165
32 7.007994271692072
33 71.4991912803214
34 -22.819384431283286
35 80.03791340787944
36 -56.77753839280731
37 34.05835822563099
38 -4.133103203523565
39 -15.807049034324724
40 -36.225057271321404
41 -2.835047655482887
42 -23.737515590327195
43 -38.73817692677525
44 50.46468582340256
45 -85.15117843718147
46 37.16441289392682
47 -33.93164839876567
48 -27.25106798454767
49 52.785538265467395
50 -72.731624097746
51 92.51317137883716
52 -34.24043287514229
53 60.6984826389046
54 -10.666328761640377
55 11.645047834139731
56 35.42880455669634
57 -43.42465732677175
58 18.80211738119077
59 -37.12823767184841
60 -5.122092444315249
61 -27.87443690835799
62 -3.4617962668503597
63 3.7231644086514004
64 17.003096963931412
65 24.676970172237013
66 33.52223445347073
67 57.703342013455895
68 -36.138710751376784
69 47.88994251925881
70 -10.8387954111058
71 -21.499680877422637
72 31.923416626561302
73 -1.8791828763794587
74 5.540976969128092
75 8.903448633478956
76 25.019048022288704
77 -10.771413194744929
78 16.630047200404157
79 -61.047203466269494
80 38.071253803715486
81 -56.10341793777915
82 7.8463735812542375
83 -30.062679460896913
84 -63.383430871236136
85 -2.8283741930027597
86 -28.95629596513617
87 30.36808883907094
88 -32.96897358920541
89 61.006553818791645
90 4.259650145889393
91 42.4854566410851
92 39.618780600256244
93 34.01661111835962
94 21.29204405198022
95 3.170400666888904
96 51.75315952025706
97 -18.762944654137595
98 8.732790121254952
99 -13.282482363420524
100 -70.17556341129078
101 -16.541880901404728
102 -53.32396896926901
103 -30.28064179293654
104 -9.94820643583027
105 -54.3365487384237
106 27.696740300695105
107 -31.814148232062898
108 -6.925910761472959
109 -3.803903614826432
110 -1.8376426412797175
111 11.598978553459515
112 -8.841326531890672
113 -16.74119952164432
114 -13.510770394673303
115 -12.66234965155957
116 10.992892306792555
117 -28.751375313719986
118 29.50980556007608
119 17.88095382299772
120 -39.752924988832106
121 63.62538743964567
122 -45.0941651170392
123 54.01060044886599
124 -15.495569155213696
125 15.355726022357327
126 -0.14233434212962004
127 0.0
