0 0.0
1 -4.7796389246611595
2 14.056811022934362
3 -16.132774506591755
4 9.456107495451919
5 -9.601001829058868
6 14.198176824123733
7 -39.70523490526196
8 52.47291995763189
9 -89.06249815046628
10 41.64651914566047
11 -45.54709311398121
12 -38.90562966133328
13 39.54885113442997
14 -72.53634373794155
15 32.706586417351865
16 -95.94065080367291
17 37.54997949575372
18 -46.67134582294383
19 -10.914361192644229
20 -2.8474577112737913
21 -13.429549127860675
22 9.969743053926626
23 55.45323306412069
24 -70.25748911270156
25 26.229788361207362
26 6.173576111489582
27 10.964250867780924
28 42.56727818049212
29 49.57739292094258
30 2.4241301301880425
31 42.53244047030935
32 6.544419183270054
33 65.48342491068655
34 -0.89089820405608
35 41.27486842665495
36 56.84498568637538
37 -25.50493258240811
38 64.81730966657602
39 -53.56537215630517
40 48.25384267210199
41 -42.50468078465404
42 -1.7943956432274804
43 -23.195689522974618
44 -44.82569872958625
45 -10.305250698875756
46 -39.83940700825474
47 -57.55849106349555
48 -29.98281599732035
49 -28.853480315339382
50 -28.748992305817726
51 -5.42740422120751
52 6.458318850084153
53 -4.6141853927343535
54 6.795377061833237
55 34.07594940658782
56 8.100029165652373
57 -3.7290196300828184
58 27.76955934195575
59 -50.126639943042875
60 49.96858077051621
61 -22.780264594783194
62 -11.830244213694469
63 24.78415408176481
64 -56.830129329110946
65 25.24772010541514
66 -36.687966123848454
67 -24.59674935230038
68 15.659596260537597
69 -13.420009206542051
70 -8.991231785316339
71 17.136347853923013
72 10.772901006858923
73 9.542898734936006
74 -16.279082733845204
75 46.26943114818134
76 -45.72584702750412
77 -4.811513613562591
78 -1.8252542342202172
79 1.5871523903334332
80 -19.119852748619934
81 39.25638252461744
82 -22.54351026089008
83 -11.687651627919726
84 -5.28814999942919
85 -18.914134702061006
86 -35.56261923973133
87 -9.799435855403107
88 -36.986409253151834
89 -36.0723448347222
90 1.960221547972549
91 -36.68441488964555
92 14.646896155731376
93 -47.80434182801684
94 44.27248293851329
95 -62.50970034712012
96 44.25216088978992
97 -33.94262833881709
98 22.012489494259086
99 12.237969675358807
100 7.988549295564258
101 35.12322747461342
102 6.625765891775604
103 23.299827444821794
104 42.84254450078909
105 3.2918374845268197
106 39.431555804069724
107 3.92662111349679
108 -4.997738527764863
109 54.91063640849016
110 -40.30529548981256
111 86.130671418783
112 -41.06529014280173
113 32.64982410407108
114 -54.31982847830801
115 16.33039280575392
116 -40.588993599225184
117 -8.380460555192457
118 -41.45258822148219
119 7.796230823181903
120 -8.725747859801603
121 -2.6881515131118046
122 0.46486767754972264
123 11.888775583711604
124 -12.446894902108124
125 14.03105862516054
126 -1.1075225355695062
127 0.0
