0 0.0
1 -5.106592718070505
2 15.139782991798256
3 -19.864514542010536
4 15.104099311785568
5 -5.302403484184016
6 -3.023424157940907
7 8.01236835641925
8 -8.835790452823744
9 -51.86345127379236
10 17.039518516584696
11 -46.4982387090839
12 1.517450480969799
13 -37.87331077186716
14 -38.15078975650702
15 40.543553041835345
16 -68.51024920660556
17 9.391978806485096
18 -76.62667981699043
19 11.060240827459982
20 -57.560506980154656
21 -25.155618987376283
22 0.34101616523292777
23 -41.74696815834518
24 2.645706801309606
25 33.43031816448803
26 -57.3369335863
27 11.129591229475711
28 -8.238481476680787
29 -51.6450714927209
30 21.645444201432404
31 -56.62870628824371
32 -14.53134547576655
33 -23.64718928800843
34 -3.7589310030790943
35 12.228642785892152
36 3.740189471716794
37 28.529694306542513
38 14.471741988320662
39 21.8505296219618
40 33.6712484688842
41 49.91391474525472
42 -29.354666313326682
43 101.50986369636576
44 -36.61836567488907
45 47.476137769882556
46 -9.07179668583217
47 -20.685386885594987
48 19.509681641597993
49 -43.3814201384079
50 -26.336795521038912
51 -21.324226117612014
52 -25.231754725305024
53 8.10503422966301
54 -32.52478159942314
55 5.362272198617062
56 -30.587411772190634
57 7.7135078098949155
58 -25.798727609889333
59 -5.520033794175399
60 68.40774208474537
61 -49.24303076697217
62 133.49518700604793
63 -28.75344288251409
64 46.44327782900299
65 52.92149228716328
66 -30.635280948601135
67 12.289324169752515
68 5.074466160857361
69 -43.34837337862036
70 22.96218848121371
71 -35.583478748767355
72 -44.61504336238556
73 -19.13876186166748
74 -22.964160683305156
75 -20.308344599399113
76 -0.12977378016966706
77 -9.296632566982204
78 -18.277192554453233
79 13.978317398002872
80 -17.862181260659337
81 34.276139416906275
82 -61.368851309027214
83 59.703678633615425
84 -41.37326883462084
85 7.829641561850512
86 79.50623794747236
87 -40.24761565392655
88 64.98430367334919
89 -1.6754687564427164
90 36.922716979988756
91 22.308032098205835
92 -24.12680272399596
93 33.65883071706307
94 -20.472797013690155
95 52.96360077665835
96 19.746351041409643
97 -27.757679656023964
98 69.66178737731742
99 -22.15022504967078
100 -5.6715645455477945
101 -31.730074661175664
102 -30.164541597502094
103 -6.1858359140137305
104 -67.29823942497913
105 -19.852948606842073
106 -65.10181030795411
107 -18.348709074957466
108 -30.39972621708795
109 -13.906394170475599
110 -12.337549928205778
111 -5.742000572750162
112 48.65387835553996
113 0.09173414121526013
114 -12.141473321409402
115 56.052783453862276
116 -48.2134673466483
117 8.841793899702532
118 2.539492668091703
119 11.979299631180275
120 24.885883500062157
121 23.645082536381093
122 -4.942657008068644
123 37.367395646336476
124 -12.60494397187875
125 16.823085144356334
126 -0.4316421368256079
127 0.0
