0 0.0
1 -4.54553001512623
2 10.98043218278181
3 -33.101757417196424
4 -3.6783236090046834
5 -44.688855103787965
6 -22.308848082953354
7 -58.55456256076708
8 29.686789749875
9 -70.35308348403919
10 -44.95949449865885
11 -21.637291015616405
12 -17.27454622848864
13 -29.863249649488505
14 -13.65238098121602
15 -15.339569379374876
16 -7.926570417809709
17 19.73444430869631
18 1.3394180347062008
19 -5.52164239238402
20 19.495471327938652
21 39.12108972355475
22 -28.58460008099253
23 22.967204354990226
24 -51.17332825805797
25 59.46171231755385
26 -61.687705512154274
27 56.6882996657223
28 -39.90694783018557
29 26.41025152707437
30 13.02470418623884
31 -5.699913864937389
32 60.03077535539542
33 -44.09431972491938
34 58.156042927383936
35 -32.690081474015116
36 -1.4927565268541179
37 18.385918862193133
38 -21.566466488064666
39 29.80936940910809
40 2.4389409303887573
41 -23.371348806672632
42 31.845385948672718
43 -20.37280587406547
44 6.64059872966989
45 -28.910272057201475
46 7.446507323434917
47 24.001061089753485
48 42.58393099325442
49 5.283037554510736
50 17.038603908051595
51 70.78966276973331
52 -26.02707128377549
53 36.44127108116952
54 -35.4302930172034
55 25.88255265969589
56 -32.44443566056562
57 -9.345434431957518
58 -0.20274112995915355
59 -94.31242195462464
60 26.546275261755742
61 -85.2924541300584
62 3.1109545502286187
63 -37.189270337233346
64 -51.630003526422826
65 7.11303012103217
66 -83.4595069945641
67 -0.245566647848851
68 -0.3646785306569342
69 -41.002550831082814
70 17.234509451993848
71 -2.202750158646862
72 9.173495561994285
73 -61.15130005815162
74 26.688005011838452
75 -56.42384739008963
76 -33.78001154128495
77 0.7948261980082975
78 -22.158403622334156
79 38.190332499209575
80 -26.03097993556591
81 27.195797384341546
82 11.664282944890713
83 26.517360901607827
84 3.941455087061514
85 52.14454135343149
86 3.146592199244877
87 76.34424290260516
88 -12.360017019155746
89 50.88148549849767
90 17.753020132976165
91 -10.311970000995442
92 56.797051898829565
93 -29.534505744168943
94 73.10308218949375
95 -74.73185628756761
96 46.90507570853786
97 17.35841843084069
98 -4.64484140657541
99 4.007948070413506
100 26.92645899968451
101 -22.556174615081417
102 10.921175267675958
103 -19.445406539225008
104 -23.607475177366833
105 -27.768816567823098
106 -2.8768977994017413
107 -24.8251730678857
108 -26.586769304136972
109 -5.907158673501714
110 -31.370566746046773
111 -15.534375721430921
112 -11.645994528057674
113 21.06618315944601
114 9.43403905749765
115 20.80558307777956
116 -22.07320770773668
117 40.04807112085991
118 -58.14271178380813
119 61.819201612776105
120 -17.05954220019177
121 49.885775417112384
122 -10.838637339597112
123 39.66268273029718
124 -7.405732165016272
125 18.747465566639793
126 -0.7740423920152376
127 0.0
