0 0.0
1 -4.165289364426809
2 10.979010484845341
3 -24.491591134760323
4 33.45364631407572
5 -60.89735127552212
6 17.780059829401203
7 29.24639172295181
8 -82.39755230198071
9 31.990654005090985
10 -54.62423415271399
11 -1.982602497589949
12 1.8907985865199501
13 -11.940198411529467
14 -37.64020502356105
15 26.969875254717092
16 -43.28136819592821
17 -27.19235425228783
18 12.748673269934185
19 -34.318954093845264
20 5.1248393197655115
21 -26.175287037445493
22 48.96728787288487
23 -53.42968613333428
24 44.86237727756281
25 -18.31279168059569
26 21.676085364566283
27 1.45094168947886
28 3.5852809353822273
29 -9.870371292129834
30 -28.4348208942278
31 24.584328156007096
32 -73.19297794338983
33 72.46664690802622
34 -59.267476030949744
35 23.061786736496014
36 11.94040981348766
37 -8.900068290965253
38 31.725705466537754
39 -62.472862658321624
40 47.169200391905775
41 -12.404068888903982
42 -23.99827718638269
43 57.06380823425775
44 -72.69824112374701
45 90.9191282932601
46 -80.14451714443257
47 65.33581784909086
48 -37.36023184971291
49 7.010206890678426
50 16.07699708824813
51 -44.10701651551488
52 34.51313659229378
53 -39.53336897925619
54 46.41224289766622
55 0.46458919865677917
56 19.7530416928189
57 -44.09090460988408
58 43.303279317956374
59 -51.15663619906253
60 59.56371432589218
61 -19.903396218249494
62 7.983601220326877
63 -0.6250109002944642
64 -27.27309260332095
65 -9.485755991215623
66 -24.15649501806188
67 -8.912797915305427
68 -12.731062978862024
69 31.248795729275194
70 -44.14804454899656
71 68.03514797842143
72 -13.949152915879289
73 31.94167878378521
74 56.431966679379904
75 -39.54317196530423
76 34.505478133334634
77 -16.72502546017038
78 -16.426837258724234
79 -16.318739079180368
80 -72.48730465127484
81 47.67779604063704
82 -83.43450660479259
83 6.6725866767742446
84 -7.634897610541315
85 -83.24594041067361
86 18.563782420468456
87 -15.135279859893028
88 28.029866003584093
89 -27.016745873141655
90 26.863520217149098
91 -4.849361501798466
92 58.64320909248176
93 -7.840579363715751
94 86.99461358253814
95 11.223309797629822
96 44.307679437678296
97 24.422620617755125
98 18.897927974018916
99 -4.844428304925499
100 -30.99667429905828
101 6.468337490078077
102 -30.057017836487972
103 -32.457130497637415
104 -28.42939874605453
105 12.536933851986582
106 -67.54771013629356
107 8.005337978612646
108 -38.71958265472016
109 71.97609739055027
110 -68.22925783296792
111 74.27203941044701
112 -40.05021784267287
113 -17.876115398407407
114 72.28968402960625
115 -100.65232669233812
116 73.88057056122057
117 -36.82664311921915
118 -42.19235304842463
119 65.8458280814679
120 -85.46068945020674
121 74.65753904614445
122 -34.18556389406857
123 45.739200373406184
124 -10.110521081152841
125 10.995803161052036
126 -0.027839069050258847
127 0.0
