0 0.0
1 -4.209572118002902
2 12.267018406569864
3 -19.5552254901939
4 16.080939707866186
5 -26.857382677171582
6 1.0209387804965666
7 -43.89611693678785
8 4.509968141113305
9 -34.07094787849642
10 -57.19065483261999
11 53.90712188251586
12 -58.4904856098947
13 13.887228540601495
14 -20.969943686696205
15 16.62621904785753
16 -43.09453340854845
17 43.31090303984258
18 -58.11424324798415
19 1.2077286114554056
20 6.7838329374804625
21 8.126592954577555
22 11.861340576826345
23 15.92795024666568
24 -23.594756274894102
25 51.18269779910162
26 27.250219337465396
27 -79.21291145564827
28 111.1402535826164
29 -105.30745030154533
30 85.08130011334904
31 -25.275246105677034
32 9.679780300155812
33 -13.100965399077891
34 -43.77161624726907
35 10.79056431230519
36 -22.37817762200995
37 -7.187498527257833
38 -49.360880669224755
39 19.81829498748719
40 -69.41822200566278
41 26.558535751133576
42 -60.45047770678864
43 6.402966643907617
44 -13.542195980116
45 -31.371323607355606
46 8.750285555484005
47 15.607308210803355
48 14.772530757515408
49 30.90704747729941
50 28.344037297472813
51 16.53287609446665
52 35.50733641025923
53 13.849261281374703
54 64.29259137193301
55 22.176422754891433
56 44.29322015991115
57 -10.51015066618866
58 57.11613633661182
59 -72.37001401536415
60 31.142569490930402
61 9.629565007772328
62 -26.712824936806566
63 55.7877917205915
64 -89.16343689588935
65 49.75438781630812
66 -22.77974095811543
67 -0.4451065537319144
68 -3.535692102800601
69 -21.65120951993725
70 -6.530220870925152
71 -7.09352604305295
72 -23.151583862605424
73 -9.833649745957768
74 -27.836945981765957
75 19.41308299842937
76 -67.24128254490424
77 60.52465788800422
78 -43.0361701037693
79 -4.290303956128398
80 11.551024440738061
81 -53.2911001466262
82 39.633561280857876
83 -29.059209636314684
84 2.4130381156132135
85 -19.888544864231918
86 9.616238901936203
87 -32.022547368195475
88 50.25927584527155
89 -89.62601010541121
90 31.92127885164177
91 -31.311026160490186
92 -4.44613164229485
93 1.2667318011856585
94 -9.64363798950777
95 53.302786055228594
96 -32.12481072233755
97 31.150747310857234
98 -39.48436647742183
99 45.410163524954584
100 -27.22094805260512
101 51.17148087711034
102 -53.110352395373596
103 59.72750158076768
104 -28.616158805992033
105 43.3342864381777
106 19.434938844204773
107 -17.611042732416156
108 22.918546451291927
109 -84.50935688557979
110 37.00173587227149
111 -82.16733109638136
112 22.784208792940152
113 -78.64424104529247
114 14.469602782581937
115 -70.65555405417474
116 22.44622790203869
117 -39.900237260769686
118 39.03704877994115
119 28.50142377794032
120 -23.566517501639975
121 87.27953013805121
122 -53.314682881621565
123 62.3124580682147
124 -20.796035259528825
125 15.967799327236458
126 -0.40888527712029676
127 0.0
