0 0.0
1 -3.9132452762338925
2 15.192625480073545
3 -22.887993289525134
4 16.383927319387514
5 -18.67029931474967
6 -6.4881104458489185
7 -19.907986967330043
8 -25.912382894172115
9 16.82517894675577
10 -62.20234373616744
11 47.164155364137024
12 -74.8737169791547
13 32.40629653887246
14 -41.24468933113987
15 -29.930668615228516
16 -19.049203912388094
17 2.8848349793486854
18 -74.11435547086292
19 10.773377256424482
20 -81.45132501560136
21 -8.31332019458847
22 -34.18495643932093
23 -57.16116112006236
24 -8.857907841536571
25 -4.1908319861525145
26 16.21351350188745
27 -22.188335872298946
28 20.81058797729952
29 47.854752651504086
30 5.99745888622682
31 -10.362870851988484
32 38.016127205267274
33 11.749446497872924
34 8.071811313557756
35 41.15514965538632
36 45.249644995343814
37 -43.44940836841452
38 79.76271641163976
39 -87.25840472274477
40 66.19558963876291
41 -41.13751452318019
42 5.76396576619611
43 29.841952968150714
44 -21.789942755392516
45 44.20709285636551
46 -43.76343256802821
47 99.9151522705765
48 -63.45226439959926
49 49.309395544620955
50 12.731136468532208
51 -30.31672440972763
52 18.862988993765693
53 9.79481910972742
54 -34.83253401814853
55 16.96809954172356
56 -12.55309646415169
57 -6.959514975597054
58 9.658503763177558
59 -25.169070349512868
60 17.642582584347117
61 -11.959337947878124
62 7.398714052963731
63 -32.22176018246403
64 39.654738997650085
65 -31.363205360589383
66 -56.58527104467273
67 -1.9566305011380978
68 -29.15064195252831
69 -19.438455374076028
70 -15.883271259058874
71 -29.815444925475706
72 15.858443396038771
73 -60.57904736743477
74 -2.746992687822164
75 18.376391352336952
76 -21.267541967097397
77 30.200568629297003
78 6.361068388642168
79 10.831924709026502
80 -44.43958116880634
81 56.58731964430363
82 -76.40531370386053
83 64.12500349842868
84 0.9620687078179475
85 -2.795450158294883
86 40.149214102649125
87 10.380302251695522
88 27.76137504013077
89 3.7253218363032397
90 35.66734059264805
91 -15.190422300449972
92 27.0501282295468
93 0.8627579290521091
94 -19.890279505175144
95 -24.507091251087317
96 5.891670962300549
97 -51.430103508102526
98 67.98302367949866
99 -60.84994983684703
100 40.75652789211494
101 6.940136608447971
102 -24.775839489534512
103 -3.723846817649916
104 -8.919499079795473
105 -9.122185007125482
106 -1.737251570747539
107 5.241490775953061
108 -26.58236191888814
109 48.16170720691927
110 -53.898520977488616
111 94.81319933212757
112 -75.48057547013191
113 80.35668438374218
114 -32.45256492081082
115 -4.401490616403102
116 18.96088245396808
117 -44.42427806956838
118 29.27001958348732
119 -17.791765937433173
120 -8.95253243436742
121 1.7921934468263043
122 0.5946752517937619
123 11.129523944474286
124 -0.8857386303723773
125 9.570245914347293
126 -0.6008943675987287
127 0.0
