0 0.0
1 -7.050741660738596
2 16.3296502497867
3 -45.30766985395925
4 36.29770044894348
5 -51.57441050652169
6 18.322439206268818
7 -41.00016888719997
8 -34.41854285496132
9 5.5369500899274495
10 -29.642024465952403
11 16.418423638300037
12 -92.48490818363464
13 92.70046280992477
14 -103.12159018295486
15 94.76832384566406
16 -87.78673583495855
17 56.87311469746076
18 -30.31178866863645
19 -11.195142818821058
20 -11.05119011790569
21 -37.376206795443586
22 -9.022987612440168
23 -33.24272881760346
24 -59.96239826803838
25 17.88043290207619
26 -44.41304245193798
27 -7.451608374738419
28 14.089096747081214
29 5.29868487833483
30 13.140607464439565
31 -2.0383712566487704
32 40.017414413763234
33 0.8886622309923764
34 32.14492945821884
35 -32.52281399895215
36 21.67920032981229
37 -29.394110881777923
38 14.38890635259487
39 -36.97580201166129
40 -24.82689186485342
41 -0.333947306958705
42 -24.8415658543789
43 4.162335270092245
44 -20.74120273105292
45 23.720718650710765
46 -18.790773538570484
47 26.286181401618002
48 -22.64594682460201
49 4.776829629287495
50 -11.96834984651357
51 -22.223921400706534
52 46.86968637450258
53 -37.602266766949775
54 57.647288585815936
55 -22.133844564130307
56 -2.6071777242944147
57 23.8580932706996
58 -27.848337126090613
59 18.909525302982043
60 -22.026394489282737
61 -10.062483159104312
62 -8.552566309364966
63 -2.06957005585402
64 -33.66123217720083
65 30.176672419355672
66 -24.545093985808403
67 4.801411988409551
68 33.843024242441224
69 -20.3575795014183
70 23.340523673529994
71 -20.494312122805876
72 17.97860617656026
73 -1.5717564169075076
74 23.37076188666613
75 32.34750039618211
76 7.516299391354744
77 58.624764598121324
78 -14.247188605746684
79 52.02340866558018
80 6.064103690094358
81 10.716804009318459
82 44.339436174076255
83 -49.69668167136225
84 35.77234230651902
85 -18.636988001768874
86 23.057369852941825
87 6.779448253457001
88 -2.445349165615358
89 9.603975406856788
90 -62.54471522646342
91 -24.53972442012386
92 -7.377037853232167
93 -71.3443723059007
94 -18.424553186535608
95 -35.16964080740914
96 -9.751509211271058
97 -9.476715298745564
98 6.14230774056626
99 37.43530648523524
100 -34.85697514665607
101 83.60032621868864
102 -68.88084419999038
103 64.38757575694827
104 -8.640139763740844
105 4.889040581688432
106 54.07220644444343
107 -43.796555638347115
108 40.0898260061621
109 -42.220014423343144
110 28.73939549378583
111 -38.71150156537217
112 37.51702009333421
113 -31.914928531150917
114 17.978886959159503
115 57.98782063355627
116 -67.14254022008603
117 84.23888219844709
118 -47.26400057119147
119 86.13727028449978
120 -22.469294295968346
121 70.1084066154501
122 -12.341157034296138
123 34.09914438864574
124 -9.916628247435186
125 9.77675201844509
126 -0.02004048561847946
127 0.0
