0 0.0
1 -6.511025277298372
2 20.13398593386638
3 -34.211571744235634
4 20.13776905941486
5 -37.06732431479066
6 -54.718667842751046
7 19.45497568169174
8 -123.01889169599184
9 52.2512813522054
10 -68.13882820500952
11 -12.80274292324723
12 -14.423811421131957
13 3.225486178706833
14 -32.46874941839672
15 14.946235019587512
16 12.722706260907408
17 29.11039984117222
18 -26.298931359661655
19 75.83453435209876
20 -17.63769742781488
21 46.77166286723179
22 37.76740087712963
23 -8.759869384523487
24 55.799255905663856
25 -42.66855832911898
26 64.4423483112618
27 -61.80765407418623
28 -7.484485802552615
29 -25.21610750435119
30 -30.02902283457457
31 -47.908398145929766
32 -10.545717592407472
33 -40.31772060468271
34 -13.50882605740142
35 -45.24737805117587
36 -8.61476336723541
37 -17.900146050181664
38 -72.92987451476512
39 62.526572230728256
40 -91.63894223255261
41 16.070148461839988
42 -31.326624322723582
43 -13.04537682732685
44 -18.77890950992292
45 7.727641615351325
46 4.5846325195648205
47 -19.65203559110257
48 55.351282376015654
49 -18.744391302185097
50 84.25260456069078
51 -19.731272183407842
52 4.975319471024535
53 77.92043962937741
54 -60.862131655259965
55 36.98876306242176
56 4.759579114509515
57 -1.3048675893388029
58 21.354581146594423
59 -28.605128796967275
60 2.13658537767593
61 0.4835507859524645
62 15.011642501266609
63 2.073028873420631
64 38.01982491010324
65 18.589426299603236
66 1.123377661802491
67 32.255263476152344
68 46.38054892045244
69 11.455093583106686
70 -1.6920290243230107
71 17.92396385242409
72 -33.99202753354877
73 1.652300652902455
74 20.586258127055864
75 -25.355980729384463
76 -44.24819472922152
77 20.793381728807713
78 -28.67392564301655
79 23.426308240004047
80 -7.258424327587088
81 -32.118245516986875
82 28.566406930030595
83 -22.172175070449285
84 22.79638526371155
85 -39.80646528385504
86 33.64042760166629
87 -46.97518573785278
88 -0.30733818885863323
89 -5.741867162770003
90 -24.74961230006701
91 5.276108357743107
92 -48.21975342296174
93 30.67886738929155
94 -22.002697451610832
95 26.006601141768197
96 25.7567629936809
97 -21.267574889753003
98 -12.144547771810595
99 0.49133535220842045
100 -40.36661885272494
101 -15.413058680283314
102 -42.79147963550108
103 -50.800644103222396
104 20.23403272273447
105 -51.28107952390679
106 43.14522139633653
107 -15.960829101117664
108 7.358339389329864
109 31.11918037363755
110 37.11003946716917
111 19.115695961965468
112 54.405934672207316
113 35.75866034640533
114 22.928563373802394
115 27.732763848245114
116 -11.779657145445183
117 42.84071116248384
118 -62.378453901663356
119 47.05392169929926
120 -51.513192696281294
121 42.650865314272664
122 -39.66898062763238
123 35.56727058399422
124 -14.842078961193481
125 14.239876373815529
126 -0.38347038356394936
127 0.0
