0 0.0
1 -3.503337109405871
2 8.722924424577876
3 -11.487116751696355
4 -0.2917783686735608
5 -12.315203046190806
6 -10.564017111487626
7 -28.39979783088679
8 -51.24753106418168
9 -9.870128953686956
10 -103.14995308425549
11 12.293198729002336
12 -56.69582621374528
13 -28.379100036216705
14 -10.298532235317888
15 -38.64511640160992
16 21.064926972319636
17 -29.604368948330574
18 59.62497797134614
19 -22.47261467645371
20 18.026836073268722
21 -32.63694205811603
22 66.46789286277487
23 -46.82926390372604
24 42.38524064696419
25 -1.3512981252139145
26 32.40058925586873
27 56.19897564601584
28 -17.386450134309953
29 101.20680063994897
30 -63.11376203011957
31 53.8394165291133
32 -33.245422785361896
33 -9.423745302176323
34 15.589781243352267
35 -13.731196103761345
36 13.7335945915562
37 -50.07068708763447
38 -10.350862297052382
39 -14.014465224799729
40 -18.63569665684394
41 2.5044243514175153
42 -24.672990744457184
43 -9.257463473525831
44 11.818625137092809
45 17.80391401178347
46 -0.9458189396617239
47 11.040512381888343
48 -7.379737090273848
49 1.1838294161765623
50 7.935821607111818
51 12.23310273760082
52 46.38899137882022
53 -27.219041769936386
54 62.64643949635009
55 12.363032956562073
56 -41.203495263666234
57 56.4096596546497
58 -91.17932771821033
59 -12.533313344280513
60 11.662893713457063
61 -21.864885783334607
62 41.244326812933174
63 -4.913224768554911
64 29.229627675165467
65 -12.234978530940602
66 -6.551343431261488
67 9.539034916058604
68 -18.076429897465516
69 -6.65723742975217
70 -12.123510311277288
71 14.071533557706202
72 -27.010187386042574
73 -13.16943758403717
74 35.29867265000922
75 -63.921735383591916
76 16.484148613258537
77 -4.494957229794204
78 -7.866718464123006
79 0.1951854963553602
80 46.09985494358964
81 -19.211894070806
82 -11.750319758943531
83 2.429901309801884
84 -21.30616285780239
85 -24.721938189032485
86 -20.78095237042846
87 45.317918866339554
88 -84.4709868605776
89 69.4273941921256
90 -61.50782959489704
91 47.91146731724558
92 20.58520636932591
93 -27.21227746178363
94 63.73010010131016
95 -12.880226256551305
96 53.30531424901383
97 23.782832601227746
98 46.20809155749835
99 18.864016451912203
100 33.218998890552164
101 34.243831836324674
102 16.224473003799154
103 -2.5791200242486374
104 8.818869224462254
105 -26.93064542361959
106 -5.196868119564846
107 -69.43102315123885
108 9.620165673452966
109 -95.47377908886762
110 -25.73395098045031
111 -64.43003849585115
112 -41.91095387699076
113 -32.682319061555745
114 -72.1694991951476
115 20.278778618292634
116 -80.58897408540372
117 77.94050069802836
118 -16.322454988654574
119 51.90515946896356
120 13.788598954156749
121 50.67738481377514
122 -15.351241400565389
123 25.88612047761567
124 -5.928573698611432
125 12.32181759685233
126 -1.2631222956306385
127 0.0
