0 0.0
1 -2.8676380002897233
2 11.066864607077356
3 -15.84249416323601
4 17.837440377899068
5 -43.12977754273216
6 31.46570441131394
7 -44.27368330293302
8 -4.297944991906877
9 -21.768850755227675
10 -41.2825204803089
11 13.759270406235087
12 -44.40063472980915
13 -15.271335821105655
14 -38.16678674009394
15 -27.23016435946139
16 -25.434639014409758
17 -15.850021835146881
18 -24.45035178582983
19 -5.41604903930335
20 -24.47863781486813
21 -4.720653643284877
22 11.841579201719838
23 -0.27593632166329585
24 0.37688328953543665
25 14.339669429418699
26 2.3065545444404925
27 7.047478444589549
28 -27.363912524227125
29 9.510600826215589
30 19.739451973412315
31 26.407473843071454
32 47.826232569050866
33 -31.146964360222388
34 21.321091302616964
35 -19.378252651154824
36 -2.3162407020749733
37 -13.629306906495254
38 -8.516661337595533
39 -17.62205253082586
40 9.973798457416548
41 -35.99026070929341
42 -12.737469377165498
43 42.55410927524754
44 -2.7890464437112166
45 45.13269513842924
46 -49.14144483414057
47 48.18842172132777
48 -50.69580881867887
49 41.43860521624238
50 -71.0579215253768
51 11.375327673293702
52 1.3067289709217855
53 10.501518632769058
54 -16.651020003619106
55 -16.93103370763639
56 44.86967325223568
57 -93.24641686359625
58 62.49561811746447
59 -87.55424141591658
60 24.364793840997997
61 2.5020734434584977
62 -80.33749507967336
63 84.76160735222707
64 -111.19173412514847
65 25.16577774888686
66 -15.355099929722895
67 -55.73779408731216
68 41.31143472733303
69 -56.51064452936568
70 -30.98547520074329
71 -23.331147120457516
72 17.43606757055396
73 -47.999419899371496
74 58.67977690157159
75 -31.603918563332194
76 18.516857398533116
77 14.158402489596106
78 -13.90784701127024
79 67.89532772878086
80 -20.542930973508433
81 37.34863008453404
82 -27.16193044796904
83 41.27334346757967
84 -8.718232548868201
85 9.97261288026663
86 15.11856585205077
87 -23.628668436928354
88 39.44924917179901
89 -22.590204871327007
90 59.2198556554927
91 -45.318783048626955
92 37.87497031620232
93 -34.013870200169144
94 45.62203582477125
95 -12.31229765996157
96 30.67298563115696
97 15.274677464991772
98 -29.607349139416428
99 30.531821363314492
100 -71.97559077857143
101 67.95932900603907
102 -44.060981863482766
103 5.885092506443301
104 -61.9349999687615
105 -22.19552217751028
106 4.100397382161277
107 -77.61988829486516
108 -6.6589230263399575
109 -35.89002582246785
110 -30.371071899107857
111 2.2018613567235032
112 -47.29151675181352
113 -2.8826410833694114
114 -6.022836642159181
115 9.018156566483249
116 -35.022476102819276
117 42.63795641265894
118 -16.22005136022597
119 22.233766226868415
120 -6.870916048355988
121 32.8927721479176
122 -4.167585689994001
123 38.732708160939445
124 1.4279558230134344
125 17.528868506997604
126 0.7297997455961589
127 0.0
