0 0.0
1 -5.041182582721563
2 8.65704494600782
3 -12.329708473785464
4 -9.293184179562894
5 -7.147545981670734
6 -15.093623620450758
7 -18.79504389206548
8 12.82461429303647
9 -11.642701813302411
10 7.379432717797472
11 20.499585942947448
12 16.562517972081302
13 -28.426338703676407
14 -22.860730181247284
15 -0.5509014725066076
16 -43.4484183812835
17 23.784566908284877
18 -46.31765348732864
19 14.606575980759715
20 -48.04962077174912
21 37.0460142173369
22 -18.8543724550399
23 5.519735411537937
24 18.442639493935786
25 -30.905456887301572
26 34.08332116268944
27 10.673312996212951
28 15.901031005949523
29 15.617374242197322
30 26.42527999281695
31 -22.315720740352806
32 41.17989841043653
33 -22.709134677568446
34 0.3891666746085653
35 -0.08749117726302276
36 -20.462672455579888
37 11.223497996384442
38 -44.29103851922226
39 41.745035181519384
40 -91.4122325633942
41 33.102977908559666
42 -63.40050644935804
43 -3.649694585048729
44 -9.411153213766974
45 -36.820323855920265
46 6.66487645847014
47 -32.90523129460902
48 43.72985346786665
49 -87.89195580424816
50 85.41667375798404
51 -48.13586430134166
52 16.545560876331372
53 30.67946833525095
54 -41.173276331768626
55 49.32457051543239
56 -51.082718795627216
57 42.26913430800591
58 -55.30016224582029
59 31.171279948170795
60 -25.29784859809195
61 19.08208200421955
62 -4.9888289581845875
63 -36.440751113658244
64 60.50568404392468
65 -83.33928445593803
66 71.20179462765121
67 -22.593822447114103
68 26.341598158193708
69 25.629374237525496
70 -11.681879090110385
71 65.53273193570111
72 -39.33780089211184
73 36.51094001323162
74 -3.527270543851579
75 -7.246010724408158
76 44.7031473836365
77 -27.514844359585307
78 62.781787338768076
79 -47.10372725708881
80 18.619155247669873
81 -49.80039758510364
82 -1.844383224642864
83 -2.7413157450042984
84 -8.00168326788976
85 29.09116206759147
86 7.486882523850411
87 24.165742919550755
88 15.897607588336768
89 29.329451096804465
90 -23.217866619165832
91 -0.0822692569146412
92 4.416910973243442
93 -33.08293215260926
94 -35.001486479676636
95 5.346092707495115
96 -78.39677121257154
97 53.99548394347618
98 -105.79431688011962
99 31.86858804254785
100 -52.29493543815671
101 2.7348754039559924
102 13.44610312280373
103 -39.12315871528809
104 35.89847089371036
105 -40.624887020772015
106 42.345275631110326
107 -56.12866610371431
108 85.4605021247069
109 -58.5706032381194
110 64.11708919625822
111 -15.269088654698457
112 25.40964712787281
113 31.622074496420662
114 -22.61978471981374
115 73.21640658021893
116 -43.44536384310726
117 22.655171401919965
118 -21.967075495856868
119 93.64190204839622
120 -54.976477045540754
121 51.10958358962974
122 -26.154852727123345
123 24.556240961893433
124 -11.858668387601272
125 8.154173352557397
126 0.1869757097913352
127 -0.0
