0 0.0
1 -5.143969869121392
2 13.095676567481886
3 -22.48819841951606
4 8.967244751263724
5 -20.7195473955079
6 -7.332520926713932
7 -32.60546041794344
8 -9.05931999598979
9 -24.893628137515723
10 -1.0439304751813698
11 -59.47848912835401
12 38.26519452306466
13 -31.982675479676903
14 -26.798285021775605
15 49.604438178792684
16 -73.10914803420195
17 14.255478512487972
18 -10.88545514918548
19 8.191757765785821
20 -8.760502835380743
21 49.46349894531699
22 -35.138560725034445
23 48.943308233653454
24 -29.68236470085696
25 4.98290887628
26 -5.975296477222908
27 9.895890683675383
28 12.421236997970505
29 9.317345061457054
30 -39.683876662038266
31 13.923915526894456
32 -4.7861395455280995
33 -36.4816525723754
34 4.242245354168556
35 -18.676527110230975
36 5.802011798811468
37 -6.721286974722437
38 52.89697759337105
39 6.29488104498568
40 -9.682457633631
41 81.54348672052016
42 -55.26976782190525
43 21.55738244690267
44 23.008697386506476
45 -72.26687554957692
46 52.355431714080055
47 -54.60389609584097
48 37.93270384703835
49 13.464343442189259
50 -7.241831942497018
51 2.1120930126846273
52 8.47581993547358
53 -19.175077546678207
54 13.961179316039601
55 -32.25966215426709
56 18.592961048116432
57 -4.243422673073397
58 12.646360191521552
59 -13.135768910471727
60 0.5813728127023394
61 0.3409333046516697
62 28.04786530469425
63 1.823189553531783
64 47.77140218942261
65 -36.74523799855346
66 76.20341890539392
67 -61.444988537381384
68 8.633949871128948
69 -16.426587973379128
70 -97.14977374622914
71 20.77445214193472
72 -95.75818614948459
73 52.325631331256155
74 -82.16935333316114
75 54.09664056780685
76 -54.12238282527186
77 14.034897763429372
78 -0.8302112602597245
79 23.5191278247495
80 27.675109244389574
81 -2.850674160599084
82 -1.9697680811027825
83 40.38838795907975
84 -9.55221250450989
85 54.08393235322908
86 -30.11582963303373
87 58.37842142145811
88 -27.832579260361193
89 9.914139233617108
90 -10.431088041252222
91 -3.931660734227121
92 4.708825442006107
93 -48.65643351288346
94 43.884223587669254
95 -83.71680212463406
96 70.93367628033246
97 -99.11518412140062
98 77.36557326008058
99 4.812074327027665
100 -12.923983212541923
101 31.345720725973145
102 -11.94766782336916
103 -17.965862159740535
104 0.9219069864154241
105 -24.960622187995643
106 23.15133222171119
107 -34.23776555799036
108 -1.2536885909802384
109 -26.52729723466586
110 -7.330360974483244
111 46.52788938578958
112 -84.66584722979762
113 67.76991392162446
114 -23.044567060318602
115 -22.097548545213808
116 9.297521079572903
117 -27.484169824339162
118 -15.876569095452906
119 35.73582254677259
120 -11.75753953182764
121 50.72273955415779
122 -29.935839480812884
123 42.7071982069897
124 -19.298224780845253
125 16.285738228390713
126 -0.8665141526238758
127 0.0
