0 0.0
1 -4.597116093821813
2 14.793031170933338
3 -19.80419174664974
4 23.757406591969474
5 -4.803660407051019
6 1.287316673100971
7 34.46531837120562
8 21.035065501866484
9 0.7958459205993328
10 48.63742981679363
11 28.690077308236898
12 -61.18862892875714
13 28.402683871241287
14 -55.40378914627313
15 7.295202370819389
16 -6.224765717253419
17 -23.35300000095687
18 -17.851248245176492
19 -7.9757396554872155
20 -51.164770333644256
21 -7.6084360499929025
22 -6.570394321163444
23 -26.457919477985634
24 8.574796059181603
25 -19.094709785600195
26 -3.963655299505232
27 -16.739482414057647
28 12.73191580484617
29 -7.038508661755216
30 -47.43645313164642
31 3.3899424025267004
32 -45.30101671268984
33 -23.44149726626688
34 -64.18386272160288
35 20.61680867193394
36 -93.4320946869514
37 64.6401289698784
38 -89.13149840179364
39 30.78704105961593
40 12.340618402498633
41 -61.14058759492351
42 60.47774472925236
43 -73.23849039872023
44 49.91112586634262
45 -41.551452962360415
46 48.5658086330525
47 -60.967978767316936
48 35.07430133467641
49 -4.451775315094209
50 33.839703546600006
51 -11.861905936089547
52 46.398559380918904
53 -1.402242147355955
54 33.11322289127518
55 59.660082771962685
56 -14.972194106836021
57 42.91085710124175
58 13.299122617049825
59 -6.922446619870829
60 29.361529280661554
61 14.024432025587558
62 18.79374696376265
63 41.841226885564616
64 -59.40463365464985
65 38.818526266254445
66 -8.57059355601011
67 -16.21221748998615
68 -36.81287130086586
69 -33.496003791740655
70 -27.47133626336101
71 5.186195204478552
72 -96.38593401667902
73 52.85405321208673
74 -53.010179635437645
75 5.765296143807262
76 -23.148993279096704
77 -25.118195435271033
78 4.678496966028458
79 -55.417529180655364
80 18.43665118606512
81 -6.431526969845494
82 21.00729538130066
83 -30.07580474186286
84 79.85922918855283
85 -14.321629881728242
86 37.102505501049855
87 -24.216734859456636
88 -3.218204282099874
89 -3.940075408913257
90 -14.723064154250917
91 62.95967561744355
92 -11.147400086904403
93 65.06649971402305
94 -3.848164139353946
95 92.34153406135228
96 -44.86078300157761
97 30.030840624752546
98 49.28455030309273
99 -94.45085148866096
100 84.23064323468935
101 -70.57104839620023
102 16.93168300091204
103 -17.987416624699282
104 18.594200743255108
105 -31.71722274469131
106 12.173045044682647
107 21.629323226055714
108 -21.374510513628017
109 1.7141283765764175
110 19.049537819976123
111 -13.028736626111932
112 -21.807608877590948
113 19.759896794733933
114 -8.623223302333445
115 -4.325115387139817
116 -33.84403303394101
117 22.331224050693532
118 -34.76519330153192
119 -13.151376043446717
120 -61.091343330789506
121 37.90321022967925
122 -60.797001456691675
123 33.789518961146705
124 -17.012773068473486
125 12.869620274166934
126 0.32301487829099473
127 0.0
