0 0.0
1 -4.306733302697079
2 11.563909308909718
3 -18.18152589066296
4 11.79613628246628
5 -15.22312140178073
6 3.57461843642202
7 -16.25009359848001
8 -15.833987742688233
9 10.331537645207655
10 -31.27907153341838
11 17.866905832412577
12 -31.29978924553954
13 1.9595733507683875
14 -31.085218566557508
15 -54.10694485016683
16 19.868960746737102
17 -57.51083272690264
18 -6.66082314675433
19 -50.5460110264699
20 -40.667328519871525
21 -37.391597595368005
22 -36.40505722744298
23 -15.126588510281742
24 -30.1621427255588
25 8.091637930392876
26 -39.257577732464554
27 1.0616777679586265
28 -43.30348875466575
29 -0.15236408016842654
30 -11.00352065430083
31 -25.597212936081263
32 22.327437811402973
33 0.5549701020170394
34 -12.428493549054966
35 34.6736836387639
36 -45.4959963008956
37 19.74516268530483
38 -34.353266939316185
39 45.56046260843546
40 -58.957952528534804
41 67.94777289093793
42 -58.546443019899236
43 23.040213143828346
44 -5.619849077118318
45 13.254849410008966
46 54.389728955237
47 -37.489649462916
48 63.732036537283285
49 -32.459738241570385
50 65.60098826452442
51 -15.588532910033884
52 60.49435689902461
53 -26.139601516934633
54 36.04360806711868
55 31.017965459936757
56 27.43322373052313
57 24.13755799935841
58 43.98732172334112
59 22.800553101369335
60 -8.058323713819858
61 32.10540116852848
62 -61.810414596011135
63 27.765505337577398
64 -34.33390495406501
65 11.415854606799678
66 26.72376551841951
67 -36.07562500053011
68 32.34613321264845
69 -51.38465063926994
70 -2.0501353340290924
71 -31.46160098030966
72 -67.43407349540001
73 -72.76821168130044
74 -7.375385111384314
75 -46.66436007018314
76 -21.51760377826037
77 5.581654102558339
78 -16.66217850196484
79 -5.232470755678636
80 0.6465553623805592
81 -45.44310807288041
82 51.01328157285865
83 -57.54791379083899
84 7.387366322014046
85 5.21789730832543
86 46.91347367540096
87 24.060845814016254
88 50.85543324897878
89 33.656289642158555
90 1.8882362532572776
91 70.03041529767188
92 -60.777980144623534
93 68.87591320325794
94 -48.82906087017504
95 15.516796597656798
96 -34.78840852314339
97 29.345841973917416
98 -75.5114897643332
99 97.70038093316039
100 -70.82862337687064
101 72.71455142869289
102 -21.49907096669651
103 12.508391072727184
104 2.9688457259570127
105 -47.97727693006604
106 50.66626852686782
107 -44.71909037843791
108 56.230186577024035
109 -27.442126135707046
110 52.83971320287461
111 -55.84895622718705
112 83.13623650058273
113 -91.69992903225406
114 34.598747645794475
115 20.334040768581758
116 -40.56358778055587
117 52.79682735615895
118 -117.07255316086882
119 84.35327392487547
120 -70.11242743893264
121 26.791558987699105
122 -13.461622439751668
123 30.721489177163647
124 -2.621225224234638
125 10.787396491012464
126 0.9633163295830572
127 0.0
