0 0.0
1 -5.263920213978057
2 11.905527975209028
3 -16.20564712339133
4 17.141593991744703
5 10.006922868848356
6 -34.48025843503455
7 52.844074392329745
8 -68.47152000625759
9 71.5818005848757
10 -108.59879416732315
11 55.935709161194
12 -23.745733296674743
13 -27.419652112835795
14 -1.4102866485809564
15 -66.2571469568953
16 31.899002273769575
17 -54.4287640010862
18 20.972285725790254
19 -54.55912159330438
20 -2.1470202945041295
21 -68.4014253568588
22 18.149832712276094
23 -10.13171460409948
24 -36.046522751391436
25 15.423947120611805
26 17.415333813560924
27 -30.834624727732074
28 17.9825271110526
29 3.0677976595207945
30 16.515437317526672
31 12.389525570606368
32 0.4591649873203364
33 26.03342142614693
34 2.6827945573277483
35 10.196689777533475
36 -17.709474875944736
37 3.864017468634559
38 -29.66825637613125
39 24.107638497531536
40 -20.845367183753932
41 22.844040123557654
42 -35.00022136052903
43 59.306674954521554
44 -86.86019528708022
45 47.73875990714046
46 -54.3364232595411
47 9.451586282313588
48 -37.39371508618315
49 -12.389440554806738
50 3.3084985520485706
51 -52.20160619993816
52 4.046529260072337
53 -60.543015444950576
54 -5.097157772386707
55 -37.34821755633522
56 19.573827420003845
57 -44.97026694780971
58 41.77702114052053
59 -16.231195560717687
60 -18.18096530666773
61 28.313713536650514
62 18.779703525550712
63 31.033513238883618
64 49.29133202687761
65 0.3543209445769401
66 63.71786502976162
67 -17.88730729401702
68 57.17725406310572
69 6.778438580260547
70 48.029568408112254
71 23.722070380074683
72 -15.973225208606678
73 76.23921271435232
74 -64.30285126874526
75 60.902933474493175
76 -61.61890781540689
77 -33.315249958091584
78 -5.947157087866268
79 -76.57364585950403
80 18.031305667163316
81 -59.79612426932345
82 19.739121689399948
83 29.04840696049002
84 -63.56234082560142
85 92.28898923202892
86 -82.94944943881765
87 13.889862513536338
88 26.56234060895426
89 -56.66584561585291
90 63.879099621919856
91 -24.232004705104075
92 12.523866969162924
93 -62.56239455343728
94 23.577425080100753
95 -61.017554007052
96 11.224582736526798
97 24.829206608673445
98 -14.2531911463208
99 43.631663568813714
100 2.442769635630358
101 34.92295078476559
102 -13.593455964604948
103 25.75874814490182
104 13.052921237952285
105 -12.007024822997192
106 7.289952528948349
107 -35.336098579783716
108 11.256401247665897
109 -42.77199734663067
110 -21.142508917729195
111 9.174114798132212
112 -33.957961120935046
113 83.70442992855914
114 -42.08535600375627
115 18.895095374409834
116 18.138656013537627
117 7.8955328617988965
118 -13.603423592278997
119 45.6188008490391
120 -2.176354984760058
121 6.870391548812425
122 15.433514047036626
123 22.863313246346248
124 -10.551285302725454
125 11.416565678557205
126 -0.1442935240425754
127 0.0
