0 0.0
1 -4.431015730099827
2 11.088221153063861
3 -10.956362266146606
4 -2.208764156989932
5 -19.710697412064494
6 0.012952383829308061
7 1.6638741692207522
8 -13.835247458269903
9 4.0346309683864146
10 22.18507433538643
11 -59.00576876486333
12 61.58267174614044
13 -57.12870611848694
14 4.53212499838748
15 -56.49296257903203
16 -23.493224506411735
17 -20.55624186342244
18 -8.420107226745692
19 -18.966630134148385
20 -86.43838566632449
21 44.56327890060836
22 -72.19597782195484
23 -4.703162607560271
24 11.02511975897428
25 -53.00347487777027
26 37.22222837328446
27 -36.95830860709
28 5.473954379645046
29 53.94050552229884
30 -59.786459464327734
31 88.07780594056219
32 -55.464782242368585
33 52.890875715693255
34 -32.31666498113306
35 53.07387715177203
36 -3.265691139815174
37 9.163249233144226
38 -28.542024038003287
39 -33.49830212729853
40 37.18097787363542
41 -29.40633969203441
42 49.413127353636945
43 -43.56880204130263
44 27.07518901879829
45 -58.76220478309325
46 65.55098637308785
47 -15.513671074984686
48 -22.80260085000287
49 50.555077952697395
50 -52.36001910486663
51 35.00396472054784
52 -8.24125504431347
53 -17.51723925406503
54 41.111411498174625
55 -51.657162260758255
56 61.788519184487726
57 -17.4032144526594
58 20.21265215980635
59 40.79994655572519
60 61.3661522126908
61 -12.93065191757015
62 13.808922637177224
63 23.64070928434549
64 -59.70965166626385
65 77.80748941339517
66 -106.65084178739355
67 59.294053740525634
68 -89.39349044357832
69 2.5969874664586614
70 -2.745710185557342
71 -74.63757169088478
72 -3.885805676419603
73 -29.537199229306704
74 -41.93592446275374
75 -7.579359668815403
76 -37.59835139748773
77 -22.57854948578676
78 17.902313677417165
79 -49.363357327826975
80 11.42308792194981
81 4.36226755469616
82 0.23543598595184237
83 -7.8577500155129405
84 29.81112697730882
85 43.107628481832435
86 -6.750797434313544
87 11.026845714708072
88 39.694680935739875
89 -61.422149737105435
90 40.94602544586238
91 -44.91117860501761
92 -23.89338823540628
93 -22.611432989652897
94 13.496814036043487
95 -27.54757562002368
96 19.52630541428917
97 -9.641868097295296
98 -61.175056736319576
99 34.36693845408438
100 -38.797762966650595
101 -19.650264715378782
102 5.3132780593495585
103 -10.685663614417443
104 27.096550619636883
105 33.86827627060779
106 -49.63279703912239
107 30.584120525585874
108 -11.32231578073001
109 47.769267269438515
110 -40.82981611963479
111 51.21575765134756
112 -1.9733551894833838
113 -8.982383800973425
114 32.85648875277916
115 27.237163123236005
116 9.705338610389681
117 21.02564431474355
118 20.454358721493385
119 13.505522849269608
120 19.22301105520699
121 34.642224306654384
122 -25.121036841261223
123 35.72132685696786
124 -8.26054038063838
125 10.856159474262842
126 -0.4948822722200524
127 0.0
