0 0.0
1 -6.43570198969283
2 12.688910587822704
3 -13.188829807404268
4 -4.4593762725045965
5 12.323591252983189
6 -39.117145185069155
7 26.942736745852258
8 -22.99906471237892
9 -7.802347602644715
10 -23.12651745231117
11 16.112059442355605
12 -37.71748442728234
13 -6.51569624114484
14 -14.98385849817893
15 4.9182108226335295
16 -18.118765773056072
17 -11.462635768586123
18 23.030636864939535
19 -8.467779211356872
20 -6.745615970346275
21 -15.910888805147708
22 -46.462694771437484
23 21.163072916600168
24 -77.91363998578335
25 65.27818386675064
26 -59.792922307196115
27 -21.145206592336926
28 -3.6841310006701353
29 -76.86539984672416
30 7.990169430947041
31 -74.95787165975901
32 31.577475864061466
33 -33.23778661906757
34 -39.98549676579673
35 15.531362026588498
36 -17.834599235188158
37 6.293189224853321
38 -2.3451241410274637
39 4.022396036106563
40 29.402435352727263
41 -32.61846025134699
42 51.4650075822574
43 -1.2468509609684157
44 25.71860219788219
45 44.77551497890986
46 -12.310300697606468
47 22.936024765188925
48 -4.555795074492113
49 -4.4061884248908845
50 -22.152648125961328
51 -1.9422185930535991
52 -19.656676560145186
53 -32.51998000716168
54 -9.134278157517796
55 -13.985160459560426
56 -9.705355057115899
57 22.96261228831664
58 -35.2961584901858
59 -40.60520360010178
60 -11.79584350338223
61 -11.122577864220686
62 -21.17598794434065
63 -5.6411399949044485
64 3.4495855024155646
65 -5.222829659678637
66 41.454350377733114
67 -32.111029023266646
68 43.406503496792915
69 -34.446240289273746
70 17.709201223680402
71 -26.18449721321198
72 -11.553691292487509
73 19.97735457718018
74 -43.3179189754912
75 41.06065119352895
76 -1.9397079126950203
77 39.26534623478692
78 25.454356172497963
79 -7.120154191344363
80 13.276113261476986
81 35.353248311887334
82 -42.15894799675625
83 23.71847922519163
84 -3.111122653553086
85 -3.508891866530459
86 13.70058668560605
87 -23.92538044087648
88 -9.350546831924573
89 58.73984780687253
90 -55.45005143841199
91 64.49231272499567
92 -48.98176200625909
93 41.60235244612802
94 0.7804623157114619
95 -1.4146520272787797
96 58.98664184449514
97 -25.083836146047574
98 51.835306817838415
99 -40.8235120319922
100 45.250831872347554
101 -71.27511142312137
102 -4.618981273229535
103 -24.767557466982016
104 -6.253403551340854
105 23.88926702701159
106 -83.83482361725252
107 20.874379022169222
108 -49.783495346875284
109 26.233696165561238
110 0.4341134217851255
111 15.205862622006778
112 32.909185573232755
113 -38.37000817051094
114 60.46617931103091
115 -22.946426428890863
116 38.33691325945626
117 13.469515340949176
118 -44.88873902300406
119 93.77886520956555
120 -79.69901840249706
121 70.6417247092175
122 -18.174026275483055
123 31.258143319961697
124 3.78460802311366
125 8.652120167554713
126 1.460600055945892
127 -0.0
