0 0.0
1 -3.57871364529649
2 4.772704543049323
3 -12.253228201887303
4 -18.301778655716703
5 20.62569972657852
6 -87.8981618325186
7 40.343951323573826
8 -92.37976337194043
9 14.163944459461929
10 -21.564022931910923
11 -59.27858224804219
12 49.6740391904191
13 -68.92159383440107
14 15.280960090082644
15 -7.53263778351729
16 26.083556345529434
17 5.1585493108848315
18 8.949873921347107
19 12.600545717229958
20 -20.98687811579886
21 0.257725177141642
22 -31.64452342820788
23 -18.16409514998524
24 -33.79158182340665
25 -34.562304071177806
26 -0.4069992205704804
27 37.37045211707487
28 -10.224766767683134
29 42.08442747072466
30 -28.951347711500066
31 94.59860756970434
32 -29.14507069977098
33 13.44201745434954
34 28.32285602000939
35 -36.861833110807225
36 22.961206342935167
37 -25.136680764435418
38 38.74968211648803
39 -24.651527561488123
40 44.03125025580009
41 -38.893272047164025
42 54.10297612848038
43 -66.28718905022717
44 64.38207490768967
45 -36.7894617314434
46 5.897892565923059
47 -14.611399590764695
48 -15.77029907110461
49 -8.299419683622652
50 -25.081293445158458
51 13.77482001125289
52 -6.080391436334846
53 51.03598805794304
54 -21.347005091007947
55 11.696543749590736
56 18.000720363058367
57 49.15422970043566
58 -22.863334603390477
59 73.14198502689796
60 -60.68978554903256
61 32.20118834279385
62 11.291125450278779
63 -16.869037132027394
64 -22.67443138159432
65 -23.940809254552192
66 -20.342245065257266
67 -24.584030348707827
68 -37.91792270920265
69 15.586476584255774
70 -63.436935993609254
71 32.01896524878044
72 -10.274944730472763
73 -33.31365920773746
74 33.55832945865789
75 -31.518035331058133
76 26.32985345412667
77 -23.168643340814246
78 6.676645106561477
79 -17.20427456083442
80 12.839529107081958
81 -7.958907035886476
82 8.667187654001149
83 -16.088150037869134
84 -0.6173862825050949
85 -1.9383689186132567
86 12.889783336467794
87 11.017270640073358
88 9.291863993908812
89 15.99786452216734
90 -48.645842538155826
91 42.72703161457965
92 -44.89269034539193
93 16.519406925865926
94 1.8752422815266945
95 -9.453071669313658
96 34.694468780918186
97 -42.14498507001143
98 66.03724818094172
99 -55.832895972175436
100 22.711425466773257
101 -24.79418755862732
102 2.9254921473263273
103 -17.783814865369532
104 2.920037826745196
105 -6.300979598824481
106 -23.963440683516144
107 17.97229754027829
108 -24.674263685526356
109 59.65373655733148
110 -42.893330293493335
111 86.02217429108602
112 -81.45834496710725
113 73.52928434731096
114 -30.377950385040744
115 40.429881727761384
116 22.414778130912126
117 -32.447190458016024
118 51.951631636766685
119 -68.09269229823151
120 38.60457264232033
121 -9.944449281604603
122 7.198264492369447
123 13.75843160102796
124 0.8392194832249221
125 7.874948521294741
126 1.085348831503723
127 0.0
