0 0.0
1 -5.522087092348977
2 11.52499883662554
3 -22.12743774771638
4 8.441790722994392
5 -13.3548796148039
6 -6.2443270344954485
7 -14.056723624834516
8 -32.818613951457266
9 -1.6155528493211924
10 -30.85095212904047
11 -34.57202088381957
12 -31.57838081063871
13 -42.77025660934862
14 -38.45395093567783
15 -18.837777004285684
16 -55.51989630416319
17 11.561951251105357
18 -45.16736149195002
19 7.693058193993675
20 -43.72482668573774
21 -8.897490471846087
22 3.9952256027322104
23 -16.840869573416967
24 7.040212581029289
25 6.568674037314541
26 -14.921576868445458
27 36.01101839448734
28 -40.125421499953426
29 36.65986278922485
30 -12.130466494713813
31 53.7701306457662
32 -19.464286803122242
33 38.53211429184358
34 -33.00873744353504
35 2.191402596101571
36 -11.784829949128516
37 -27.375298163507654
38 47.244192668380876
39 -33.44015655498127
40 34.141087042384
41 -23.266221249617754
42 17.66692159308399
43 5.317561311925047
44 14.550589976730809
45 -26.95541591961298
46 37.22315740663928
47 -3.2753393508572715
48 41.36307255117602
49 -21.490101853792204
50 3.666399727316705
51 17.712830109703578
52 -40.840956231692935
53 29.780107908473767
54 -33.16152806783221
55 12.585345278236074
56 2.7880594524290494
57 -47.79886461027521
58 31.494582011282713
59 -40.93771428719245
60 5.110819975008081
61 -51.23190246122474
62 -4.512240217175294
63 -19.61770371264916
64 -29.37419692914904
65 23.276445327321927
66 -82.37021516357511
67 39.23054610903393
68 -25.84970852762778
69 8.642186135178056
70 34.52321470091206
71 -69.37982643508444
72 60.404700113828184
73 -65.2330007349618
74 10.2299818140528
75 -16.122581778692915
76 -19.373005706145896
77 -27.250256629669746
78 -12.182841291351814
79 -0.7847028344222057
80 -32.100920540113684
81 41.915900564467925
82 -31.25530312249011
83 14.713109638859239
84 1.830744524666714
85 2.5643830018944027
86 -5.037638962126987
87 17.893162075757477
88 -29.2694945845136
89 36.40606406385752
90 -17.835515683370488
91 14.601630073632744
92 -21.953893843973272
93 58.22374794882086
94 -9.66508383446241
95 -1.1973300920346994
96 22.348423453124376
97 -26.46470006312045
98 -13.554027403385257
99 -34.580015571320736
100 -39.34855884297917
101 -20.70062741537182
102 -1.8815746513877425
103 -35.70701496270009
104 44.97999656712003
105 -55.60623696267358
106 45.070063975081894
107 -20.59801270312299
108 11.93412297683775
109 40.01052803931447
110 9.841427541729775
111 -5.193424483097961
112 -7.990857331457379
113 61.49511728191668
114 15.350080138654166
115 11.312155452131131
116 30.7801258197561
117 -2.6266027198064
118 20.934147623484957
119 94.06309742561274
120 -35.26340617982749
121 93.88457922215622
122 -12.295173795743132
123 43.0938295237437
124 -0.6774500352234112
125 12.630830831135073
126 0.1999932432458894
127 0.0
