0 0.0
1 -2.844631381379115
2 10.100382936497317
3 -16.380872691937146
4 9.112819669731111
5 -23.084220467805377
6 -17.862262375897146
7 13.369069824281599
8 -75.73251308466169
9 8.524551713317365
10 -84.70727846426082
11 -18.693772020623552
12 -25.832809414908912
13 -43.49288555111842
14 -25.63070864456181
15 -21.13657212139521
16 0.7463779815042616
17 -39.940096404633955
18 -17.995031299590337
19 15.953864457738565
20 -25.61922537858529
21 -16.15984318866651
22 6.9145837454783985
23 -46.17349998885477
24 42.93597628871034
25 -72.06722555570268
26 -8.695523879399666
27 -20.789235048527846
28 -20.72005650618544
29 -5.31006040723298
30 -18.525285461533198
31 28.747308014685885
32 -17.82202021430113
33 1.3392380284737537
34 -52.59192781225396
35 32.31693029781108
36 -63.1518651956375
37 14.964312990530317
38 -11.529392091974191
39 -29.676690831145855
40 11.287104396586052
41 -24.831485346019853
42 9.817843965917598
43 -3.815604278453607
44 -37.58682355442987
45 14.386956243180677
46 -4.335171763276064
47 -13.967605090578145
48 -1.6190804748774403
49 -36.62718976416616
50 18.51583157553159
51 -23.61102729265438
52 27.343181036420972
53 42.03995487543931
54 56.05073070583524
55 45.63202046148424
56 29.0396771537827
57 -0.4677079200314297
58 44.01461623748552
59 20.749777381862206
60 18.539166582120238
61 30.949834994020925
62 15.97997525409879
63 8.59339433451415
64 20.37940237088439
65 -12.753093756746742
66 13.953331733056398
67 -14.782210121039597
68 29.01853867454218
69 -37.341887300072294
70 -28.816562442347
71 1.8585681630708715
72 -61.545517225673244
73 32.59994475476445
74 -54.96547240333463
75 -24.04985041261207
76 -14.549460457092076
77 -30.545743573740225
78 -12.183146623654466
79 -37.743096102661234
80 -15.486723770505925
81 -3.485138077807124
82 -9.150029729085183
83 -29.2564532264868
84 43.16647893671616
85 -68.69722335648713
86 83.78579068257562
87 -39.401816675657045
88 3.9342457788968606
89 78.04888193881474
90 -53.05283613773673
91 84.56565336799471
92 -37.61119629193223
93 44.71745115958436
94 -33.293617149196244
95 -8.16252421793823
96 27.57435164402932
97 -14.42887686980392
98 52.429990530945005
99 -29.663099183940776
100 22.160503733849993
101 -26.871682825386742
102 41.46986100466753
103 -24.137393962271844
104 13.779913750256918
105 23.139415662586327
106 -78.86022944679326
107 102.61543649564281
108 -82.98198752481372
109 46.344327553739504
110 -5.80066348486385
111 -38.40842240406075
112 13.383171049520437
113 -23.933830587386286
114 6.015361918200985
115 -31.332429511534638
116 -19.433534005919014
117 34.11188219634216
118 -6.025545234916861
119 14.158248027149805
120 22.52677671995133
121 31.033405993458228
122 -4.478682294383491
123 35.418277700498095
124 0.2917767715250662
125 14.247204528263577
126 0.13554784790812777
127 0.0
