0 0.0
1 -5.489285421882385
2 17.64608384844661
3 -25.880862594962178
4 14.801228911635596
5 -17.11586862840221
6 -18.4605433964807
7 -13.137820897097285
8 -70.85211184253637
9 -5.5949724477519736
10 -9.433075432616295
11 -32.47846878119143
12 -9.956413952068557
13 -9.891429183615895
14 -32.368215563082
15 -21.21245602583843
16 -31.174577486083262
17 -8.816577148664129
18 -52.815367560687584
19 12.880208341221753
20 -9.856671459700989
21 -23.853247024761345
22 13.806733258548274
23 -50.84975428832609
24 27.29684016114402
25 -19.09424259912491
26 -0.11315028617232369
27 54.51252875405524
28 4.685342522803777
29 35.449768166892675
30 38.423738827635916
31 32.66775378705832
32 23.682998203706113
33 33.39932290059392
34 -9.143008804078109
35 22.529299112623
36 -32.25075777447149
37 18.529206780009645
38 -29.93562442202407
39 5.093125052007156
40 -77.3167918319214
41 7.7033353467954235
42 -30.597643769592068
43 -53.19680105666253
44 -16.19529528285244
45 -17.600981366442323
46 -2.124662819439647
47 -50.116833948086814
48 24.65884853414258
49 -21.561110870278156
50 30.39053533172417
51 -27.630363701813586
52 56.82495108582805
53 -28.074493795631504
54 78.58469402043129
55 10.867504011185506
56 25.450164313382835
57 38.36856358598433
58 -17.5509498073572
59 28.31749571601499
60 -41.79289056571864
61 -13.964935949747638
62 18.487079047239696
63 -27.523293803351184
64 33.961799934018075
65 -24.1886263347564
66 -7.1398101767826665
67 -2.6328706879157595
68 -34.81878066939419
69 21.64415306052186
70 -41.84131267643229
71 113.2300712481493
72 -42.95745066748589
73 51.76578779078465
74 34.528931831621335
75 -28.28598566258214
76 19.981810064400975
77 28.631417179895603
78 -28.28245527179549
79 -16.91124001718379
80 -21.294484549866095
81 -35.771667836396794
82 -23.206480518202294
83 -52.96303521794935
84 17.184937440292966
85 -85.97540078223382
86 -10.484870901900385
87 -15.977826857634605
88 -40.3087172475709
89 7.742069006860978
90 -15.197362817369969
91 10.097815867732724
92 -21.787200531227803
93 29.282796219274303
94 32.77120078106113
95 22.10281521190452
96 27.72899868508368
97 45.560113596221065
98 5.698279158523331
99 34.03528496572287
100 -2.340219285888248
101 36.73243696012598
102 -29.94505725893216
103 30.52267423724907
104 -10.433210609877317
105 -14.587710025418588
106 8.280024483815849
107 -16.35033759571394
108 18.17910144963313
109 -55.147145269192805
110 27.20260121522408
111 -19.266836701631604
112 -9.970357584745692
113 15.618138116787371
114 -28.583108433496704
115 -0.6567649408846389
116 -2.362531499597368
117 11.96999500130617
118 6.954528064429351
119 -21.646794911895274
120 8.783902966086407
121 2.661910390035948
122 -23.314030328947247
123 43.53463347585793
124 -20.212873539119645
125 20.21765099032409
126 -0.8493726709382313
127 0.0
