0 0.0
1 -3.009307489390879
2 15.941242663195869
3 -21.158027662352048
4 30.66283758010697
5 -31.552820540699475
6 4.026143383170513
7 -2.165833954818241
8 -36.33633388513406
9 -0.5823860065954505
10 -59.91324440536295
11 59.687714737139345
12 -56.965493151419246
13 -10.360300702617726
14 -6.064648141129036
15 -45.1839672303001
16 -42.510244566629055
17 -32.58570836979502
18 -36.76850870061898
19 -4.672655024843621
20 -22.391538681634792
21 -36.86286698783017
22 14.473431393876787
23 -39.613292301039515
24 24.995888965966156
25 -54.27682096405831
26 -23.137144891572863
27 18.214351794104335
28 -52.84164335481422
29 14.097075708812326
30 -12.795534412905786
31 -24.491276106173878
32 6.561985663648987
33 -45.99167049545587
34 42.73820619119216
35 -31.113187848802703
36 -0.9969605811940941
37 27.073034027431266
38 26.111229936474253
39 38.945567140279564
40 8.353028911246831
41 15.099010057952311
42 -25.158237610554284
43 59.868750304455965
44 8.563308050876548
45 20.784464092320107
46 -11.416622887172757
47 24.415018818431562
48 -67.97195954730174
49 19.126873505256913
50 -91.85121818822061
51 58.031168618702274
52 -87.2907112063346
53 -14.671802678210701
54 14.43465550939772
55 -61.54209707444246
56 29.705690304194757
57 -67.13070769474628
58 16.832539222640133
59 -22.178384903913763
60 29.39995298773063
61 -10.07965537284326
62 30.62631145009316
63 18.401242471568857
64 51.17042487665347
65 -34.5083852581876
66 74.01925566208774
67 -18.009419829150513
68 32.27136962579989
69 28.468851593367496
70 -7.097518251532471
71 14.530818005428698
72 12.138479104668212
73 -28.08953512365556
74 52.33376049456767
75 -66.718350387576
76 44.64940687243175
77 -26.19208143591013
78 -7.479521311992337
79 47.90666093119633
80 -64.58494119395195
81 98.98588547892543
82 -131.34156242782282
83 67.35584647615741
84 -38.065283008276474
85 -35.92511706133793
86 -21.084509350976802
87 1.6615337666357124
88 -21.554228653825707
89 -39.23721124224191
90 34.49366810102022
91 -8.69835977808751
92 -29.75355115702226
93 48.55645035401149
94 -12.066060677658852
95 29.18559177683107
96 7.753185844157147
97 -5.968373445604047
98 64.67262374922788
99 -71.72697979835071
100 50.25948629429223
101 -35.23093195764964
102 -52.82128201646592
103 -17.705890018840105
104 -80.33514905164776
105 -24.901438047057454
106 -1.4190881285553913
107 -26.990834249211456
108 21.706839787979924
109 -66.03747346540898
110 13.042558545527346
111 -2.196013247439862
112 -95.30472342386737
113 53.52242179177781
114 -74.96603191335083
115 9.417965955216092
116 11.221671361971964
117 -66.61736192342303
118 52.2781521366852
119 9.423942533321094
120 -1.6356069950592622
121 59.30999446309759
122 -10.691487130041907
123 59.47544469112022
124 -4.158625589351748
125 16.823122956622367
126 0.6742900836956218
127 0.0
