0 0.0
1 -4.730767486711828
2 13.59084726025259
3 -23.508291405291285
4 15.360992312478432
5 -24.852964440459292
6 -7.2808924352833495
7 -46.02778166910968
8 -38.10031273931708
9 -19.05171638040726
10 -44.83508362893065
11 36.84293041546309
12 -85.92110153248845
13 42.227178259057546
14 -23.357950861300143
15 9.234409556794262
16 -3.504587773288972
17 -8.790016290802884
18 5.378211008797401
19 10.170994586018942
20 -4.006384853193696
21 2.561883867007794
22 -13.759492871630933
23 -25.591666420381006
24 9.524861425301872
25 -43.02139763154814
26 43.00965343727597
27 -40.61971747861547
28 7.568586365669331
29 -9.352994704427795
30 20.246979672584683
31 17.00086591345253
32 -13.45949492332429
33 29.54084847992262
34 19.565847288063253
35 35.4009434374266
36 26.337585187182132
37 -33.3747503310262
38 29.440452773352092
39 -3.8087709274191406
40 -21.849338090722494
41 38.01253067308251
42 -1.923161380437663
43 13.17769485542928
44 6.77267580932648
45 7.0422221898658295
46 -10.619470560591408
47 31.20892553730655
48 -21.779720927619813
49 7.538167424891458
50 -10.575732490793621
51 -1.873993454563355
52 6.909722042229789
53 -52.9911980177415
54 27.094058383506876
55 -56.80847984049682
56 -4.974407952406214
57 -2.206652326274733
58 -33.67875112020129
59 60.65899177859817
60 -4.351957990107247
61 4.962147825879655
62 31.367493353963223
63 21.154709239931186
64 -6.062709081429364
65 32.91055861549237
66 -60.56113264496714
67 -21.81241934478637
68 -22.99163755537942
69 -10.75387952704446
70 -28.449470107126544
71 -29.9768401660745
72 -25.794797487493828
73 -12.559781210761642
74 -6.071067564266071
75 -19.70703735224545
76 12.03031904327442
77 18.691282495946638
78 -16.641503814077932
79 6.910475031214347
80 0.43451785482585265
81 26.949347627780046
82 -7.719431379423373
83 -9.87724202011782
84 -7.400839306005172
85 -18.111539291370764
86 39.55565867354542
87 -28.908876001516077
88 35.123611264540315
89 -33.50765271324226
90 25.124345764608496
91 -6.722847165561663
92 20.98949169512234
93 -27.62223034943401
94 62.8962265298586
95 -2.969688025040655
96 29.082550299794956
97 46.356005056617136
98 -24.52404897824588
99 20.970033310013942
100 -28.45202265861651
101 -14.837580323524042
102 -23.718634222107106
103 -13.25936090008852
104 -34.67195560365908
105 -66.34416849292555
106 23.016440601585863
107 -50.34859977141596
108 -5.629975750173872
109 -64.13469132503184
110 20.625983974064727
111 -23.41835741572054
112 -48.21888079994001
113 11.44670518049109
114 -56.86885948877514
115 48.09814592819819
116 -87.2239582141908
117 93.56746477676371
118 -90.97830196120155
119 84.56696775766967
120 -51.36626802722242
121 63.98729370299137
122 -14.862627878836943
123 38.94439934531848
124 5.5792278810973635
125 10.878568519945166
126 1.19371086472606
127 0.0
