0 0.0
1 -5.429350775955452
2 10.53051277433479
3 -24.492814227422357
4 5.505578414964481
5 -13.479787911584694
6 -45.598874744195626
7 54.20633307322541
8 -100.98998402229776
9 38.51619604947308
10 -65.31138181136306
11 15.758860520810332
12 -41.006446633579195
13 -25.21814187779966
14 -8.445296181762622
15 23.496727952490463
16 -59.612397390115824
17 24.345708363566445
18 -41.40558595578644
19 -61.63644987506027
20 14.385790247261466
21 -76.79727558853082
22 25.53785346038885
23 -80.29959413482035
24 39.28079333763361
25 -60.1085128278835
26 58.90573861937026
27 36.018987816644874
28 -10.226390282748183
29 52.60985739759226
30 35.6312739715523
31 12.442374149909813
32 29.43669767762883
33 29.604502544036443
34 -3.8718710870461663
35 -19.47832274297314
36 12.92786351995622
37 -40.18283861960106
38 11.148973523936698
39 1.6400085915922384
40 -0.44605140224780987
41 21.34313869290064
42 -35.33634234993753
43 21.179896156693435
44 -21.13645929634244
45 4.965086794539044
46 -16.452241889627867
47 70.21638141251044
48 -53.93137386458499
49 46.833807609148266
50 -69.748129785258
51 73.23876559318893
52 -30.48202692858543
53 -7.61697454781338
54 26.636581830700255
55 -27.4801872158259
56 36.07208085879875
57 -33.04147231879088
58 34.666716350118826
59 0.5354585164861483
60 50.664266134905446
61 31.08234057673181
62 -0.20437889211866941
63 24.15671213016428
64 33.56965576012763
65 -7.706488383257898
66 8.154601409567013
67 12.902725585778883
68 2.5601941830311365
69 3.561281723313874
70 -8.156076796028342
71 -14.088778403975203
72 27.57789542493927
73 18.298301923183946
74 -30.083215245644514
75 7.2820930017747605
76 6.825548849274634
77 -22.598072793338776
78 -36.80973116086417
79 21.6678792721322
80 -63.14881928648284
81 4.183655026173005
82 -18.761664218087645
83 -42.081701486216616
84 11.435619491310252
85 -9.622310262080838
86 -48.50377137389672
87 21.584987637379427
88 -48.925366424214424
89 -21.979393607499706
90 2.000952236898603
91 -67.32474235713357
92 65.17216381489973
93 -98.82145402485624
94 75.31809902580878
95 -10.704970339565529
96 -1.1489608518225436
97 4.915450594171864
98 24.35107185217968
99 -31.12715028721877
100 9.25937890183903
101 -35.496461485631876
102 23.013899141525954
103 -31.597416961913158
104 43.50438894960761
105 -12.60877987872823
106 17.6756845673625
107 64.69906428936866
108 -54.145593150804174
109 51.80654243750344
110 -61.28117507056531
111 30.000201016283096
112 -42.29404182268012
113 52.165050615194225
114 -35.272786731416645
115 21.01176437764599
116 -1.1534125190964999
117 1.6342257308501007
118 -43.173336135120856
119 65.62555078959576
120 -47.009667261215895
121 38.39288615052426
122 -12.977917714571785
123 22.618674333502124
124 -4.646016293638565
125 9.673643108631799
126 2.252320472442914
127 -0.0
