0 0.0
1 -3.4601737939808883
2 9.027406305218483
3 -12.75911194021585
4 4.633674630260782
5 -20.23171226175809
6 2.3995682224584782
7 -32.97716923318228
8 1.405401012995535
9 -60.16548354261659
10 -14.535295487065842
11 -41.25927719487648
12 -26.949547424011495
13 -28.17943369482649
14 -51.094520177456715
15 2.295795466910793
16 -50.678222796468816
17 12.250540581829243
18 -59.75134041909521
19 23.478068021372312
20 -36.33974315404788
21 17.979904605452706
22 13.879512022892586
23 21.41502074008528
24 -9.58155786798159
25 11.206851653340673
26 13.404495855625271
27 0.6711786339542664
28 -9.175284801171648
29 -38.78923252042672
30 45.134988446999316
31 -41.03868027961494
32 -8.517862975178828
33 22.89064850261196
34 -32.457185378739084
35 1.9173399500323642
36 22.62125007437515
37 -37.68189178261395
38 -23.236044587021702
39 34.961583332645375
40 -31.4119764608522
41 -29.883618658255813
42 74.76159563056396
43 -71.26269108354487
44 30.35505000967553
45 5.976398255016415
46 -14.369781547809104
47 -17.961971381269905
48 35.98415372173526
49 -10.75468736421557
50 16.557468909388835
51 44.174174458516916
52 -27.935808969335035
53 68.22125003124113
54 -44.92192869212739
55 47.36407499032522
56 5.579896385092092
57 34.16549296160502
58 -3.7714882678164128
59 -5.195446295541785
60 -8.627164874302833
61 -1.0041396099187763
62 -37.681277594775146
63 6.57188401424904
64 -27.61879793062933
65 15.048823451358595
66 -25.556937059775034
67 -0.8978493924477011
68 -26.046986108424115
69 33.32261166467451
70 24.410247832088054
71 -31.37310292615768
72 43.55048147487618
73 -26.74583732822606
74 51.19273708272812
75 -72.07964159414794
76 47.88145812591441
77 -68.94149589260678
78 -36.143030663908256
79 5.992156690595066
80 -77.87435444080427
81 39.83732534244438
82 -24.54861027455398
83 17.85854538636411
84 32.78874463161191
85 -9.521764516150524
86 8.011467760824043
87 -36.881261089739745
88 6.515619884130454
89 -13.398403293419468
90 -18.268230930820774
91 3.922467322782587
92 -20.185108358156967
93 23.232972311414894
94 -102.1860068422099
95 62.47478762481268
96 -103.20625829247315
97 37.46014696128943
98 -16.259460083953496
99 0.853129670928709
100 23.22831150264265
101 -19.760773478354842
102 70.54154743582814
103 -55.72961475184896
104 79.3314141504653
105 -30.556490581841814
106 58.66040251816336
107 2.042811991701711
108 6.751200059159522
109 -0.7032521398437241
110 34.71376458197059
111 7.391842611385706
112 43.73991077650131
113 -16.550208435617563
114 8.864215802067228
115 -34.84409699397076
116 -5.41095489026608
117 18.666645053958824
118 -51.434490416568586
119 52.60674431292719
120 -16.333302322195113
121 57.987102616939815
122 -35.96259480342126
123 46.60900041299918
124 -7.969195034058091
125 10.03860289794518
126 0.312353461554889
127 0.0
