0 0.0
1 -4.930424668657483
2 16.38405939693591
3 -25.16092250419836
4 33.6482443681664
5 -24.10387403804594
6 20.175835030279536
7 -10.370638025377433
8 13.76120570205859
9 8.861302364155215
10 -72.47308085674241
11 39.487882901379976
12 -106.84182609169022
13 15.338494253270882
14 -59.51098237261292
15 -4.988350592883818
16 -45.86767770968598
17 -15.161135096674236
18 -78.78262732068696
19 23.262975424237368
20 -62.3775748591067
21 51.456686765340514
22 -55.91170059866614
23 -7.697896212491294
24 21.25703057128662
25 -67.25682897526194
26 39.103216164019386
27 -59.08224319565804
28 20.767756853912033
29 -53.004194221748875
30 63.18500228758177
31 -16.431220994260187
32 -8.458363108042285
33 -7.81305860607845
34 54.450156775129386
35 -8.76141720377685
36 -8.968660123689943
37 71.71701367426614
38 -70.99525588004589
39 62.310892050530114
40 3.1450738339270132
41 -22.14220111688693
42 33.58224854686479
43 1.9008696107266798
44 3.2040885061108004
45 17.98027720713094
46 35.87269556203679
47 3.77448298048723
48 21.10157780900034
49 13.051610137752837
50 5.045333026656318
51 23.440596670421193
52 -25.941997954531768
53 2.1758172997405945
54 -24.805049790189397
55 -1.4000759893657093
56 -42.37254950735645
57 7.775298710605514
58 -3.319817081600244
59 -12.048856709561656
60 -32.52151262665859
61 8.414910269883334
62 -64.60573266747964
63 -30.470128730428712
64 19.480581427518995
65 -61.276103911355214
66 37.96450550771111
67 -49.97480447609439
68 -20.598194443122978
69 6.116158594211881
70 -29.133304238604843
71 14.63857297901087
72 -9.853819422682314
73 0.8491397157364694
74 11.609647570058295
75 23.15560186353858
76 37.67597468604421
77 38.28930383795397
78 33.34996580466196
79 43.079515659299176
80 58.559231309629126
81 -9.177004601392952
82 77.52197539167479
83 -11.895331291309496
84 -3.6400749709311517
85 -5.304404575883609
86 14.290053421974863
87 -21.35199161899916
88 29.579917586340567
89 -34.64809591972022
90 28.769291773956162
91 -2.5318680283626844
92 -38.64765304029399
93 33.672066010452234
94 -60.9473022671594
95 57.48922865675899
96 -61.47740891270867
97 9.391646752688258
98 -29.166319982446815
99 -2.4084667987642647
100 -14.407134517817939
101 -16.136227489966107
102 1.373178135536554
103 -41.91719039724817
104 30.18143604069751
105 -37.74091335772388
106 -8.847470795207476
107 4.497774146494353
108 -55.37923506327167
109 19.725642774485106
110 -22.210479680191007
111 -44.799933008324864
112 -10.395866342360101
113 13.28151096455562
114 -33.45732043395136
115 -19.458043278246222
116 14.36109833595791
117 11.143713322179767
118 12.171104595976532
119 37.20257920158062
120 -37.20518688606282
121 82.90784999363612
122 -27.55594161524976
123 34.67316293340764
124 -7.912213145570735
125 10.152731351068772
126 0.04134224518070813
127 0.0
