0 0.0
1 -5.003413664305999
2 13.785136565373035
3 -18.699945708499683
4 -1.9152486100107766
5 -17.21165533996481
6 5.480173861422524
7 -31.047106684273214
8 -49.42319573833278
9 -36.44570684128405
10 -51.77073289565074
11 -55.52185094922976
12 -37.9001194407852
13 -50.15707035257689
14 -75.51318095811476
15 36.69503117247294
16 -99.40776691897098
17 25.80538272000469
18 -85.26045077993085
19 -26.84680656615503
20 -59.10529859803442
21 -15.719877323482487
22 -3.8460425685413164
23 -7.8231474875896465
24 -16.679736667579007
25 26.812010267246894
26 -12.617378829516694
27 27.604717901966872
28 6.481168361772441
29 19.349116001074236
30 14.445499447517527
31 15.40171384703226
32 19.071562702761472
33 -43.29683260675535
34 85.40123313358264
35 -58.49621812541579
36 26.807733739434727
37 -13.604465533774862
38 -33.14111534352898
39 32.14903482518792
40 -22.57438939094291
41 9.147283837627883
42 31.765262886401334
43 9.382218311311709
44 23.48183316104655
45 11.481827762405374
46 51.641246657360014
47 -7.4817975608299285
48 15.105264208231366
49 14.490072134871907
50 -44.79667619920453
51 55.70131787103456
52 -45.60418570113629
53 37.611083373566444
54 -23.23001550238487
55 2.506596154482445
56 -11.95892542294666
57 -13.991259147588002
58 -3.675082761020693
59 -34.55434336123241
60 32.51184805917137
61 -22.503269414951202
62 33.22310413897562
63 19.1647702965899
64 -28.695967763506623
65 22.086297408416723
66 18.222110835291986
67 -30.542333735582364
68 58.297598107103596
69 -14.286754715721825
70 5.229347478511153
71 -42.78996011314454
72 43.466591684575235
73 -37.387019960558185
74 37.96110047506168
75 -25.294190415370736
76 33.948832101947964
77 0.2824123137371606
78 -38.33512318575075
79 17.086556788418186
80 -19.838084082977723
81 24.352724094364575
82 -45.71938620882931
83 51.94553208461063
84 -83.42391268908449
85 12.732643865847479
86 -7.642884891276132
87 -49.57819335027311
88 -8.882183456687986
89 36.65530617301308
90 -79.21248413630403
91 40.40667402590302
92 13.037361907401545
93 -30.271343005423933
94 41.56379668952286
95 -27.714604201035655
96 -6.6514002284243
97 49.283381399839506
98 -46.34842468299121
99 20.943249879290352
100 -0.7032341204274435
101 -34.285927058945404
102 56.707067843630924
103 -14.14088663816527
104 26.247173772526356
105 -8.93531990249129
106 56.709323736255165
107 -22.107836268834063
108 59.03899379343879
109 -50.28925824631377
110 30.055640951713144
111 4.956798229678935
112 3.0510000644580475
113 15.208935691108405
114 -16.773715402655174
115 32.112103634594085
116 -66.06731552884504
117 28.954629260835624
118 -73.48934589167499
119 82.81281165483867
120 -80.5473329663114
121 64.56459429346243
122 -6.484711272908
123 29.684764938729504
124 5.726072628308208
125 11.23557234035169
126 1.1905193375663154
127 0.0
