0 0.0
1 -5.073862417446432
2 15.387266368927405
3 -17.60766007772082
4 14.965326448664694
5 -31.014555166584113
6 27.163949949717434
7 8.551687051417536
8 -9.981634716749026
9 26.405389076030048
10 -25.442446092725262
11 56.12082768117108
12 -89.97987087923256
13 72.78766804470278
14 -109.66312552800235
15 7.082257311773836
16 -45.68851342986825
17 -30.818676963126574
18 16.932318708170058
19 -36.782469510751945
20 41.87502245385213
21 -31.378951979483947
22 35.66115342787115
23 -2.9104043359519642
24 22.3021673920236
25 -22.628279543626746
26 14.385666730645772
27 -37.50106289445675
28 -14.438780125001134
29 25.236898001554255
30 -46.83062771693248
31 62.48489382604228
32 -92.71122132335626
33 28.088341040963027
34 4.94584921105534
35 -31.65785121748282
36 27.900736349423767
37 -10.597081468257194
38 6.197426145381062
39 -16.98574687955221
40 9.52264600445549
41 23.55536395760604
42 -29.001296584692675
43 45.600600234663276
44 -6.027974508933849
45 -8.280045888753012
46 -15.87516881486745
47 -1.6856919279882967
48 -15.938753090148436
49 -29.178835550468907
50 15.94048444634755
51 -28.505209403721064
52 25.841553615890476
53 -61.58742390761796
54 42.40678500789588
55 -4.522133988255533
56 -22.476114591622924
57 -2.4799552123889748
58 51.218636665613474
59 -8.105043209626212
60 24.371859452723086
61 -15.896926741195072
62 12.443632405089236
63 6.701603644285474
64 -1.010337887654947
65 -10.155187634405298
66 -11.359473860916767
67 -5.6693485359246845
68 -23.49561014288404
69 -22.642832716632398
70 -22.932800014650397
71 -17.874269811163103
72 -48.042683232259506
73 43.344519649503994
74 -64.62775556309734
75 25.193749122745828
76 -42.6501945872563
77 18.576077047665475
78 -17.92109250388542
79 21.15599968286263
80 15.42080268810081
81 17.86372608975515
82 28.689086667261062
83 11.856536867576796
84 37.625224043676404
85 22.305159389398476
86 -15.840875102817787
87 41.330792174346726
88 68.451553561591
89 -6.27157285123075
90 53.52967899054519
91 -2.8812635292530886
92 -34.074148630607276
93 45.01200054327933
94 -57.31107726711127
95 -6.448325172748881
96 -12.543037185542177
97 -56.68958024815758
98 38.22936467336501
99 -66.9360723170957
100 35.208340898895614
101 -41.71193404097809
102 21.58040937332915
103 -8.618366020376046
104 4.282672774000011
105 -10.835146910969037
106 -36.05316544802724
107 32.07197111175485
108 -19.581864118058974
109 24.111690553291044
110 -57.65853682246601
111 48.033915495347834
112 -35.89925757620358
113 -7.7333188724436885
114 16.61013116742728
115 1.7534444161018647
116 -24.21552355757203
117 22.860484798191948
118 4.229593142813733
119 -19.02972492968891
120 -17.44653957223787
121 30.39797848564827
122 -35.97674684179822
123 25.157638513293072
124 -5.937956791397035
125 10.67457745250055
126 -0.23379061650202132
127 0.0
