0 0.0
1 -4.382067143636037
2 16.943140164225508
3 -28.02796167124966
4 40.36323006457123
5 -26.17737506969173
6 41.86159835372124
7 -30.204975792178054
8 56.153235503401895
9 -11.375753635861601
10 5.771022150008122
11 47.918557255053166
12 -15.90250395238469
13 30.76427366613802
14 -14.195679037232503
15 -24.02482684781776
16 -22.798438805301778
17 9.931482873420794
18 -17.013163346762063
19 -36.47208405073668
20 2.7467790189492853
21 -74.61657914867274
22 -9.639343720971342
23 -44.10385303188851
24 -70.90491999007017
25 -9.58821742622802
26 -87.85859031981214
27 17.449593563092055
28 -56.017002279367645
29 -21.210753985409376
30 -51.9883029869222
31 11.669368920960062
32 -14.69882655406756
33 21.226669544471417
34 4.188534752442515
35 58.83401938185187
36 -2.324829925379781
37 45.88622226624841
38 9.995349691953054
39 6.9864824703378
40 -21.938905997116805
41 4.187769495200546
42 10.291918759339483
43 -63.33401366817632
44 72.88906928049589
45 -57.41492124748802
46 47.62604642232328
47 -45.83758692228079
48 31.01833124653636
49 10.56842780060505
50 -60.41187105089399
51 -15.636624032347799
52 -25.747779776056895
53 -47.74182634336296
54 2.4030290962006475
55 -10.561607628494501
56 -10.454179343861867
57 -2.42205593406645
58 -31.30147521709242
59 50.49450802484283
60 -21.147607143070257
61 -8.392829164289083
62 -22.31741147227162
63 0.8210287265247643
64 4.741894237401237
65 12.195578658660107
66 20.029612888602596
67 33.76628779635183
68 0.5338566717870774
69 70.99229959266674
70 25.219120990972435
71 45.39141516205671
72 0.1960695422822451
73 41.4597423284641
74 9.105473382369672
75 28.646749423571713
76 -16.7446754964487
77 -9.194669718084237
78 34.60058886801946
79 -51.519454665974834
80 -23.210362563832838
81 1.836166043414402
82 -31.11486746019243
83 -2.847176499586206
84 -29.009142075007418
85 -17.048134283877534
86 3.660604788817138
87 -59.30357844494263
88 -7.276866918669833
89 -14.589173115593077
90 -62.735953841345555
91 56.38589701555109
92 -40.568253319784276
93 -26.00785820338835
94 35.727233918166554
95 -31.428325117821053
96 2.058649205547912
97 16.467985217130177
98 20.962165381531314
99 -25.70197768650901
100 38.18565933119332
101 -51.049432118269344
102 88.66787186608222
103 -82.32794069354397
104 74.63149996632703
105 2.8439748729793357
106 5.4460064047819765
107 -5.417225857624927
108 28.52771984670959
109 17.33685853975
110 -10.474722557899584
111 56.631472070396946
112 -20.657323076473748
113 0.5311110083164488
114 -62.20175807361607
115 26.825704435013343
116 -74.01956038440453
117 44.321160458125505
118 -58.52619299889302
119 60.79848169598573
120 -63.52714134880103
121 77.29770417201107
122 -50.39928686130995
123 52.47473141784294
124 -17.024241155637036
125 9.28705765104879
126 0.4681748706927158
127 0.0
