0 0.0
1 -4.001857240382039
2 13.589009693888908
3 -20.933994273818502
4 15.975420983411588
5 -54.4264225427002
6 15.906794435444452
7 -37.37756688588798
8 -4.315362685755254
9 -23.235986331340378
10 -28.643230971280698
11 -26.70656426721438
12 -33.4050758125586
13 8.907082721959023
14 -75.29402296135504
15 8.830100356195757
16 -61.814064417397105
17 19.056560814807863
18 -23.034035154478726
19 21.026408277075404
20 -24.81610002369069
21 -34.726542852729686
22 20.761099066786773
23 -49.553848300334096
24 -24.2717279157932
25 36.045278528378105
26 -45.4249719663247
27 17.3448529071266
28 15.254321011410742
29 -33.17845517469203
30 71.46531710382891
31 5.737889418913396
32 38.692325521636455
33 19.723628611618313
34 0.8476287312891632
35 16.542363242033844
36 -34.563788658143615
37 31.23357886975104
38 40.51196958031804
39 -3.1869561606574472
40 42.04820744325184
41 5.318831658507289
42 -10.19777543566176
43 16.657429465523567
44 -45.38017988807534
45 14.64348188483446
46 -42.53585943468911
47 -50.47124051761417
48 12.777967479949114
49 -39.88146967643537
50 4.301234077070624
51 -3.090388352590537
52 -33.38929384210651
53 -0.22664680702761225
54 -32.575615497274214
55 11.675025578053498
56 -6.209199723438444
57 -58.633556143383906
58 65.1286761659599
59 -18.772760423176997
60 19.658444759853417
61 35.6368996882187
62 -25.537906299463675
63 32.29522996617726
64 12.689939106955375
65 18.96761218655318
66 17.206597862247342
67 -12.647261492825056
68 39.044446655644684
69 14.30051133271704
70 15.595705212249726
71 13.807722692670144
72 -7.471633704975737
73 24.440448378636873
74 9.760951143389518
75 3.7701362542096186
76 10.746924730109185
77 -6.4892216829535805
78 10.82378330596877
79 33.51197544026219
80 9.483177093018345
81 -10.154849603074194
82 11.46410397862425
83 -6.0283476832692475
84 -15.24990455655679
85 8.52497865375809
86 -44.952054948056656
87 13.534597367971227
88 -6.893365427294284
89 -9.845760426456602
90 27.000564024317878
91 -53.485245420204244
92 76.98731416234915
93 -19.12979309365663
94 -13.792945676450156
95 18.406116440904444
96 -18.16747522320233
97 27.253201193886422
98 -33.535896256164655
99 -7.323560651050491
100 -81.94754929199233
101 17.370591115954255
102 -47.842705260293336
103 -15.45453461656615
104 8.449977321959887
105 -57.04561396355852
106 14.258118434683391
107 -42.90775068688996
108 24.362004518156002
109 -52.553636884132324
110 -14.0374650733299
111 11.657600644989412
112 -50.364865468378724
113 32.90742434736337
114 -34.547279290675505
115 55.261813736338794
116 40.092209279775155
117 8.078595723504048
118 17.751753177717518
119 60.997976122844435
120 -28.67602951937534
121 53.073544457815814
122 -19.23342989142496
123 27.834140891414595
124 -12.114274174545695
125 12.534175592453625
126 -0.6259289405252153
127 0.0
