0 0.0
1 -4.001930664402541
2 14.336007426466072
3 -18.6684752571357
4 14.28286355448123
5 -7.004780562379545
6 9.041026649813734
7 2.8157338881584644
8 -40.696811191084024
9 6.160660585781676
10 -39.89138718313422
11 -5.13689803364519
12 -71.80873002174071
13 -50.828006168208724
14 -72.25710637166783
15 -3.448318202052484
16 -24.63113701960193
17 -29.678747879805382
18 -2.2796896823478106
19 -48.93961649549762
20 38.83791324062677
21 -50.08190201002052
22 -11.48919466461464
23 58.828349302576584
24 1.2438617245977381
25 26.765934337533917
26 30.837980864643757
27 32.064157455074266
28 -23.8018009972742
29 8.567182094527213
30 -30.866113876928438
31 -50.61285062404985
32 39.11429087296751
33 -57.72331517473655
34 -12.840754564689508
35 36.904060681150874
36 -46.38738826548479
37 3.1600123338763035
38 -23.939800532226798
39 11.40254184773284
40 -22.874399947424433
41 -17.94348566393053
42 28.666458446483162
43 -79.86913879456456
44 71.18662517190977
45 -60.642873322719296
46 21.175342268112757
47 -6.933029206719557
48 -27.540424531040905
49 50.2629028563881
50 -71.62000229803105
51 36.71230218986806
52 -48.77661609966954
53 41.589474697935344
54 -27.691072767436125
55 39.48721021742527
56 -9.65952472459636
57 6.068948692740944
58 6.714323760228852
59 -31.888655962760705
60 22.772894392914807
61 2.456833120176497
62 -46.95441937607464
63 0.352980548834116
64 -36.57375723394217
65 16.291414726775447
66 -14.638031487175503
67 12.714404304423374
68 12.444503212665795
69 -3.9407623780964944
70 62.1445851459691
71 -23.651988257813784
72 40.12584339901305
73 -37.15823816230807
74 48.04181478277932
75 -29.230275873309644
76 21.682035884930638
77 -53.96278124702448
78 48.75057341545755
79 -38.86579081903286
80 25.080259288524157
81 32.434591563096156
82 -7.9294287824971965
83 63.19322724093812
84 -58.92884439944879
85 62.92824639353696
86 -13.30278844139306
87 1.927042598303097
88 31.57608885454015
89 -38.477633284810096
90 -4.132931185909855
91 21.365557910186844
92 -30.244382018544485
93 72.34797025256763
94 -47.49152767978414
95 30.100192015619683
96 22.165553585697197
97 5.081713539449707
98 -28.136412205416313
99 17.228139832659927
100 15.193919975358964
101 -40.52318230865396
102 60.3015536524374
103 -82.34159102905417
104 60.40271104181505
105 -54.76385104919818
106 36.485862400047026
107 -40.815886469643736
108 12.029292601878725
109 -14.978098013552145
110 -29.8977380550284
111 -10.950444637372003
112 -19.202238491402262
113 -6.954375353687254
114 -7.520797746090927
115 34.20629108858025
116 -13.35089897930568
117 72.34160258931134
118 -71.86519262854442
119 93.83523489769273
120 -56.497989171077755
121 43.40939824950307
122 -18.57104319720338
123 24.3639658092517
124 -5.267037990661296
125 11.030548285548614
126 -0.3377019469247868
127 0.0
