0 0.0
1 -3.297642006431205
2 9.746218307682573
3 -8.064943338327527
4 8.064254839372367
5 -14.019731691265074
6 -11.227582534736117
7 -36.53156792770533
8 -0.7636741955885374
9 -42.19753065423094
10 -25.568621105979368
11 -40.305342803546694
12 -0.43182860783800975
13 -46.2927920963221
14 4.062137506267944
15 -36.68709936235703
16 -9.630580505707194
17 -25.431560792586385
18 -48.83062028802828
19 9.271040365651881
20 -28.239495081046577
21 -17.13172400383795
22 -34.593000590009474
23 9.41545959079272
24 -36.94536027361836
25 21.724493948368192
26 -24.55284792826559
27 3.6111296442615446
28 15.173959185101532
29 11.063154605717003
30 -1.4637310172274567
31 18.48532293202327
32 6.3257524724688174
33 8.952311908494357
34 16.488828549951833
35 1.2586657806789927
36 11.454281743671308
37 -22.42301242498024
38 16.874679544008753
39 -65.44308373791267
40 -10.337686446816804
41 -36.24552709143037
42 -4.429857828950234
43 -12.364430502789059
44 -9.67914175733363
45 -13.554443243591226
46 -19.351716911251227
47 30.52843989743342
48 -36.86497983919237
49 60.841906893409
50 -38.38978307021118
51 8.733833628446558
52 -22.57826437593364
53 4.431798406591579
54 -10.43365704218553
55 -13.186028757661735
56 -14.864155178460154
57 -25.842005940284324
58 32.54167229431411
59 -21.52710574108761
60 6.364121014379883
61 -12.747742813258288
62 25.653032998452414
63 -31.277223016444395
64 -10.208706980180141
65 -46.91620517330881
66 20.51442596689072
67 -8.456586597661376
68 12.588740470902943
69 28.657105235204988
70 -51.40242140078095
71 108.19523012150952
72 -30.25653840587766
73 93.25768269350921
74 -17.470898467895186
75 5.873966370243228
76 23.62418589878866
77 -21.46316453674652
78 -0.3837823604368926
79 -10.061750577927997
80 3.9262122535185675
81 -35.76273148406755
82 -20.85768771917126
83 -2.6944014200183006
84 -54.60493917674679
85 -6.269397884839245
86 -32.072316644838295
87 16.85268228869909
88 -67.55663579445404
89 10.553402921070926
90 3.9069162550147953
91 -63.99332264748565
92 98.48112038443836
93 -132.90359692914123
94 151.00308298709197
95 -103.09247913490563
96 74.39130378129487
97 -33.07811669905002
98 61.612386150287236
99 -7.354342860315829
100 44.21586351103467
101 -1.4499001109102663
102 5.182182568788336
103 40.45563982222621
104 -39.46985609290926
105 70.89197611751374
106 -61.42971530283516
107 113.8953281395752
108 -72.36259303827374
109 103.36829163892125
110 -65.65366077909951
111 69.73521148081981
112 -73.22699366413268
113 14.50781311116228
114 -24.477439479776972
115 -71.38117512494358
116 -5.4172938397363275
117 -6.346275231444284
118 -10.409104542589935
119 14.032166202904508
120 -24.661864526104406
121 49.47382938374161
122 -20.502636929531874
123 26.60612221705011
124 4.952288506315322
125 10.702554773063925
126 1.6275573222678703
127 0.0
