0 0.0
1 -3.6905340521658294
2 15.141885643576945
3 -22.860492468616705
4 18.367790670506658
5 -33.57302558357015
6 4.647097400591033
7 -39.25093896898653
8 -20.308614889946092
9 -30.576909529000922
10 -63.07914442736855
11 -30.408248712090902
12 -78.61861920606874
13 -10.616720590366304
14 -39.563485958046556
15 15.881369138783652
16 -15.703675225920756
17 28.996920776374097
18 -16.081702278624523
19 -1.0044776399840118
20 8.764067343743623
21 -50.54490619520492
22 22.611732300639318
23 -21.928390727732257
24 -37.44630240016212
25 -31.261273065323266
26 4.025951428053873
27 -37.8308404381199
28 0.6381017360141661
29 24.06234686812887
30 -27.84258443896516
31 35.8629824654317
32 -16.0231877203909
33 58.78182127596268
34 -84.31782804141231
35 90.90896462240944
36 -64.20561960940326
37 64.35257168178393
38 -45.84895771408496
39 3.2150374502013572
40 11.540151929132325
41 -28.306053468520776
42 20.33505443247567
43 -15.344876261974942
44 21.013293199200636
45 -28.389607736746186
46 51.93721587619118
47 -21.934022062047053
48 30.535286934804805
49 14.046415438576581
50 -10.650860301764505
51 11.061318827266255
52 6.3295988564460135
53 -9.065755295069303
54 15.167767489170108
55 -5.627702443053076
56 15.962011400660499
57 -31.870294987079443
58 12.852728840613354
59 13.591364720688443
60 -1.861547955760099
61 31.45147900236808
62 -22.488253061657193
63 0.8872059439674966
64 1.382934997657435
65 1.4807832546946753
66 0.4685456089998403
67 49.441619672028594
68 -9.48864039950065
69 -1.6258835581876638
70 -26.80790438463502
71 8.802099365671246
72 3.2568168380450704
73 -39.744223490800884
74 36.79749446124701
75 -112.81100441259558
76 29.333997004808303
77 -73.93546422674908
78 -44.87953122515739
79 -26.860950421995593
80 -49.000949610159616
81 -26.06008400801595
82 -14.739924238692629
83 -26.708655633911107
84 -0.550694275520231
85 15.09675410277606
86 26.55036064812165
87 -47.961654745425484
88 54.20396319506638
89 -44.93674536303768
90 -7.635043420090182
91 90.55393990891928
92 -58.57649812369185
93 115.49694661544069
94 -33.441622484328704
95 68.6903743080025
96 11.65000680973612
97 57.59694565444896
98 -14.887135509255534
99 35.9322212370842
100 -18.74989259783704
101 46.503145707090134
102 20.06411576170596
103 -3.8663473691967187
104 72.38849908008967
105 -98.69678935908047
106 53.1673685074618
107 -60.66602501033392
108 53.880253904357154
109 -49.96021748894225
110 27.430794952947743
111 -36.97794923607146
112 -32.894405068146064
113 -14.471194377743194
114 -70.54710293279079
115 18.972582620338834
116 -88.72814894679821
117 57.02181807921008
118 -62.73704103854046
119 54.42420867297897
120 -0.018517010233106927
121 42.54998302466121
122 14.850885203169577
123 30.322056130511896
124 0.062160047014344626
125 12.21588408200513
126 -0.20490464204640033
127 0.0
