0 0.0
1 -4.110694302547117
2 11.951162277404759
3 -23.878743078090974
4 30.130932344834832
5 -40.73498342988334
6 34.8189867246617
7 -76.37061574233934
8 6.18121073957666
9 -53.15443013938154
10 -26.894778854813815
11 17.55832396808934
12 -64.28807202720438
13 57.01907867611326
14 -64.05524428322472
15 52.095450527664205
16 -48.87643417003595
17 15.855034934127783
18 -19.154632861486526
19 -10.835534513106532
20 -11.446807829912595
21 1.5414272643641267
22 -26.87948955009457
23 51.66298313804501
24 -29.560848996061384
25 18.10767392757141
26 27.40692129504198
27 -65.90952950063021
28 67.95496821771388
29 -70.92330580317032
30 74.75153570191283
31 -42.839639688476055
32 4.607806307588764
33 30.859051820978657
34 -39.63635590751543
35 67.94382791237202
36 -67.90645169159274
37 76.58468850172578
38 -31.994091762921155
39 9.845520740505114
40 -6.1577116730515975
41 -11.959088268642349
42 -16.75100787849602
43 6.48288313879364
44 25.19549883449581
45 -29.715424020468014
46 -24.134798930126838
47 -37.00805205946103
48 -45.58904124160131
49 -10.685972357295904
50 -5.4115484137740095
51 4.662188946050561
52 -19.297575072107474
53 -18.47384520623456
54 -23.191277542154264
55 -11.234165472018269
56 -1.0041154156516252
57 -2.0785178742683255
58 9.172155328228554
59 6.002917291256572
60 8.779442898939294
61 1.446671842760569
62 28.753527400345423
63 -38.43823827368883
64 17.088914708683244
65 0.990180534022801
66 8.888553987909654
67 6.747241190942583
68 -8.989771477683624
69 -10.260763178360932
70 17.318920640438122
71 -11.088356506323892
72 36.19182803715229
73 12.026129215346726
74 35.01085265315883
75 40.668519227863925
76 12.745358206718324
77 66.97175147359071
78 -36.74368622174993
79 71.92922938229663
80 -5.132583775555135
81 -2.1114190919419364
82 2.5469623712367713
83 -58.35249587816329
84 22.358926014921312
85 -38.14920756179235
86 -26.551547187220574
87 -12.37994104823442
88 -8.508363391356115
89 -75.38012989242551
90 -44.28760847249975
91 3.0588521038941474
92 -72.85633985521174
93 36.460730576879705
94 -60.889409192473316
95 34.28361294049695
96 -5.251465611703545
97 -28.419214466757694
98 36.57326015115021
99 -33.22319572925234
100 15.151669204624358
101 -25.363620384983506
102 -4.163735459904579
103 -59.80495284768266
104 16.396529380955293
105 -42.25246885213461
106 21.37896743268132
107 -25.29891167029178
108 46.06171600477172
109 -22.534210171817275
110 39.60742276857889
111 -17.30665630717876
112 28.004559401512395
113 -0.6151278918956823
114 32.841792481549305
115 22.159810357798296
116 -9.610679497787514
117 91.06485969738058
118 -53.59366351917115
119 108.74653397116977
120 -80.12066257499245
121 116.42645298520357
122 -53.47640947970994
123 43.38932289590981
124 -4.452425102269165
125 6.268800815042262
126 0.4097376577181938
127 0.0
