0 0.0
1 -5.158452914037508
2 14.523906298926589
3 -21.951000074796024
4 10.399905853267216
5 -23.57159697554088
6 9.670725977381247
7 -53.06612031015187
8 -37.71804763999599
9 -41.87530180096373
10 -42.73930529615505
11 -30.705354428930686
12 -37.3400665630662
13 -50.00719566500259
14 -33.405138193745245
15 -15.021994497867082
16 -57.55896193296241
17 21.6148332693932
18 -70.67399613361185
19 49.155875109372886
20 -84.42771204884842
21 73.72871417235459
22 -43.37663356245398
23 53.2390808588427
24 -34.2488521892213
25 51.92065513157529
26 6.7253132727621034
27 -12.5717691027625
28 56.4022771504419
29 -61.609268283584235
30 131.4586761705045
31 -97.95285302310361
32 87.5718716539315
33 -55.60538687700397
34 12.398021807721166
35 13.758512321531633
36 -21.785088275101508
37 5.104108605637791
38 -80.87614947861614
39 75.52563774518647
40 -60.4810620149712
41 22.053384755461583
42 -15.123617604034367
43 39.1450602664032
44 -39.93874112301817
45 40.637663197467994
46 -19.53741583949777
47 31.730068025803835
48 16.564870183676558
49 -20.966192697850452
50 22.560116278232364
51 3.637012119506267
52 -38.9531860697449
53 41.49285388730846
54 -45.53870986228661
55 21.93889393745304
56 18.18685884960342
57 -19.159409222831155
58 15.514321897978672
59 45.12379772847665
60 -7.190837374953892
61 4.9724590162702285
62 67.71453469530805
63 -16.8768117108493
64 48.35382628602033
65 -51.49310663706738
66 78.26559581464798
67 -47.292588865888526
68 63.031261897489685
69 -24.58990509929432
70 -1.571315180685324
71 8.873594376703991
72 -17.95766977926983
73 -34.80743959993215
74 -42.74705559965282
75 -10.893260741739823
76 -11.913099560572885
77 -28.35331405330586
78 -17.210786473166223
79 0.17294999565695524
80 -36.773061313853795
81 0.44261762520554593
82 -39.795482894056036
83 -17.479301429342136
84 -7.632792229510177
85 -20.71902936461558
86 -37.5758814103018
87 -50.82566219934263
88 -51.862582289689826
89 -11.326344562401408
90 -5.014724067162671
91 -17.129612240042203
92 -19.82733033791562
93 -10.751644503961646
94 15.927270820244447
95 1.7598984351002873
96 -6.863643410176135
97 32.080974100418665
98 9.620593095550445
99 88.09925160792528
100 -45.08707405335189
101 96.10501845129984
102 -27.42491001838712
103 54.64151897101487
104 0.947293774954649
105 11.599378536185881
106 48.75156434763774
107 2.4214771546419604
108 29.139076956390262
109 -12.347052306907319
110 41.53018071604901
111 -40.06900334824499
112 47.441893483548654
113 -11.277897304312164
114 -10.974945075277938
115 -7.377483859844175
116 -9.295994752117858
117 9.32386705420617
118 -33.462665632737306
119 32.4886039279174
120 -59.14635472662047
121 55.59357500438812
122 -14.246036522513794
123 38.97919735750652
124 -4.452126375820165
125 8.416712876007832
126 1.026157228675697
127 0.0
