0 0.0
1 -5.017606454726557
2 17.173403042563287
3 -25.3056833775383
4 24.55180966931188
5 -36.44421483005554
6 15.700952842332855
7 -25.580392083210345
8 -21.038246549151317
9 8.294030069117726
10 -36.362345503827086
11 -38.147876003924836
12 -2.686345440116162
13 -64.44556846353129
14 22.730765360501636
15 -44.91227421676824
16 15.023963977749068
17 -32.86140883489946
18 -29.92096662272587
19 40.648682140946
20 -85.10650473504735
21 50.03509189522058
22 -74.60523568306542
23 30.624981498401922
24 -33.96748929789142
25 -22.783182346054627
26 20.425336678694922
27 -26.429383248279454
28 39.148861368085555
29 -26.06971910392505
30 44.014836218076816
31 -37.01961162927387
32 -10.968553361013546
33 11.366391521303788
34 -70.4469534714215
35 9.148888613623324
36 -80.37025189472195
37 41.491528388686476
38 -89.13432272225668
39 9.396777815704196
40 -50.116544934637126
41 27.60119669698839
42 -7.243837981099251
43 23.575817077504034
44 10.947332759597888
45 30.975198255791987
46 19.574238575928824
47 58.395568308296866
48 47.92045339955429
49 13.58389822226474
50 34.89094736947057
51 37.0316821184093
52 55.67816734488666
53 -4.201770194554717
54 30.504627477155417
55 -16.025508443968643
56 1.8546253693677628
57 -17.039672023651693
58 -5.371986164118313
59 -62.401662324864475
60 -12.400275415215578
61 -43.82138478217518
62 -38.65314637689743
63 -27.52460131361195
64 -14.747455832717522
65 -15.419138634187082
66 -21.55558122347712
67 8.444576432171804
68 -1.5684859728594402
69 2.714392345881644
70 36.33294816047098
71 -36.79079394291728
72 55.5870232092875
73 -12.039895060796253
74 4.332890269385784
75 19.344369765070024
76 -44.227539353937004
77 7.422911414973454
78 6.912029510545974
79 -5.503208283351868
80 15.733638379778553
81 -11.098797273057206
82 37.7816616002574
83 2.2095008169543267
84 39.28453244605783
85 -1.6958603049151324
86 24.02054636136027
87 27.18294971624641
88 1.4452494250904508
89 32.477627529253326
90 14.511652103121193
91 -4.431921647680988
92 12.335562368888656
93 -32.416838768255595
94 -10.071169190712952
95 -12.816605799574806
96 -47.19244079793471
97 15.942233976709419
98 -58.763694858944554
99 57.68798506828594
100 -68.1948983042092
101 74.14919185622963
102 -58.66349696506257
103 31.39725773396866
104 -7.332646815490167
105 1.38957887985505
106 14.642926202459753
107 -32.8802859293513
108 77.44497259805378
109 -76.41166480507522
110 57.47391136827156
111 -60.050332929689695
112 44.13012645785626
113 -41.149102239484954
114 18.74791081429888
115 0.6581927824339202
116 -37.116209125165625
117 51.232574887991504
118 -37.94959090266691
119 26.788667411356467
120 -26.503621268499742
121 34.856297786805676
122 -24.431027154812792
123 34.777905443786246
124 -21.018830105388226
125 18.844637356813834
126 -1.5021726325612992
127 0.0
