0 0.0
1 -4.843319504133644
2 13.24824268244051
3 -4.890040392691725
4 4.822133722637314
5 -0.24806502911081013
6 -14.586718723157253
7 -44.45482214796136
8 -35.31168730849307
9 18.356917635782132
10 -127.80138587155608
11 71.5556906306644
12 -97.63994916552353
13 -23.680727992246666
14 -37.82677762346427
15 -56.86719100681334
16 -39.094792907279825
17 -53.80294737118781
18 -46.802105258003984
19 -12.371305291037466
20 0.5094754932512049
21 0.8098073221970973
22 -13.35495631366259
23 3.3751798101498074
24 5.886590897745809
25 -11.63778068397734
26 24.09006528645482
27 -30.902031373067814
28 10.745072360886192
29 -12.66053227716669
30 -13.753969377413632
31 58.69918247461051
32 -76.02683584458681
33 84.80913672891457
34 -42.86787857161755
35 33.848987782745546
36 8.397974046755838
37 8.88078440303255
38 38.98852356351808
39 -7.875733926416632
40 58.49858427971749
41 0.10094303342293638
42 52.35372106537468
43 -7.771887034137719
44 16.785510387504335
45 -7.751335231543132
46 -23.1100320494569
47 -28.990746242549534
48 15.008065789103883
49 -33.972933652721316
50 -13.952303363162374
51 18.805047717542923
52 -20.682362019435914
53 -2.5678008027450954
54 -19.741358499548635
55 5.607827767149159
56 -32.72171670774828
57 -7.046386174249052
58 -11.933153978939703
59 -27.037699990302603
60 23.49615384474664
61 -40.94105442213124
62 56.66290337849126
63 -4.1951071754587685
64 14.258941006514833
65 40.948771363083395
66 -21.604789521245067
67 -5.266248203785132
68 -22.28924071199534
69 -16.97534954214717
70 -52.74949776905995
71 2.2548580220769985
72 -36.45459799706829
73 -10.397829530999084
74 -12.917892292389897
75 41.322145213072126
76 -0.4286207848583739
77 16.352089625461854
78 29.89252507237099
79 20.384338513662986
80 33.00228737204722
81 -11.894883590716432
82 53.48501180250647
83 19.899545176569813
84 -8.876734607385018
85 29.083078344589058
86 -12.223517261770318
87 -6.852636352845503
88 6.908752026956122
89 14.18083441146708
90 -14.026356948023151
91 11.797233297190376
92 -18.856926315482532
93 -28.163919261983825
94 -11.820742480175138
95 -20.72672983035484
96 -21.435015989954703
97 -28.78592490035362
98 3.1389721914460935
99 -57.80354036057886
100 68.4954419916271
101 -103.03028553885541
102 35.798410840600674
103 -45.155807836349204
104 -12.490936870087701
105 -1.4019620486599218
106 -43.44919776673255
107 19.22917711560315
108 -63.36342593877759
109 20.66215887682968
110 -41.81633656460548
111 87.42653905210345
112 -82.08786891444355
113 103.53175823423665
114 -21.08850587940787
115 22.357797334258198
116 15.243307320255939
117 64.59463161854664
118 19.66306319682552
119 30.491720424224876
120 46.650890340207724
121 14.569344888094175
122 10.175037209866138
123 18.040411428195764
124 0.5185273900810106
125 5.5148650191887025
126 1.1683921952125873
127 -0.0
