0 0.0
1 -5.040530812691174
2 16.970187357535544
3 -14.185619334262826
4 3.8632267219264897
5 11.91942859430502
6 -39.54924489021407
7 5.837433959241721
8 -39.95654674204221
9 0.9836740840710811
10 -73.25845549478018
11 9.552916834653383
12 -89.16217787998741
13 -17.43761449612372
14 -83.99623933476246
15 3.3875755358822315
16 -73.49276346167557
17 24.740354494094763
18 -67.6576651853157
19 40.87852457096051
20 -21.228746935839006
21 9.625246013913966
22 15.025883790975282
23 -73.38623692820799
24 68.66770226240492
25 -59.76335567684362
26 62.083434290202746
27 -5.285385357141262
28 19.18023572022557
29 2.5015887233104546
30 26.012323105783775
31 22.788056545882238
32 13.17735337964173
33 -14.186135278837632
34 -2.4472976424214505
35 9.369947047858977
36 -77.87678887970277
37 15.091088798079523
38 -57.71819124469899
39 33.482792961613555
40 -37.734235915785135
41 -9.867458595941676
42 29.12729695261352
43 -58.92568934583101
44 58.3629350823788
45 -61.90969270191784
46 29.52699027350347
47 -32.200651118364895
48 1.739320628849544
49 -17.840272354106332
50 -13.219527167320262
51 26.702360089009677
52 -17.003913426554575
53 26.689845033417733
54 -6.861603216331098
55 12.369718150408044
56 -24.347907148817576
57 -9.900060425780099
58 16.80445874928734
59 -35.74116164239558
60 41.91136906268583
61 -82.94620960824035
62 18.532726984865562
63 -25.467914259198285
64 -14.442322116930585
65 19.445500136480725
66 -62.73975538818274
67 -5.947995793531208
68 -26.73983043073773
69 12.561315753436137
70 -44.23247874848229
71 45.34324552642558
72 -57.532563625417026
73 65.80655146499724
74 -13.189018471444662
75 31.6345213371791
76 40.77419465315654
77 13.674769885312536
78 19.644395691274532
79 12.3183448616266
80 8.498560491986774
81 -6.34753581536044
82 -0.5835270059310564
83 28.158344415926944
84 -1.2535024928281773
85 -25.067971940042288
86 30.20494731169123
87 -46.36585055840749
88 4.890138365699296
89 -3.80635516150087
90 -48.75263954505611
91 12.938908878415354
92 -39.790132999752515
93 48.609732714960174
94 -9.529342169704005
95 -3.548880785023708
96 75.09230590090415
97 -17.310038369274263
98 39.94951557072462
99 3.654682083977177
100 43.466317622089015
101 27.044727833721623
102 34.5572878579
103 8.62496282437416
104 15.64680465672352
105 -14.119829980911595
106 25.9932816651415
107 -30.625054222298516
108 -25.569049569577814
109 29.21492823864003
110 -64.63536914318301
111 -8.513117711461973
112 -46.17265170962675
113 -29.79910691232233
114 -24.742404067915857
115 -19.31044516504494
116 -26.24433900313358
117 29.67907801118527
118 -27.22394531555571
119 24.5036966519902
120 -8.748261807606236
121 30.784617160140023
122 -11.658181923671387
123 26.23546798284464
124 -4.490618218239036
125 13.533135296589148
126 1.6421061021560457
127 0.0
