0 0.0
1 -3.063404075400185
2 3.26498767175867
3 -4.663878657543536
4 -27.913475480894398
5 -10.269995611744058
6 -17.631132526845864
7 -41.06344873075369
8 -57.32375347955029
9 18.104419626707625
10 -133.13105979911796
11 66.5972349250092
12 -94.73987956199288
13 -15.799113728535342
14 -9.160201070917866
15 -22.347412708780993
16 45.49252941437004
17 -52.57988866840748
18 60.200508585821716
19 -90.73495011448153
20 31.024032730692383
21 -33.42245443264486
22 35.58206630328094
23 8.095397495247376
24 6.78099643030309
25 7.297113976305355
26 15.649121713940515
27 -3.83757593415961
28 81.72866335410127
29 -41.672298937471865
30 8.433714969648776
31 47.741437882447066
32 -102.78591211998123
33 69.08528772282673
34 -47.653040644123024
35 -12.033453304735586
36 -21.798947778785937
37 -5.354910565063274
38 -37.69093083631728
39 12.586799380794918
40 -0.49825420283533844
41 -29.639966186630673
42 34.86659479784595
43 -23.31027019956259
44 -18.79294646072462
45 -2.288980870248852
46 -15.315296428281503
47 -6.164882398361725
48 -38.87315827941943
49 -18.490454023792935
50 -3.5338760434842857
51 -41.78133068659261
52 37.83585384452227
53 -47.300229460314824
54 40.338298854899854
55 9.200158047175842
56 -69.0765435068712
57 85.37878759253925
58 -66.34461384288115
59 43.43095565268126
60 40.88331471417767
61 -32.29135501929453
62 58.148406731332
63 14.32069622693935
64 -65.90361696789925
65 32.7726829660968
66 -19.159746796254296
67 -0.7700551778011723
68 -29.701167034679653
69 7.435805146403763
70 -34.20666497589286
71 13.783771788171086
72 5.850432958035715
73 -15.251898998235802
74 35.51874656783236
75 -3.3947850725533875
76 43.88477443519687
77 -18.494903724211436
78 22.48543291466729
79 -19.89341882105946
80 48.6111152144179
81 -6.564841318510253
82 -0.3145965310023658
83 -20.508635123845995
84 1.0574124092938288
85 -19.852137246718016
86 31.090801441135724
87 -35.18648735986778
88 27.141613495763806
89 25.916235111470154
90 -5.082344689892316
91 36.538475596786895
92 25.06931708039012
93 37.39091472821858
94 10.644935488613198
95 109.75381380038077
96 -45.235150222750775
97 45.403410117319666
98 -17.446760650941354
99 -12.859100612911122
100 17.122151671410176
101 -72.63922503952777
102 55.06314377465303
103 -26.638810662479887
104 10.918040444946827
105 -7.724304800141031
106 17.966205819808653
107 -9.270873496747987
108 -11.02386039030434
109 -17.191739057875488
110 -43.787187454974756
111 -28.27062059604144
112 -83.82312528451826
113 -29.247416086412578
114 -44.756655011496264
115 -34.30277278357329
116 -17.638316219749765
117 19.378778136967995
118 -48.154687115963746
119 71.61485789142556
120 1.4573081257676506
121 37.751472644657426
122 33.37156527562105
123 27.152544819029732
124 14.840000664616204
125 9.854047447488487
126 1.0149947591374862
127 0.0
