0 0.0
1 -2.0499941952951826
2 7.624035840286717
3 -10.64253343517061
4 16.770719838396108
5 -29.316566225414228
6 -0.47575427488297783
7 -5.324130717097369
8 -40.044432638018925
9 0.4958172213005532
10 -29.80477173386734
11 -23.947799046429612
12 9.071497638523391
13 -46.08547172175051
14 6.51606634427663
15 -14.962719625886795
16 -43.07568036857744
17 -13.517302008811372
18 -10.462036337284937
19 -34.28608728297009
20 -25.516292439487
21 -12.15911329239471
22 -15.791191212329572
23 0.2013090006405684
24 -27.129925438125817
25 56.82329119334241
26 -60.48822210614751
27 32.321554129295066
28 -49.50622125747992
29 3.30519688715764
30 -19.427338710567163
31 33.0233274494727
32 -11.917125637534395
33 5.5068938273501615
34 55.373749878163146
35 -21.469352102252607
36 35.78666247558049
37 -28.599796523929335
38 1.391967074594124
39 -9.595962558116842
40 31.86041269769838
41 -33.02037688306108
42 66.71542284937684
43 -34.30320926411618
44 27.539404487824708
45 -53.41213435468167
46 62.24270562794708
47 -58.003640404185916
48 7.757329953286866
49 48.657892777069854
50 40.79442351927358
51 -26.059923579383252
52 62.82636580210863
53 -14.09920638755304
54 -13.875513117892929
55 -11.047784157050339
56 -22.245951153481027
57 58.68032257136505
58 -52.64193837105922
59 -7.831540169989939
60 -28.079660854416943
61 3.111355057111507
62 -35.4598317093657
63 10.491701219352725
64 -49.989101628120274
65 50.458296001387424
66 -78.73493722285816
67 28.846547783183507
68 -63.2231768042055
69 2.8673981606465544
70 -68.80410707229416
71 15.330706422565282
72 -61.23271765454688
73 -16.20285382356105
74 7.597787734994919
75 -38.29312980139595
76 33.06842922567099
77 -63.04497638206353
78 59.98479331587046
79 2.797199510788237
80 43.43673335669919
81 4.6776298507008445
82 57.87788197706315
83 28.287424468619136
84 -5.097569441362501
85 25.16049194142174
86 -45.33585404592101
87 4.225749846746361
88 -19.15927938802487
89 5.129048713036522
90 12.862663203523498
91 -6.1096374470794
92 14.575530724559814
93 -14.795406670509305
94 -4.545431798554624
95 -13.106053311516598
96 19.212757365400552
97 -47.790136366713924
98 20.30185794080273
99 13.613487780256392
100 -61.248996441983756
101 45.85583113859512
102 -124.75117873150023
103 81.53409097544382
104 -85.23247435437486
105 36.13375123602346
106 56.876982844405134
107 -78.43129835733052
108 119.21455038801832
109 -56.07481999220581
110 76.84755702267087
111 -32.389656914024066
112 0.20463431051557793
113 32.943621245214565
114 -26.465936692374417
115 48.07701481505152
116 30.45179008974027
117 12.514692306780558
118 38.884374476126474
119 9.726749064199357
120 2.158289442385653
121 30.111875234411826
122 -35.75720582229662
123 24.31298340302662
124 -7.99804581374625
125 9.422477394012256
126 -0.26284410490747906
127 0.0
