0 0.0
1 -3.5369518966362965
2 10.695389016887928
3 -4.239541415496621
4 -9.529852766288254
5 19.819489340788397
6 -52.96003947684136
7 -3.294708815876693
8 -39.67661739909017
9 -42.36046980693381
10 -40.022510513909324
11 -30.3256391476552
12 -33.10845954667872
13 -18.299444241276607
14 24.49814243649249
15 -12.446708018142386
16 52.93021125536989
17 11.788682610844193
18 16.432467900016448
19 33.20905810848103
20 12.826923477571972
21 -14.938659876766632
22 25.27422257096897
23 -41.113078572146094
24 24.51010061101806
25 -14.164820856863324
26 0.5805581898520615
27 3.2778069768858877
28 -53.0277142517915
29 18.125089502182245
30 -37.00575220793987
31 36.01770368277963
32 -37.826453791697396
33 14.116656293650838
34 -3.402943779181698
35 -16.650717748471386
36 2.3401951869143214
37 -25.407800887357375
38 -18.181794218522434
39 -23.65574187474341
40 -15.941941370714297
41 -37.590159076107454
42 23.80151157919695
43 -34.74488464292646
44 -2.437819317152524
45 -16.661719650458874
46 -7.863837989801459
47 -21.88319986087036
48 6.737190180105867
49 -18.92091865571259
50 25.91656710212555
51 0.7236472247199576
52 -12.339163098743548
53 27.546359508396666
54 -50.5657641201786
55 57.50052971757921
56 -25.314512071143945
57 23.81879306570545
58 15.032526427845642
59 23.8519147382287
60 24.94003117301425
61 18.101948282793067
62 10.035591922779311
63 -0.779116499976815
64 9.458247140426558
65 -9.579950652531878
66 -2.466765529439208
67 28.45686920455819
68 7.462085813924408
69 13.866272828805123
70 71.21098556067209
71 -24.173279618768404
72 35.292836149938246
73 -12.203951620133102
74 13.83084353671987
75 -33.1027509686005
76 42.55754037435185
77 -26.5817117367251
78 -12.354683927289418
79 12.760077595269015
80 -41.023754779513936
81 7.580269600574003
82 -6.2482568164330266
83 -41.42287356928872
84 -21.943711476833798
85 -16.21891139984141
86 -50.51611758635779
87 -32.45653539576647
88 -15.534159510231712
89 12.643806887914916
90 -76.79232226564804
91 68.07011137149183
92 -57.96017033176736
93 53.79413476236647
94 -19.614784695236263
95 22.52164093365162
96 -3.684934786186692
97 -5.848580857877932
98 44.733465388685126
99 -61.89172623725295
100 20.8061316639304
101 -29.240222319146177
102 34.068244887948126
103 -28.056043609451628
104 36.31329839296727
105 -7.131007444806223
106 33.9474728437756
107 -25.458423555132523
108 54.655663029738804
109 -7.779531616668417
110 20.793782409327832
111 23.47695394199592
112 -52.72047518622134
113 70.6352916232063
114 -102.41486548097414
115 70.14585711711295
116 -77.84854520764704
117 -11.676136353064882
118 2.011145858141039
119 -27.480981620068825
120 -7.959499460466945
121 39.7935174103342
122 -6.667936165805994
123 12.703465836540866
124 -1.8679656264817466
125 6.678147180032595
126 0.7963591236816171
127 0.0
