0 0.0
1 -4.700989756783738
2 10.671435857629739
3 -18.441400610901585
4 28.18297426987556
5 -15.912459170113264
6 11.43512634277782
7 -5.159235260818726
8 -0.34963237944933345
9 -5.752816621601632
10 -42.83580282513928
11 25.263617397575793
12 -33.89395220442368
13 10.954486175569755
14 -26.187864809119016
15 26.11410315439066
16 -39.25098789376739
17 9.21881426006025
18 -10.405887614070233
19 31.381022678907993
20 -55.53103031011875
21 25.07295099394606
22 3.511714839998652
23 -53.4473600710871
24 63.87465386317735
25 -69.40736450299482
26 31.96039185900647
27 -44.12531886872364
28 -34.37014156079743
29 -9.929544495583238
30 -19.670681278589015
31 -48.87562954334117
32 -18.827416420969822
33 18.16944657979217
34 -21.585020420552095
35 27.77942296232319
36 0.16254496692780893
37 -0.7206439422522004
38 -17.93377392222106
39 13.53826847362175
40 20.590595052578863
41 -21.31763215048308
42 19.67930663149751
43 -11.345413840868034
44 1.813807893200253
45 40.609685878704
46 -45.705058415586564
47 31.118630797157337
48 -2.7092510854620624
49 -6.11550333275169
50 -2.227018415369217
51 -16.9876973453278
52 31.03099907569528
53 -40.86885565119965
54 16.545561929880737
55 9.137182278655526
56 -56.2597375304538
57 43.64236982924511
58 -58.22878167386966
59 42.90246965549008
60 -14.669441614446315
61 -4.9739754793495905
62 65.5984931517223
63 -67.75061148691
64 78.70535562067447
65 -33.52983188948008
66 7.721177461036117
67 30.76567180689875
68 -34.47540049269811
69 29.148195971189672
70 -43.602734626667406
71 24.402525291502958
72 -29.057809982371303
73 21.552302253638135
74 -27.63928434491025
75 1.6447986013914935
76 -34.81189893443565
77 -31.07360340811887
78 36.33592244887567
79 -108.63905757117074
80 40.404616158799925
81 -88.07122553148095
82 8.607321566911066
83 29.849625884716218
84 -36.70621028215008
85 79.22682712660001
86 -40.60758442269875
87 69.11212617688905
88 -32.32726422339177
89 42.57131044210783
90 -20.551661082942523
91 23.561443522944177
92 50.89034823907333
93 -23.63810687884432
94 88.1640370177647
95 -22.64126621749045
96 38.34310949674792
97 -5.904854924317281
98 -31.514749944423887
99 -20.570728358121666
100 -27.110362034386714
101 40.57814457435161
102 -56.22237419481058
103 73.23305374674838
104 -11.287926887368943
105 -9.177870720005298
106 44.1677635531495
107 -91.53344102843232
108 89.4535444425594
109 -80.56204088054136
110 48.14349325940032
111 -47.613942105910965
112 9.853481348190115
113 -6.216146178524276
114 -27.414832840697336
115 4.338964443991145
116 9.217379381211472
117 17.119310130896956
118 -74.48415844784228
119 92.7228355580329
120 -83.315982119625
121 43.843737709127886
122 -23.904660911696897
123 32.38548972441592
124 -12.943588580566106
125 14.648424344532042
126 -0.34531630929747525
127 0.0
