0 0.0
1 -4.424738430490118
2 14.080759911939776
3 -24.68938735247597
4 3.6288224573164767
5 -36.6389233256679
6 -13.621964360437731
7 -68.44167280234964
8 -2.4761111101834854
9 -4.240330237925297
10 -48.04247570395997
11 16.869731699454576
12 7.594505639762592
13 -51.74635377481485
14 -0.6870484690020359
15 -12.580160433514115
16 -20.45057014811948
17 17.50149067085715
18 -17.007773470252673
19 50.73894763885603
20 -80.12822262001957
21 104.12494377571016
22 -55.770465844392675
23 71.34252507085148
24 -5.100781130819344
25 21.904206058873104
26 26.843082652867608
27 -7.834805859779333
28 -35.74977684923629
29 -1.6236630747227365
30 1.2392302388886605
31 -30.664627262755797
32 37.34627164450896
33 -30.53969479175086
34 -0.9679245662584945
35 11.92154213475707
36 -7.301275804299092
37 -35.03397213056467
38 12.161948138238875
39 -27.549562142811496
40 -19.644364840868924
41 -31.108418435881294
42 10.58880370908241
43 -35.68623426749971
44 5.129045083756821
45 33.11771940379982
46 -4.588941688632361
47 36.43500400125193
48 3.197303942550392
49 -1.3126757044974564
50 2.4632257881497535
51 23.72898066141819
52 15.207557994786042
53 -3.911537499195762
54 30.855564798451386
55 63.03977885484661
56 20.486407097866223
57 44.15203465416467
58 21.005317109349043
59 0.3482479772308163
60 41.88560658291974
61 -26.940894709842183
62 -14.005690505665239
63 -31.30026337565749
64 2.1874241136612675
65 -51.29269430259565
66 -24.19290594972851
67 -20.53813567558643
68 -8.091227157636443
69 1.6809254173923691
70 -46.727108859294134
71 -33.33120609708662
72 -6.403926325643701
73 2.901407891309434
74 -13.379837348337182
75 -12.512979912273979
76 2.4117637985939067
77 -9.284324248568543
78 10.69651296123149
79 -18.243467870444917
80 29.205731306116363
81 -26.39538713002428
82 5.5760484320186094
83 46.31114075009721
84 -72.36066984349893
85 62.285431678712975
86 -58.53213360097208
87 32.03148768779596
88 -18.49546560090426
89 -25.416667262868543
90 36.36826105233399
91 -22.61663223413005
92 34.01793346409535
93 -47.24504905717579
94 25.03232141719811
95 -17.917660156473087
96 -4.966421342955208
97 13.633650058032167
98 7.330565783994708
99 20.08904111473728
100 -9.861788579583301
101 26.890285073289917
102 -27.62680160482413
103 21.922301126964523
104 -24.5296905140993
105 8.282170149239542
106 -51.25949463144246
107 5.7314845221059745
108 -33.91691895474302
109 -38.63367949738237
110 36.788357214208816
111 -46.29631656751935
112 74.38621375572421
113 -30.007398222664573
114 -7.731838924950018
115 20.321928643845585
116 -15.626393993397867
117 -10.108458771979306
118 5.452731374022875
119 29.199068335604903
120 5.587550216821638
121 31.194004770441104
122 -11.876541184401475
123 34.91279221908286
124 -16.62075801093629
125 15.068885101181028
126 -1.1303951971721682
127 0.0
