0 0.0
1 -2.6816635284718
2 12.358034914875356
3 -12.641948066746346
4 23.399685503761756
5 -13.158305235688536
6 7.730058017611651
7 -16.95599092601038
8 25.399768848509975
9 -65.87921890332225
10 67.33986283279741
11 -62.02469867056774
12 5.088033763390652
13 12.861297831287164
14 -2.1533868272597374
15 25.75580736840244
16 -16.464372686679155
17 32.4844621094584
18 -38.0638209068836
19 13.221212605265519
20 -59.31493813580772
21 12.517548230791576
22 -68.42903037880903
23 20.37666029680412
24 -60.61517664276669
25 1.0879885216091851
26 -38.92253783589972
27 -14.129562501216757
28 18.45994353843938
29 -21.05511125839827
30 70.09228915881657
31 -44.677839877877375
32 76.75782964806588
33 -36.79811782675182
34 63.57428200530579
35 -9.35695942067729
36 6.258658770943532
37 6.787236610781019
38 16.836586170548546
39 -22.303081705251408
40 31.768009447246232
41 -17.48457613683307
42 26.819983486390015
43 5.06818642290272
44 -28.276656485563638
45 18.949319841160513
46 -62.046319678446984
47 68.64176660124878
48 -102.22673056277142
49 70.33845172756465
50 -49.209694216661575
51 21.918504737934878
52 -30.565816684157408
53 -17.123745399373245
54 -8.963453921447643
55 -77.48556431201112
56 26.176348633625395
57 -23.321115833459285
58 -9.723804907115843
59 -8.347049626163367
60 -9.848257579185475
61 -1.13807225955934
62 -12.84220942167688
63 -49.475667900345236
64 -9.655380396322041
65 -52.98904675064684
66 -29.49613230275255
67 -37.919289294297236
68 -11.815852147167112
69 -9.055712375345726
70 -29.850758571845457
71 -37.4271318859736
72 47.346133997251144
73 -57.49054285416484
74 46.19348656891995
75 7.169828254054841
76 6.248862410259044
77 47.58390607976916
78 -50.62415730511227
79 74.33998677126631
80 -38.46759104649262
81 81.27278742326922
82 -50.662977476013054
83 96.47579956864051
84 -16.462930623380597
85 50.30223428002307
86 19.005110162405895
87 -1.184983759032038
88 24.545151164800842
89 -26.841693058772446
90 -6.031428403160097
91 -49.394114210857744
92 -11.727943206481594
93 -71.17640647388478
94 9.7253418425284
95 -48.38769309680444
96 8.688594442708155
97 -85.17285001134378
98 66.72217696226623
99 -71.90071314350209
100 -0.7874225549564966
101 19.281071571673955
102 -15.719090277406298
103 56.39962656433818
104 -48.80882665855152
105 66.86810627476665
106 -0.4198336434089886
107 -0.5418353027338425
108 76.10464500021092
109 -23.755756168870644
110 94.36906534217758
111 -21.093267364903912
112 49.22338108609987
113 -24.094668632191684
114 22.3993684426143
115 -31.32660993436197
116 -66.04622683190962
117 24.587263309564435
118 -94.09405946152441
119 56.301242728188456
120 -37.00062451019323
121 37.10186469355054
122 -18.084315581420746
123 26.10577473261992
124 -17.786560326531585
125 16.562104070253156
126 -1.3580482230185225
127 0.0
