0 0.0
1 -3.904673703269449
2 10.275306536877906
3 -11.234923598265254
4 -7.066338976866683
5 4.262795410276756
6 -22.41005593935347
7 -36.169441735461156
8 -10.399554414951504
9 -95.59400233942296
10 12.6837097999072
11 -103.43722811664769
12 69.46033302028886
13 -88.46217640647696
14 60.175237837281934
15 -6.383385179490905
16 36.52634679026771
17 63.5335259163107
18 -42.83059854818672
19 103.54956070127979
20 -54.63552128271377
21 20.234156756292624
22 -4.477986016194041
23 -23.994894620156686
24 -19.136998341375044
25 -10.987850772451115
26 14.807757883334553
27 -59.642493635057306
28 44.60713909661159
29 -47.04950909362537
30 -29.513802425260245
31 16.5444422343434
32 -16.2727885772236
33 -4.465127895248312
34 -23.419158554035622
35 4.660617613116547
36 -44.07171183845925
37 48.98839340792024
38 -39.51893837557068
39 57.42106265855649
40 -71.7717995576683
41 34.94692849346572
42 -36.028065510280506
43 -14.423125530623341
44 44.462379119200904
45 -19.94002485623688
46 44.19331076152231
47 -38.17605974889022
48 40.58375260921303
49 -32.51530906349416
50 -2.0618750686565472
51 20.887877004279307
52 -50.00919418694315
53 21.918606658018675
54 -67.2383679208695
55 12.372780068453455
56 -38.62352207704533
57 -29.990049022495523
58 30.277916013290973
59 -68.01636617910322
60 59.207173347492
61 -24.889019342243223
62 32.42171721448013
63 -5.167445928527986
64 12.310981450088612
65 21.782639972263176
66 19.601245200802886
67 29.843971666784437
68 6.3548567812576575
69 24.13258018673657
70 2.9078778873498323
71 21.851716397908152
72 21.840078495701388
73 36.61611385406
74 22.34433880775775
75 -3.3289531978388607
76 3.7800360428862465
77 24.710656353014926
78 -74.46867866374026
79 26.682597495588748
80 -21.45588651461682
81 -29.158034508474547
82 17.73656627247231
83 -47.18830448429839
84 14.236775509156526
85 -30.241890210093896
86 -40.19726265630365
87 45.77980347395311
88 -38.59864511368388
89 7.427817322933395
90 26.430121118268957
91 -41.392606997704895
92 23.288958254949275
93 12.030404751849439
94 -8.042145424353496
95 12.722429194747074
96 -16.024900317719805
97 -9.74456506107343
98 14.903970153866238
99 -7.162549260175952
100 32.99466639650705
101 8.246294510634712
102 16.534067854521517
103 22.79531002693757
104 19.07858618961275
105 0.7963598521103685
106 3.963185887556689
107 3.2324996157129884
108 19.891812418828074
109 -30.304271590700885
110 1.2040096714373405
111 -17.021960807589753
112 -15.745563585390729
113 20.587627088286652
114 -27.667480499555946
115 -2.133624694378955
116 -19.70253879763035
117 -11.98799999120452
118 -41.273429718264296
119 21.003154900247576
120 -45.34379597072781
121 19.150685466153206
122 -21.97656224724249
123 34.66509174419667
124 -6.8271944360450805
125 15.837280910777972
126 -1.2606600086426518
127 0.0
