0 0.0
1 -3.9246076861976196
2 11.618224206377029
3 -15.988809902807786
4 2.4699029452581183
5 -20.569974838925617
6 0.17553820123154737
7 -67.7914608435516
8 46.19565338598762
9 -52.45725355680675
10 -12.84483441164193
11 32.377128225796554
12 -30.76515266225607
13 53.03350366529005
14 -57.95812383739044
15 52.848997454685346
16 -68.0224243851388
17 3.596372738901333
18 -7.696031642535362
19 -7.517674618450672
20 -26.278758024338327
21 -22.697027445488484
22 27.819570902419045
23 -51.26000456767081
24 7.621715307742798
25 11.746745462388995
26 -35.5330786201555
27 59.94754121883038
28 -54.13944234004477
29 83.19640312575483
30 -11.673187816061624
31 17.949440066797358
32 33.46228741899881
33 -32.026372008410505
34 76.79315312436998
35 -49.30874186907269
36 49.232494384885136
37 -38.758057309644606
38 39.598317113112195
39 -29.010662414166323
40 11.620448499628985
41 -47.383206211653324
42 23.67337272815983
43 -19.30243043591537
44 -38.24649534569029
45 16.32332994099602
46 -69.09323421942786
47 29.655990902166433
48 -91.09143334425268
49 10.713568055818856
50 -43.88915684927455
51 -33.04696961815989
52 -61.92792888982766
53 -10.420650073675448
54 -19.69590008536787
55 -0.8745635507205742
56 -16.678116828457263
57 0.05569592237610544
58 -5.582808305577543
59 -3.285182394728065
60 -32.349477034174484
61 -19.619393070588224
62 32.19747010243548
63 -30.258615748827907
64 20.64151922671444
65 30.14558748479304
66 12.880629402563086
67 6.4525007217173105
68 -12.65859691140427
69 18.663756881808617
70 13.722617086558408
71 -45.895450472555744
72 58.574261340774854
73 -52.23015704408963
74 43.88761102499067
75 -71.53311089403034
76 36.00709892763433
77 -40.041733710159626
78 -40.57556752845107
79 41.132183309712794
80 -14.560967626636481
81 -8.03529582548388
82 -9.30126010558851
83 56.98248182313418
84 -77.03166879544499
85 76.07502270048577
86 -62.49870416249494
87 2.284245481369774
88 -10.974952820656675
89 -37.837130916716305
90 14.36627997039779
91 -48.01217186785945
92 -9.840977843975214
93 -46.29765285396114
94 -29.71326214416346
95 39.0723426810714
96 21.924606958478606
97 11.392105385105346
98 49.804609691745284
99 22.539570391396627
100 24.324465454695076
101 57.548190870461305
102 13.771420369935097
103 26.509614813005285
104 26.154636142547247
105 31.469933401102324
106 11.823982689362733
107 -48.85710218832324
108 39.999593697295616
109 -8.159253147251935
110 -13.133256854945023
111 37.75120670954675
112 -39.47077052216448
113 24.84661144290082
114 -26.69017326168548
115 27.372328529900415
116 2.657465360374344
117 -20.76957412464597
118 32.14640874691933
119 12.54794522391494
120 -40.03522737537255
121 49.02533268267107
122 -10.775310585477618
123 22.687296422353853
124 -1.1671687081413655
125 10.407110636761294
126 -0.49353950712729056
127 0.0
