0 0.0
1 -6.695400545918843
2 19.58831834080104
3 -24.872933721521427
4 -1.9606521892940494
5 -9.007068550627281
6 -35.44127346088743
7 27.429175527952715
8 -76.64515825277395
9 -20.103979616550586
10 -51.82367861715383
11 -14.686798896893709
12 -93.44393640506439
13 9.94084020751825
14 -69.63231322324164
15 -28.692887679099474
16 34.764134284531444
17 -24.962959793362014
18 76.85741657723521
19 -17.284140568291487
20 44.206063369879786
21 70.22792722345146
22 53.963834850740106
23 33.44934751042272
24 10.971385435061078
25 44.583199796268566
26 -35.41132042959682
27 24.674286076138014
28 -27.536422502559912
29 24.098757664307755
30 -14.97636651108552
31 -5.585769981443617
32 35.04505633970636
33 -45.46397908754672
34 -10.531199370205053
35 15.94454025969321
36 -78.89684314197872
37 24.17668873023437
38 -36.686264268485154
39 -0.4845322694385548
40 -7.06121750155598
41 -23.49768678878413
42 -0.528311517595103
43 6.609574627370786
44 -71.91046257884592
45 41.90749204440111
46 -48.54343632060658
47 -23.52524446390279
48 3.1215533330743375
49 -79.58081855606443
50 -16.131679104176506
51 -12.487395512123436
52 -7.578127458701144
53 1.504403041599129
54 2.3369760346703723
55 18.208646131448546
56 40.79138536833917
57 15.861882533066282
58 -0.45265382036852136
59 -3.520366777461193
60 28.633401348167745
61 -22.06852418525901
62 33.16757516449554
63 -4.641772128325544
64 35.46322477209423
65 -12.022417204151882
66 -7.873890564855434
67 -6.778203891991116
68 6.047024023297728
69 -30.600125989146612
70 49.33482079064787
71 14.116621500939244
72 13.856105576979454
73 37.185020116574265
74 6.56696008246827
75 52.27729203129878
76 -21.721741137319082
77 -19.636444767823015
78 19.24637929123403
79 -98.9301765848153
80 10.28025831701082
81 -45.932713460168884
82 -14.59881669387062
83 -19.396575339772138
84 -10.806764885020911
85 7.261395009375397
86 -60.389370603064634
87 12.238518716019605
88 -56.65745798450423
89 24.98982004220641
90 -31.91612613626488
91 18.16811658070981
92 -28.219232959511086
93 -0.5248619130157639
94 37.306140819843584
95 -55.00014745482079
96 57.0079766274309
97 -31.67194024904932
98 -39.66497385295493
99 25.49334089297465
100 -55.978251599396295
101 1.8061617510362344
102 -62.442420154227555
103 25.649948600194957
104 -36.94257575282786
105 -4.703649779358371
106 -12.406312014070014
107 8.960769685992755
108 -8.368441820117097
109 11.138054818657167
110 19.668578365050646
111 6.620358573037031
112 15.342929152688837
113 12.438127388987786
114 -0.1260909834533534
115 11.629714398396233
116 29.5497576207395
117 55.276087147246486
118 -28.47172410524144
119 44.337133301947304
120 -17.78951982078528
121 63.66137827762453
122 -31.54342001588586
123 37.368555396329704
124 3.654068332409108
125 9.554905415248275
126 1.8745325780609954
127 0.0
