0 0.0
1 -5.474083276276934
2 14.657800535070143
3 -23.45854296875799
4 20.515517955052125
5 -29.56865990313748
6 -26.396201748251286
7 11.586440390271337
8 -33.23853421076445
9 0.42951463242362453
10 -51.9366490735675
11 16.096174663918784
12 -32.70964909096256
13 -16.16009373907171
14 -54.57443463925166
15 35.36534388434124
16 -52.80337599403456
17 22.55509795685349
18 7.25893066703801
19 -82.032249124302
20 83.67229973114087
21 -86.26405774835082
22 33.22334226361596
23 -32.267986386609394
24 13.7441406573565
25 -24.380469601606368
26 -4.312240831373539
27 -6.790300199143012
28 -0.03559499351452037
29 18.515893690908285
30 -20.760250614885166
31 37.7344419337075
32 -30.9935473577685
33 88.61269045702383
34 -68.61259411711242
35 77.7959880473446
36 4.711426487556698
37 14.235228738593069
38 42.56117630541687
39 -34.80340597571917
40 10.727486939430552
41 -29.74876368717764
42 -7.288160869723112
43 -16.71481465975254
44 -10.919910747576441
45 3.0638694909708644
46 -30.14242190711018
47 -35.07356947345487
48 21.709708872415458
49 -53.156496422209635
50 -1.9412384413309298
51 -43.906569094450155
52 -17.23110430274416
53 -27.134584159311654
54 -30.758984735458476
55 -5.7487881010367365
56 -21.02885023073638
57 6.713805973409366
58 33.32111263147035
59 -38.04997451644161
60 19.58708579756056
61 -18.559117727555574
62 -4.152024842801921
63 21.387362009186337
64 -51.23645581192577
65 -2.4658771789956693
66 -31.61717969605156
67 63.46244878403218
68 -32.398221469202525
69 37.60878394857247
70 17.12205107944045
71 50.48134570295866
72 45.286205510411136
73 11.659196686650088
74 45.10755750548226
75 22.977767009517038
76 22.352596895229784
77 33.59513477134265
78 21.599174694839466
79 -40.36803588143888
80 42.337946455516594
81 -84.96927660222424
82 -6.364190906585712
83 -6.476005127333799
84 -34.618120480313095
85 0.13521567145453725
86 -47.095962392483415
87 -18.288554665416473
88 -18.15144813250053
89 -21.825268989454905
90 15.09073779748592
91 -38.45528670304905
92 -36.29659550304706
93 24.948126042239775
94 -50.307595417052816
95 34.28406128923071
96 -30.27989897005939
97 12.849338190830357
98 19.526755638149748
99 18.293891728854618
100 31.48139869996857
101 20.919536640872302
102 18.56568336135956
103 22.81082677274917
104 31.53807514527218
105 -19.364746094179573
106 63.69939687357597
107 22.755350885727825
108 51.43508847398311
109 62.15781600759818
110 8.945996804812061
111 43.201090317748076
112 -1.133523886397328
113 30.305980446587057
114 -0.04744388366126782
115 -18.38609896085264
116 -17.01673665583552
117 -12.251841300007607
118 -64.64718226997142
119 50.743444718916
120 -61.76393166541225
121 30.95831130250588
122 -32.02001603559759
123 19.987508656261618
124 -9.018216159588048
125 11.645476815864374
126 -0.33407227390697186
127 0.0
