0 0.0
1 -6.422048620764624
2 16.24204324334658
3 -21.89892607343118
4 5.575549976885521
5 -10.41118444636816
6 -29.831280712583396
7 18.56033347452319
8 -16.024645650569255
9 3.2398904420296035
10 9.906438056784303
11 30.18560501828271
12 -20.70914169803987
13 14.786574401524591
14 -26.29151469823735
15 48.37342600430613
16 -53.71119140498967
17 45.49027096376029
18 -46.19453839282307
19 6.916379590426862
20 9.744238069400266
21 11.645065098302073
22 -13.731240939331903
23 -8.243022165999752
24 -18.074555967598855
25 28.123344015195695
26 3.1302816864754752
27 -15.446521571445096
28 9.504932765989919
29 -21.34945895327529
30 -29.162382969845865
31 14.988406612414222
32 -60.53959338737803
33 10.058150931698009
34 -49.46458891428459
35 0.05713252451994006
36 -28.891579375556912
37 -34.61935676933481
38 36.48081967658305
39 -11.861592897832402
40 38.425471075769075
41 -36.73997204729753
42 47.17588624621829
43 -47.99664785359458
44 80.91681668321803
45 -63.71316020914881
46 44.25446422750014
47 -30.622401092619455
48 34.7226758246738
49 4.3678144730631985
50 2.1620466863467427
51 10.695130635454053
52 -23.78139662229081
53 72.65910747250466
54 -52.59314487782258
55 -7.532514000966193
56 -1.2706237263682059
57 -14.008039253065657
58 9.120657969023846
59 42.611621203484866
60 -47.085484851043155
61 49.215007994948536
62 -32.16235960316475
63 -9.032630615424779
64 -9.414771956670394
65 -42.50303862656914
66 27.82130271109004
67 -12.892484599846153
68 -3.2101931885812416
69 28.790347303536276
70 -11.08546926324461
71 55.02353055800447
72 -86.1192556433339
73 79.08135244234009
74 -36.019770483922315
75 -11.933523956235804
76 16.870139033489696
77 -33.64582284587423
78 51.04051377397649
79 -27.577362853501512
80 29.773454091105076
81 -2.050478897602288
82 -8.529731358978372
83 20.211623631422924
84 13.615379357953866
85 27.0102433357367
86 -5.698846321325715
87 28.879692354678163
88 -16.577809201044293
89 23.02018739775448
90 10.004638299805855
91 12.121426369479718
92 -26.088616570100996
93 20.219825913862227
94 4.696979962646549
95 -13.786160540864765
96 18.83704320046813
97 -79.3961396340701
98 24.188628675189044
99 -96.45751269208026
100 2.771072171919377
101 -121.52624539979435
102 27.63452769537945
103 -78.99722617345193
104 3.734005602911869
105 -37.501169976966935
106 11.048929481040503
107 -20.95772844166023
108 -20.57140758593448
109 37.53511970876762
110 -59.45001411425524
111 37.81242911807938
112 -39.34213142388872
113 53.22395766714611
114 -7.228158601790585
115 42.761044781182996
116 -24.00080085374335
117 86.0393360388219
118 -72.72645059976875
119 119.26086596774668
120 -67.00704303822508
121 45.707573662827706
122 -14.15914153602717
123 23.039862138970992
124 -4.153691744150666
125 6.230590456373299
126 1.1155271294462872
127 -0.0
