0 0.0
1 -5.169893953484218
2 17.91302255701037
3 -22.508273907252494
4 -5.597087674910729
5 -23.543613895437687
6 -49.685073938316584
7 -19.205679304122768
8 -59.2266476328419
9 -4.42457826311733
10 -68.62591042749592
11 29.92493974330853
12 -68.75852972443998
13 42.83496685729423
14 -109.57298684534464
15 52.06486523562891
16 -42.070457142194535
17 10.740399716956798
18 7.597573959198719
19 15.511777697227974
20 49.95015060451731
21 -22.109074341372743
22 44.67433395660298
23 -27.720090478525144
24 22.46038239956723
25 -18.08920360319017
26 -10.329934333480114
27 -37.03994214330153
28 10.441160328076492
29 -2.8244654443283688
30 0.5753181201656159
31 24.408856570278765
32 6.896378639571804
33 -19.494908404720196
34 -0.5900404289982185
35 22.394765865497128
36 -40.10604361517248
37 11.877713600255772
38 -1.4310584925057992
39 2.4407638963072644
40 14.700782358201117
41 -26.08010951283671
42 51.142910459592436
43 -16.539014397588392
44 25.989983096825128
45 -1.3045456110953682
46 -6.730197392791263
47 15.647563653994572
48 -57.609843251781996
49 60.28107812325106
50 -55.50313261716308
51 45.290213154563396
52 -10.611433679886831
53 -1.0677591806614932
54 17.91077518764878
55 -36.011267459301415
56 16.69666116823277
57 -5.151779980804698
58 0.5871769452548085
59 9.002803717478594
60 29.449622531284405
61 -0.7712362647904473
62 29.016946541650718
63 -19.52055604988908
64 48.779451940682804
65 -37.89898878381357
66 51.58147784989229
67 -1.367185522044005
68 -24.62353130043871
69 29.558328030012223
70 9.211402916751048
71 -5.0425701232159295
72 7.086002300383912
73 -19.67166439860564
74 -28.899829946664685
75 -17.941975006415003
76 -12.65144726647032
77 14.85287536457455
78 -9.166021421202954
79 25.806614643034532
80 -22.855308979791907
81 -26.985003773357562
82 -15.84460384181151
83 -9.035028518653421
84 30.09585477744304
85 5.911023999620559
86 13.460868406218014
87 37.63495694495584
88 -9.127784101205455
89 39.736029988787294
90 -62.587050768480985
91 15.923266162326534
92 -44.33017039601214
93 -3.310856889172929
94 -62.57665693062301
95 -8.538663438176323
96 -8.131266909781814
97 -91.75046889506808
98 65.7139987026655
99 -131.38046829290764
100 55.9926391151282
101 -54.34722914437482
102 -22.128256835222885
103 5.053609277060112
104 -39.02284372296992
105 33.53591571405417
106 -28.442784994773795
107 53.6111164936747
108 -24.905557966456822
109 17.596128007132712
110 1.794018846897643
111 -44.83225904165197
112 -10.009248482107772
113 15.912300564408127
114 -62.047626956623105
115 54.5487852250602
116 -24.863291952044477
117 31.667111143365094
118 -18.69782152461451
119 42.19947011546362
120 5.44074121960615
121 32.291091049716435
122 20.07583609079991
123 23.356500312862078
124 0.5406485602422354
125 11.684015130171174
126 0.8666941361191057
127 0.0
