0 0.0
1 -3.6315333065729245
2 13.45552354691259
3 -20.318064907733575
4 18.286956057262007
5 -22.87486669048469
6 8.670558295597667
7 6.69670860291734
8 2.6095972232380658
9 -14.347406513441422
10 11.153144090218868
11 -41.677564653027595
12 49.58877937989367
13 -34.30856839396675
14 0.13732516675081768
15 -5.209093931225199
16 -9.565134774213686
17 -43.98967080031989
18 -28.557194087888234
19 -16.158274273063693
20 -67.51288110475555
21 39.68402890093627
22 -94.11133434615408
23 30.05655496923467
24 -91.86871392742661
25 29.37219538403466
26 -71.12685901186842
27 15.079625134681992
28 -46.64005948727767
29 43.23204198121187
30 -21.981665792283444
31 -2.530860604402243
32 10.781549592337326
33 -23.635929407512887
34 28.681712594169525
35 -68.28932403209744
36 87.80976129167101
37 -12.725395695192937
38 37.086646454942354
39 53.286565052192735
40 -0.6294905440331116
41 67.309759131158
42 12.828524977220756
43 34.67677005257905
44 2.1777334339097227
45 -0.6660231179716231
46 -3.6719349172460705
47 5.42299886986256
48 -34.20871931933535
49 57.09847101323562
50 0.1896898819825901
51 5.843392293409562
52 -0.9061908140456376
53 -33.27892218570577
54 5.279455901159652
55 -38.26031132914542
56 8.274540474611818
57 -53.95216827055804
58 10.523494526163201
59 -30.926537416613314
60 -25.424188560197358
61 8.661642055959915
62 14.957180684443292
63 -45.089634308516864
64 70.49141117818677
65 -107.78422105345196
66 75.02728509563994
67 9.640868389217815
68 -19.56800652504667
69 28.78286382447761
70 26.14997282373147
71 -39.56053071142549
72 36.60964258562316
73 -21.252749217862366
74 -4.695842013509078
75 22.106165740653584
76 -15.839895625343681
77 20.126057584002773
78 13.827101819771748
79 -12.848843071474066
80 -29.32129550723751
81 49.42523360831196
82 -118.70994554732631
83 77.4636117965392
84 -88.85667981442123
85 31.58800649840221
86 -48.720354566221275
87 -2.8584085783492683
88 19.50785289339446
89 -56.29724908920592
90 -16.1888333035888
91 -31.28946440643451
92 -37.052652185350986
93 -31.328768331739933
94 21.749469866085917
95 -57.571496116778484
96 38.36378784146749
97 -46.3427879118287
98 69.9135116835444
99 -9.897855353504317
100 52.51419703158495
101 13.674234235883022
102 -21.333204756559585
103 79.62737471223659
104 -26.316814675628713
105 15.246121838124514
106 -18.431961540467125
107 -17.24809700762226
108 -35.31099428339891
109 2.6181362376763637
110 -47.57623824023412
111 -16.13972108874138
112 -37.959908114634835
113 -12.414788591890435
114 -10.634642665715885
115 14.67966151091972
116 -9.419488173416461
117 46.34878389635676
118 -25.401600216886393
119 62.39013936782396
120 -20.371293293229815
121 46.14662123977468
122 1.4068650742919684
123 18.90118585949406
124 1.2077577402124005
125 12.228293715649633
126 -0.18366722094208723
127 0.0
