0 0.0
1 -4.364638940461805
2 11.824420994842747
3 -13.681950878998745
4 11.512788012886908
5 -1.966862169175725
6 18.15237403471906
7 -36.34748708027813
8 12.807890720135457
9 -39.1768236983891
10 -24.553481049028544
11 -17.674321206341425
12 -45.64269077508003
13 -0.9159872785906188
14 -53.68795713777514
15 5.144790409194268
16 -49.089831344483514
17 7.690745834435738
18 -64.26771183174826
19 -9.375318231096768
20 1.9346338463810266
21 16.341060963369664
22 16.21145152423222
23 -7.891934702611334
24 32.634051726353675
25 11.15860800248035
26 -16.425620846432615
27 -22.52303480099985
28 21.292528618901503
29 23.465800091149756
30 1.0133894598384015
31 -5.87854557299647
32 55.33308119756582
33 -59.5472418668577
34 43.11694254533467
35 -9.221604304628512
36 5.7737587916242665
37 32.481478691268045
38 -31.133787789182154
39 16.333775962610193
40 -19.09843552454348
41 39.451705683860034
42 -31.78017585731806
43 34.26339707102697
44 -41.297361730005
45 5.1440877565276475
46 21.478102976306978
47 -43.049789762357435
48 -15.284728754049803
49 5.818116751477498
50 -41.91143333470733
51 -5.335567925155658
52 -13.929162867016238
53 -5.748710704408727
54 -5.102514514376312
55 33.53118763890262
56 -46.461771648812
57 46.09591652265125
58 -32.407170079967614
59 -4.900680943936751
60 14.57302027103993
61 -30.4128598406627
62 24.967555230105155
63 -69.04682283212796
64 0.6114795390545126
65 -24.892466413974773
66 9.703870403663641
67 -64.749794667228
68 33.175987761835586
69 -5.817399068059136
70 12.174557874434159
71 1.5854807705328118
72 -1.5605602423095788
73 49.147460586691956
74 -34.51880160960674
75 29.61180790997329
76 13.070805067834932
77 5.277791083656698
78 34.997480199165324
79 49.122453265419175
80 -19.095168306549326
81 23.334037209823904
82 6.846352489067495
83 -19.856716276196728
84 3.4444112242350062
85 -26.64221647935414
86 22.34313180883845
87 -7.615799631649735
88 -3.7783696141042826
89 37.44317227459123
90 -37.50055227989979
91 7.801176925198814
92 -11.944244972869845
93 -4.679996776117775
94 29.182747230658716
95 12.813863256379726
96 -11.03928008376248
97 -32.026016407206335
98 28.01444544318993
99 -84.86135585041124
100 14.323204850830159
101 -47.477944437503346
102 -15.82048635690684
103 -24.58286950888483
104 -33.43358599884885
105 6.903901191738143
106 35.55355180519548
107 7.051695457103894
108 8.282723471974464
109 26.921726845598233
110 -31.228427367220394
111 24.696797719528828
112 -14.129459600798507
113 -8.900733296291268
114 -42.678645650353374
115 -1.3009351135599625
116 -53.656903092555055
117 9.780773281980379
118 -36.00496469530942
119 37.89514659965248
120 -39.82476337813079
121 49.46455293040211
122 -25.373675367974712
123 38.15565211221054
124 -2.8308950579490357
125 11.946401035719076
126 0.7203312174665688
127 0.0
