0 0.0
1 -3.526002619045967
2 9.281760845713915
3 -14.095959394137457
4 -11.851544113920676
5 2.0824949877790453
6 -67.42547104547
7 49.208310851018254
8 -89.06345029695841
9 44.32702781802046
10 -25.64324531521075
11 13.53769111655672
12 -15.561857841503645
13 -31.331689755001094
14 2.42519641035636
15 -40.135574404775454
16 37.20377425295628
17 -47.13636734589543
18 -0.6509393778375843
19 -62.96043392754313
20 24.67969486575655
21 -22.37998271791393
22 -31.913344852004588
23 95.8192750218992
24 -70.3294573036373
25 30.281132869383686
26 7.007004759115782
27 5.736926314313423
28 1.1632308758220093
29 -3.3555032795662942
30 21.5983064866271
31 10.280723453705006
32 25.50691848448947
33 -23.153636916189463
34 -2.041087269294053
35 -8.219881815334315
36 -12.178231208731955
37 -1.6200105572538999
38 41.76197061186499
39 -70.82375567964138
40 79.58358840241385
41 -46.26349722071537
42 31.73305884324469
43 -31.747196361589523
44 24.26246479505352
45 -40.41035503376857
46 -63.56015033600371
47 49.38687122205836
48 -116.05688781029134
49 51.61487093550489
50 -60.394627979176164
51 4.814528678349977
52 -9.481551062762803
53 16.75204629265397
54 4.708131142019773
55 -4.22561059062839
56 39.31312626234969
57 -67.4293416460248
58 20.122637144924703
59 -13.95893678923102
60 -26.458401405927575
61 32.04265329162803
62 -40.664694306154914
63 -0.19904871911719568
64 2.8954990660171047
65 8.499332296610561
66 -16.558809084595833
67 17.66941310210237
68 9.03183466623626
69 -27.437810048311036
70 14.664402597821306
71 -23.77564487831522
72 -20.291146420407117
73 -26.429731646884143
74 22.41758244676432
75 -39.68423507737742
76 15.73947125814155
77 -10.183724071026708
78 -4.2010753206855025
79 -13.379233471870617
80 6.914302512976092
81 36.83092208557047
82 -12.0178338127001
83 62.28650130283364
84 -45.47523975601033
85 30.740004721826153
86 -18.714983788555866
87 28.21879847749563
88 1.2483983766252065
89 23.565785162243053
90 -17.849768177040843
91 -4.855787182960014
92 5.6258929592337035
93 -66.92000215294436
94 87.40797312485464
95 -60.68117142370598
96 16.26490879309432
97 6.8377051945330765
98 5.428647982340364
99 31.17765712953465
100 7.498855174862019
101 -8.098847816515605
102 39.33915591476067
103 23.980457376210463
104 33.28483145403264
105 -19.14342166502066
106 -3.1274607503187615
107 18.64418990416346
108 -83.01472874171344
109 74.319721026146
110 -107.42112524342143
111 24.0422164572007
112 -14.351094658147996
113 -31.108503323835
114 7.1821148462136675
115 -46.22985073527016
116 34.25171524376362
117 -58.06274043720305
118 29.82772889284062
119 -21.03481868815612
120 -1.617503352293175
121 49.5335934940301
122 0.5239121676453162
123 28.650322315778283
124 1.0864553658929303
125 12.484875693299639
126 0.7692181821317512
127 0.0
