0 0.0
1 -5.08191237192504
2 8.061375762469536
3 -17.85107426170462
4 -12.727759277263402
5 -17.348488036254558
6 -43.837146221527924
7 -42.533345716898445
8 -2.442577074073282
9 -31.007228791546794
10 -62.72021338088557
11 13.46330313843349
12 -92.4699445366013
13 4.598330183749507
14 -77.30729446674913
15 28.19505757996931
16 -31.56343895438017
17 30.467928875077035
18 11.248503084171467
19 4.956141869680715
20 -34.996222891718205
21 11.269157820994101
22 11.234592521557746
23 -4.402736806831633
24 29.47575756629888
25 11.415869657764699
26 48.99206920748033
27 -2.572598049443418
28 59.22505718341241
29 -24.461117267375325
30 -11.948665346903974
31 10.846958492906236
32 -20.122392909690753
33 26.869949637004527
34 5.062570416023878
35 -10.417639333377029
36 0.15876885977510588
37 -5.216608993772791
38 -15.590967479067436
39 17.56340863965124
40 4.82969981468656
41 35.7375585210921
42 4.2015223616811666
43 31.16328391164337
44 33.82734217549684
45 17.458575488529707
46 39.541361481859724
47 24.667676012512626
48 31.07583956093901
49 4.124991381502995
50 -7.353381297196448
51 -11.559941079571335
52 8.310242888558646
53 -33.88206416223166
54 -32.19235391352177
55 -10.611791095272922
56 -20.16885237021531
57 -20.488878312691078
58 0.07531974173210082
59 -10.080624488636094
60 17.146008677504057
61 -26.95053557330355
62 -11.505004877993025
63 13.436579801247866
64 -34.11517483801405
65 7.5156020802066035
66 -34.38853997434695
67 15.571561510146523
68 -47.363654312638396
69 -40.105472446088505
70 -11.676224245486647
71 -21.75068466904662
72 -24.707301468245685
73 26.177281554723752
74 -29.490817283727033
75 30.857858909758185
76 3.6784339594107753
77 11.895853409848462
78 13.128493218059017
79 -4.264061507540458
80 53.98666776393005
81 -38.19002075718086
82 41.08153740770974
83 -21.092400111662293
84 7.04844301940065
85 -28.877858024488294
86 12.736601633351249
87 -7.552178341746792
88 13.732714918219388
89 -13.710590830710222
90 33.22894250990034
91 -42.88157233627629
92 34.8920247197689
93 -15.494299388332983
94 -34.13128478183444
95 12.552101984016021
96 -17.10756589076644
97 -4.716781570547207
98 -15.752522208506607
99 -11.595565890164481
100 -60.61995232658181
101 26.619214845033362
102 -52.56457906854335
103 36.90910565982741
104 -50.5862455656679
105 -17.261179071213
106 -41.78817373502388
107 -10.420424494423347
108 -30.62247213931456
109 28.55335298654795
110 32.7843228961362
111 20.478057631643388
112 10.53119916467991
113 45.04824452012876
114 -9.642115365839695
115 55.45807625681248
116 -13.216394851762757
117 42.0414606627301
118 -6.339815030026443
119 67.9408815582022
120 17.700484665702522
121 38.832664161633836
122 -0.6067040152451304
123 18.931592325191378
124 1.5755034230314826
125 4.666362833269701
126 1.927871793698739
127 -0.0
