0 0.0
1 -6.559986319458581
2 14.658937764421314
3 -30.277237659619413
4 15.384768777627473
5 -56.027044322518535
6 -4.970462252026546
7 -1.8961773908897948
8 -60.25604166582
9 13.286502952011142
10 -55.759362874767255
11 34.96819376113543
12 -17.42010526621583
13 17.547920561465975
14 1.0486196616925083
15 61.23307234079892
16 -38.33680202058506
17 78.61041458873243
18 -52.38923603738575
19 20.232021469779063
20 33.300251672718055
21 -22.49836172284298
22 -7.861467567442406
23 -3.5253863805666494
24 -29.66068690802953
25 -24.77950698884093
26 0.23239307735327255
27 -42.79640934326011
28 -35.760695085729054
29 -18.235750874897228
30 -11.051770301890095
31 -16.925226457815103
32 5.984047267358401
33 -27.412036409782164
34 -10.104985425921216
35 40.10014561170297
36 -40.24225652152996
37 19.971512207156994
38 -38.190052997066935
39 -2.3442880777507646
40 -1.684758248717634
41 -67.18155862907551
42 92.39611755484181
43 -46.97142164280153
44 60.5232453359997
45 4.783624494837047
46 29.679181477243095
47 59.33414128321041
48 28.79805628541824
49 36.04446111527716
50 28.10067474067725
51 -6.673700088492171
52 -13.630473180313688
53 13.681631031780977
54 -23.79340504195539
55 -23.362139303580296
56 18.18818878903359
57 -13.437511250975762
58 1.1386826649132828
59 44.69729383161721
60 -63.04639266806953
61 6.938902948565961
62 -24.596712287755764
63 -48.215235963788615
64 -21.08862748696086
65 -3.5805667064631335
66 -16.705185282053026
67 26.51347943895248
68 15.84261445877147
69 1.9112859613549966
70 -0.87271272355833
71 35.55223171543318
72 -10.769445246312843
73 -15.196489557653365
74 3.211093219060067
75 -10.742370219925593
76 1.622028071622475
77 -31.772446378549123
78 48.71152377829912
79 -45.58074374016244
80 58.82211971627565
81 -38.89064298416999
82 -12.787021650259998
83 -9.404139186898078
84 -60.250268642502
85 -9.056074249707075
86 -10.563954428861232
87 -13.964793223112176
88 2.2344475858184425
89 25.69591339960406
90 -34.33492260190157
91 46.84674475452778
92 -76.9591287022391
93 4.978454433285269
94 -39.441666132782544
95 14.304821567919166
96 29.60320755530822
97 -10.812593055919368
98 6.121567442745848
99 14.130628228830922
100 -5.037913879524914
101 43.09154793707312
102 -5.850063193517759
103 30.00288960558367
104 47.69918132671543
105 14.01588992989217
106 3.1911483756463146
107 -0.6211728234624321
108 21.816396455854914
109 -46.89996599137021
110 76.83757541951525
111 -43.020799271583314
112 21.48916771487297
113 -39.633243225746696
114 30.241649271395453
115 -22.20782245405669
116 -17.60104014301613
117 54.48907141777456
118 -58.893301466096396
119 92.86036491366126
120 -72.22406588929017
121 91.60571897589925
122 -49.55184379665986
123 52.283982709730395
124 -16.61284912903898
125 9.491850584188834
126 0.5474798030025485
127 -0.0
