0 0.0
1 -3.61642763017452
2 11.801380700593166
3 -23.87555837974201
4 14.224851585479533
5 -24.842370115627414
6 7.388088816989295
7 -7.031215362231127
8 -13.208974549154787
9 -1.4639365305628564
10 -16.719547781794834
11 2.3003017925713802
12 8.995134911216713
13 -9.57313287106638
14 -10.654480073302203
15 -28.238912367976
16 -20.110938906831247
17 -34.08342584510548
18 -92.07233363715916
19 4.118651690457969
20 -50.124223411448284
21 -36.549308127792045
22 -16.196614099421748
23 -10.896334997871728
24 20.458181006628763
25 -20.72150469708424
26 -12.04287783474463
27 64.48644843443819
28 -63.07289007036728
29 44.733301339919755
30 -33.7133296666862
31 -13.561775611139062
32 -6.9511068824773945
33 -22.607887049196155
34 7.064399125456056
35 25.617157974050745
36 -4.03438105817576
37 45.9556620097991
38 36.60303139221974
39 9.112183862606106
40 38.084906801802404
41 -41.47054023561481
42 39.27064654776717
43 -47.59338873253859
44 -11.816373009121135
45 18.958964091927147
46 -40.41199012552246
47 25.132933112537906
48 -9.101459942640037
49 -19.762369988172818
50 5.1962491348725885
51 -25.144049207850323
52 -21.805547801023362
53 25.484525867083228
54 -58.51855402482756
55 46.132991469391065
56 -24.81511928318447
57 -22.321768431986456
58 44.03928473712883
59 -65.12465850891066
60 51.21124032553252
61 -32.82466560784957
62 25.940026412072957
63 -3.3465519461559716
64 2.9536381452050144
65 -11.646842012440388
66 -21.862497153119623
67 12.663702180061478
68 -8.360631314062234
69 14.506973216571211
70 -39.04173605589431
71 -21.631522873674925
72 -34.66127972856912
73 -3.129708277976854
74 -21.247459034003793
75 15.099704035293154
76 50.82444075258056
77 1.789693777361695
78 47.41547897424566
79 30.579640045242257
80 -18.255480031561422
81 42.77332054040199
82 -41.073563552331
83 15.396996486960486
84 -49.014882171384215
85 38.04100606189234
86 -20.09444774168647
87 29.386630487685103
88 -22.23400832179004
89 29.734694315958535
90 3.5098328450991847
91 -11.055019663655736
92 0.8463067988874778
93 -37.98182224381826
94 57.555406505230785
95 -89.77160815307751
96 52.041894978122976
97 -44.19617739546676
98 15.397127690409613
99 -15.149643863151717
100 -20.976921733173917
101 -84.27903360530217
102 -24.623094434717725
103 -43.87044078875893
104 -27.215886634821754
105 -24.7754765510397
106 7.539411517816298
107 3.02228372509107
108 -1.819241224139729
109 1.5422824226349352
110 -6.439097237850655
111 59.96601883250259
112 -19.909706689578865
113 50.72273140579797
114 -11.68953317679091
115 23.986022502891473
116 8.276323045758083
117 44.6215483748895
118 -25.064941142593334
119 30.69433077268405
120 9.47768813164402
121 13.465158994833137
122 24.257389835923647
123 24.772533915948642
124 7.639648296060207
125 14.617624957387672
126 -0.4097988050182193
127 0.0
