0 0.0
1 -4.661303792182798
2 16.028954559685882
3 -25.796889585053062
4 3.578475583593069
5 -18.223281019654735
6 -20.73776566940452
7 -18.744444172647835
8 -49.011238936636474
9 -17.539478506685906
10 -27.119540021497414
11 -19.2210623084831
12 -74.52698691829792
13 34.159048122789784
14 -72.68844504726131
15 -23.457590992577604
16 -5.613057886056133
17 -25.491003851700373
18 -0.6482385636123
19 -7.2069808177836565
20 20.017460735582365
21 -11.095714559882694
22 8.86311663517993
23 3.2188474020629503
24 -4.075255640778562
25 2.0775737155328344
26 40.61164428963791
27 -5.275225643058466
28 52.481656417445386
29 39.79730443903724
30 -6.0076203404116155
31 62.48094999277669
32 6.312290122454526
33 11.40060870070506
34 -4.318303665961048
35 -39.40691604145061
36 -2.002666828018348
37 -55.36303854094014
38 30.80668629966999
39 2.5473170006103323
40 -31.37789323538632
41 45.98495137045591
42 -58.29398771035889
43 30.298624052517333
44 17.782063847205016
45 -12.458836401264543
46 43.370079965892
47 -2.226946259788643
48 -25.818518750931712
49 -25.31614587292713
50 37.15037043675683
51 -24.79195930895801
52 6.697998117920949
53 -4.411704400940338
54 -31.46312668095336
55 2.9346515622647953
56 -41.594509507014884
57 37.13558801863419
58 -8.437199393571149
59 -5.932276779509824
60 -13.580815182596304
61 -22.170392130290047
62 -32.44167918328449
63 -15.827565263247847
64 -0.8599754364468808
65 -57.832909263154185
66 -6.670419920645534
67 -28.21919737950149
68 -43.835053169602276
69 48.01435121748244
70 -27.198644333755546
71 26.334466369817545
72 2.0019337199966087
73 18.480550378735725
74 51.53201200739849
75 -46.56459155161546
76 48.9146931851281
77 -27.58028085983332
78 -27.44792312231625
79 -0.5656401336600784
80 -15.743165285368033
81 -13.154465898557985
82 28.78914615092131
83 -17.552835255116527
84 45.79065753541744
85 -0.8615878498669521
86 21.25255608106007
87 24.08408891296887
88 -17.26567459578851
89 2.181520166324068
90 9.91185253248653
91 42.108439455889965
92 -26.136364984471395
93 25.9935949796567
94 -7.06959169435703
95 2.6207750217767067
96 -20.026700946031813
97 -3.791331285462226
98 -52.567646792748505
99 10.920426853574426
100 -2.9658883684676742
101 -15.688479244232093
102 23.22636936643068
103 8.928127840293504
104 -24.295089650832466
105 26.427894507776845
106 -11.270391451104432
107 15.703272361506675
108 42.96707599490584
109 -23.049393780665174
110 2.626347475125914
111 -28.38046077429499
112 -7.311316717126472
113 -39.85465920875932
114 1.2250956936809914
115 -12.06630280246867
116 12.5303634691493
117 17.6997077121883
118 3.632003524920784
119 -7.85724500153208
120 -5.809339854205286
121 49.828425957328896
122 -37.92713768218514
123 39.17227408936698
124 -11.898200578690629
125 15.538663643035436
126 -0.8586171653379094
127 0.0
