0 0.0
1 -3.857385497525668
2 12.093814106229733
3 -23.621609049691433
4 28.22294188519956
5 -44.07577874868737
6 15.801688325828682
7 -66.9948849159354
8 -1.9227473265602022
9 -34.57625665094279
10 -30.473777832563982
11 -6.2591846648807055
12 -26.526408930346967
13 30.71155549783214
14 -50.554574080270775
15 32.63451630506485
16 -60.140057971001134
17 2.3462091969873673
18 -28.35537525283062
19 -18.787441972529916
20 -5.38115520535256
21 16.577259882680472
22 -11.753060911544635
23 8.628522189113685
24 -19.297339440668146
25 13.034053449343938
26 -34.86159370742121
27 -3.70275598146047
28 -32.75390145968517
29 69.43134386691813
30 -41.16177254112732
31 26.370670805099287
32 38.8258028797921
33 -36.35928045496481
34 39.974580146989126
35 10.555380370207784
36 -14.186708235659491
37 -6.175938414545834
38 36.19589981296165
39 -45.48148131623244
40 41.88125024001539
41 -68.96854266848419
42 40.28936330987668
43 -53.82276092872899
44 -23.826809710352983
45 -16.276498377319548
46 -59.48028498456173
47 -11.150241823562624
48 -61.72811046670234
49 22.300247156307
50 -23.930450653033386
51 16.35057478011549
52 4.6693333047732235
53 50.11636964086328
54 10.925203238754344
55 12.92125500247741
56 97.67672672159478
57 2.3158587318965647
58 56.319669071102936
59 -3.4351871105355554
60 -0.41380468025665357
61 39.784156960790625
62 -77.98056147044399
63 -2.3184440142868668
64 -65.40457500168729
65 -29.795911011629947
66 -40.11394772692804
67 -17.503510905917953
68 -48.81423470138523
69 -2.539157264186384
70 -13.14712302273404
71 -33.962017801864505
72 75.51664736296449
73 -17.082491306644542
74 82.07791873911795
75 20.277616249983247
76 18.416920967178854
77 74.63189316974002
78 -38.383910389346816
79 23.287646910184016
80 -9.846580470156885
81 26.313721507683177
82 -19.40932833969751
83 -20.786491331697885
84 19.01129499963874
85 25.20211527815581
86 -30.990910442451582
87 0.3946424953127238
88 11.500903151989519
89 7.881911099293247
90 -18.022872486849582
91 -66.093218351898
92 10.269077108352235
93 -73.01778430581808
94 -11.88556264687055
95 -31.811545958240135
96 -16.120254388094942
97 -58.58983573816071
98 2.413503294251025
99 -48.03185254622667
100 -32.3979752821842
101 -16.08297416484221
102 -6.120117706132776
103 6.685576874967305
104 -15.959067467390406
105 30.214498944567705
106 28.139523742124663
107 -27.29416616310788
108 67.80022423098514
109 -29.489645675925363
110 -0.7312710620750381
111 85.92270199196197
112 -73.68904203455261
113 71.78473286067917
114 1.7595153309576261
115 57.73393868111984
116 -2.189468092799844
117 42.25460597267955
118 -16.035275822752368
119 44.82133459712729
120 -2.4639080894445535
121 31.046862374445485
122 -22.651232591269135
123 43.52336783937323
124 -8.329870578373614
125 12.559670010812857
126 0.3188309984930948
127 0.0
