0 0.0
1 -3.527483638128745
2 9.608788198453775
3 -6.463131188878151
4 4.208089002139425
5 -2.8640021001420077
6 15.744531479023626
7 -30.557060689413483
8 17.58732284669476
9 1.8133675447607271
10 23.54067748095927
11 -41.95221266183226
12 38.516859087056474
13 -46.32273493828485
14 -23.16661162761313
15 -65.38978374384682
16 -12.876480777608975
17 -14.42086246798134
18 -65.91278342642876
19 -4.499174818615953
20 -18.345357248854175
21 -2.111983148157935
22 -45.54103925580888
23 14.991968794666775
24 -8.558596122600058
25 4.039863101335215
26 -25.980911176065092
27 22.101522384504047
28 -0.4054341916221178
29 -3.790798318159135
30 -2.818415925075988
31 17.85149834283931
32 -23.194463354073736
33 29.228555733834018
34 -32.596982156219845
35 72.40339365703682
36 9.525185570708535
37 14.61870028597759
38 44.08223443802632
39 -9.593215165752538
40 -14.198940429602324
41 7.83024509960563
42 -60.51893000068538
43 9.625594833785463
44 -21.35204614644376
45 -11.40231392889724
46 11.867811925099282
47 -3.7369285606741776
48 15.65101758482926
49 -41.43157626284297
50 65.10208038085688
51 -51.24952917171865
52 33.9243437886307
53 -18.356450653427565
54 -40.260109084279506
55 -5.632796987777144
56 -32.20809146680125
57 -38.23050300457857
58 -35.90129410215501
59 -15.49059091319096
60 19.478929133704252
61 -47.92712977813044
62 43.06864093545057
63 -50.17140923285556
64 -6.008320568846441
65 5.825315829531543
66 -33.928257778262996
67 46.128439135382514
68 -56.04889422507835
69 69.40238331550762
70 -26.509187030923435
71 -12.541250161101537
72 51.4172045772183
73 -48.1674395897494
74 32.80861577774064
75 -19.43454786846338
76 35.034305683222655
77 31.322316100185514
78 3.286802901722729
79 73.71785489153496
80 -24.50173229183313
81 45.307071868343435
82 -9.218092922154119
83 -58.86197120321628
84 52.025802492283034
85 -23.9014873510249
86 9.060017569793402
87 61.69688953440531
88 19.26805521863987
89 46.845314903323334
90 0.13584694984966286
91 3.016424502342121
92 15.023125816140874
93 -5.695345139392654
94 27.570906151230044
95 -4.352349234402482
96 -24.653642149386158
97 -4.164764592606996
98 -45.64619515768865
99 -12.753261203454796
100 -61.72276319223531
101 -15.845929699144067
102 -31.354516156309156
103 2.5589563716428043
104 -30.819578949278544
105 -25.737865093394614
106 -2.148168542770285
107 -22.401675548780894
108 1.749694899259238
109 -13.79772403182849
110 14.783502354687624
111 -55.023933908038686
112 16.369332248722753
113 -46.197821114236916
114 1.9009656678920126
115 -53.93342075689944
116 41.646860166097504
117 1.8911289244443648
118 -14.171890363051533
119 75.72803444244153
120 -30.453185154122416
121 51.4110408918523
122 -32.16637531707859
123 43.115496977112734
124 -17.425515830355096
125 15.76451864108494
126 0.2752698320973911
127 0.0
