0 0.0
1 -5.949908165782947
2 14.898798428099262
3 -30.316279882045514
4 12.801103613146722
5 -49.572621603348935
6 -33.709343065920834
7 -39.446224414561506
8 -42.52606666707928
9 -39.85240233380699
10 -53.82458383879164
11 46.767640590604984
12 -127.63847577074668
13 82.1314781549233
14 -91.23264709863803
15 42.553491281992834
16 -37.43472851902113
17 47.72137908088009
18 10.233243691208811
19 -8.583722023656984
20 44.75579007330338
21 -27.71290750791645
22 26.240382175754764
23 55.233355463108545
24 -26.047987347877683
25 52.25456487134415
26 24.240316467059262
27 27.926808184431252
28 -18.07868108821607
29 56.86354488625806
30 -6.8780193782753525
31 -24.466674117277023
32 44.305904707621515
33 -89.9047458914228
34 12.41765611591938
35 -52.74434872594476
36 -12.36332796268806
37 -24.398032638966438
38 6.430349018695975
39 -47.31604741567654
40 24.48161266746625
41 -8.995177453592405
42 26.348538066885695
43 5.923676289893856
44 6.499979119643932
45 4.859072397801713
46 13.609294604179357
47 5.1873164312513556
48 13.351238413688444
49 27.666158326460042
50 1.0621611034615932
51 -27.18052073285971
52 -22.05226156640239
53 31.05623244779287
54 -50.123962070341996
55 71.64855394030643
56 -26.638805807822788
57 11.635714260636533
58 25.400268724414342
59 -7.896375606447212
60 -10.419105851786476
61 4.818892822619108
62 -43.7879919741842
63 -0.2530265265220787
64 -7.494528846749837
65 23.044431139985722
66 -24.930521934301964
67 -25.14024141757464
68 51.997428165446536
69 -1.6115358463594731
70 13.046054076319841
71 -36.67310660008394
72 15.075175581743345
73 -12.961469771921706
74 13.692786834410434
75 -0.9809176067181142
76 2.4921162854496144
77 10.604648329425713
78 -24.333380388292106
79 26.130618204324872
80 -37.436418012070064
81 -45.31780235788573
82 11.715739646489478
83 -69.70034346271865
84 -40.18559991473789
85 1.5605313590671352
86 -25.393650320884298
87 14.85323730148908
88 -33.60244488902984
89 58.81125200728122
90 33.6027406126015
91 1.62466696584053
92 39.792044544420236
93 -1.0029059870313295
94 -13.738981586237252
95 -1.4947932034632836
96 -18.610829458119717
97 -21.267309543327947
98 -9.471924015532293
99 -18.409405770986883
100 -4.030316705809178
101 -64.61432228024795
102 -7.991954389484955
103 -38.18508683181978
104 -27.671465041166023
105 -18.80712283424104
106 -4.235044784324019
107 -47.47434635413913
108 22.867022464179023
109 -4.572529026696534
110 8.448617628947186
111 28.597122718477223
112 -21.481853146794318
113 120.86007604261259
114 -1.5259629449784287
115 142.90448995222835
116 -39.30872980949044
117 122.45727693051424
118 -35.08709758406214
119 52.22134898511283
120 -2.6100803690679437
121 17.06094455968462
122 31.735779951060145
123 -0.5134196224975925
124 2.0830250240579944
125 7.6420052197908195
126 -0.14621506496123007
127 0.0
