0 0.0
1 -4.484057238965797
2 8.380209804221176
3 -28.81983850728493
4 13.516256214658426
5 -45.298774578242316
6 -2.7550207682970527
7 -43.266544964370354
8 13.93727136237269
9 5.6659662202380074
10 -38.41481205118209
11 13.216306046314301
12 -47.790873596180504
13 35.622599059169104
14 -36.04783699495674
15 6.258015193377334
16 -1.4945432243821584
17 18.185231557452077
18 23.933651934304947
19 8.934252157050814
20 7.014074500052432
21 2.811209192426845
22 -16.04009866672731
23 57.85551944140809
24 -57.238619136164274
25 81.47042629324103
26 -76.37107872695779
27 28.348361331228254
28 -16.007723948789426
29 11.810940328621992
30 11.327309195488173
31 -27.213921464760826
32 18.376907420492447
33 -33.81898714259913
34 38.900101404865836
35 -19.87656550192428
36 -4.855882000223526
37 1.6563194604268137
38 -33.445365625207906
39 21.657778380803364
40 8.503567657255797
41 -20.422306827637506
42 -15.438818997919698
43 -31.88847485583631
44 55.46513791990925
45 -52.001492234866795
46 15.309847405976509
47 1.7754704735023619
48 -44.224526151178935
49 2.807201106220458
50 12.487994880240928
51 -5.794195031825642
52 27.72935914426464
53 -9.200861605829752
54 -39.30318716704984
55 59.44932070535333
56 -27.918566151430287
57 47.32402890307094
58 15.141452580184701
59 -26.930090448311923
60 26.202619274631118
61 -74.46197469886637
62 17.557507620538196
63 -53.015745912378996
64 21.564599466368403
65 -52.409350257275435
66 -13.022718391353257
67 9.04320550464407
68 -59.96890339380532
69 74.02481524667176
70 -29.104395165521485
71 41.610170494854735
72 8.458453606940155
73 -2.8693787316773784
74 36.823572590136294
75 -65.51343523950602
76 43.4850516760229
77 -76.50574568502337
78 13.666576101336132
79 19.574395582516143
80 -20.616030035020447
81 28.623755245365416
82 -62.74088472984955
83 60.95158528652069
84 -2.9888841111222546
85 -2.5407663071579587
86 20.46468643494983
87 27.14780269553745
88 0.03842165450087417
89 -6.419533353852052
90 34.01672616135871
91 -26.70830233571869
92 37.913236278529446
93 -8.501478191083864
94 -13.75907825086028
95 -10.215592418412426
96 -1.3320093435846883
97 -25.665648193266605
98 10.905721313748897
99 -15.23638069803699
100 -27.39764770338343
101 -31.93488159753089
102 0.8760928991743557
103 -15.485962928522357
104 -31.82967141257489
105 42.06802939773631
106 -64.66737113976373
107 58.78124773793283
108 -66.05119721443585
109 14.092640238747853
110 -19.517371211477656
111 -5.921554855071238
112 1.5831144865454703
113 15.292987036997266
114 -10.242116250259501
115 32.9969845800449
116 -48.40055337783625
117 43.905019809816785
118 -49.67684582941998
119 45.73627849517462
120 -3.688196642346993
121 22.50320963129947
122 10.66854208400968
123 20.844825249684128
124 6.21672833828215
125 10.479887980465145
126 0.766321666803784
127 0.0
