0 0.0
1 -5.344351117162688
2 11.972771623283665
3 -9.746433654401317
4 1.9915201964472908
5 -0.023467572339177806
6 -25.958677003011026
7 -38.53516436900421
8 -21.814333462443887
9 -64.54346604119955
10 -58.300925376894
11 -31.618596156278265
12 -76.82390887865436
13 -17.157890444372022
14 -78.16309568578272
15 -27.689138165013787
16 -54.56315762487628
17 -23.690499656513623
18 -51.25546863668087
19 21.921073275387936
20 -53.880094742149886
21 33.88073043793044
22 9.929584462112187
23 2.5780623385285457
24 56.37043425780153
25 -13.375826621378813
26 13.629113631970096
27 19.25368261500928
28 39.1197893184177
29 11.40771800916116
30 21.792250514994656
31 16.139827937712994
32 29.322766695404297
33 -23.091110008515567
34 35.07763141674557
35 -21.445441333116765
36 -35.693072684624944
37 42.038521151386995
38 -82.80809635708388
39 37.7903706883654
40 -27.089586024999498
41 13.783917226446004
42 4.438380227097976
43 -22.571072046102955
44 46.27961534870814
45 -35.65103297945474
46 65.36398584597117
47 -40.401525412713724
48 24.861066129393514
49 39.835387508291916
50 -36.90764299935287
51 43.66793005533025
52 -42.457460423787815
53 40.004668758314224
54 -28.98373574365661
55 0.9433075713532665
56 -20.61546519964749
57 -2.3892907328584685
58 -22.79468288849352
59 -0.35564084245221955
60 -18.800635296419117
61 18.29972847366553
62 20.049412751578238
63 -22.062346517651232
64 2.6560367750374763
65 8.993565396192933
66 32.877096524238276
67 22.29071536449734
68 61.14501913879385
69 -28.363229567996708
70 32.355987130932895
71 -16.636362149126246
72 -20.184750334533433
73 -7.7796210465475335
74 1.215451218729904
75 -18.73751754774032
76 -6.878479600538226
77 -11.345517092214207
78 -10.841999846330602
79 -10.54465387840458
80 24.69612102848051
81 -47.40229068740824
82 13.326827851894672
83 -26.0918491834766
84 0.4582849387297742
85 -45.36685802539553
86 0.10451968085915984
87 -1.527779785113833
88 -10.860215695823035
89 86.26160343305449
90 -12.122848970997596
91 99.63495623443322
92 -15.384045958223362
93 16.44381970961444
94 -8.526849784693809
95 71.78376790588115
96 21.022377458931196
97 62.787239044142495
98 26.43890308581338
99 9.421380380425374
100 23.70608400863327
101 4.1132833713846475
102 26.87897788823268
103 -17.386053989718192
104 20.51409642526337
105 -39.362669664441846
106 -1.1143819574044316
107 -80.32652161427181
108 -40.89776824097099
109 -65.2086856821676
110 -55.67315447826635
111 -46.81894942175457
112 -44.63746866808484
113 -29.518557242405045
114 -8.782548819252186
115 12.883532391790661
116 -33.74014960811354
117 53.382034160435474
118 0.7344199696379867
119 0.6184875356370776
120 9.829806334497002
121 41.981318273925694
122 -19.580720190124076
123 34.71751203851438
124 -11.404315171019888
125 15.565196863998287
126 0.538328401102375
127 0.0
