0 0.0
1 -4.9050950785468
2 16.871175770308863
3 -27.219306772356855
4 13.790571436223715
5 -43.33379898611964
6 5.329032307515586
7 -49.467057806660705
8 -16.651779240082412
9 -18.335686829031257
10 -72.78453871072426
11 37.57499408283118
12 -78.69400297255848
13 15.778145149384464
14 -20.48648631178335
15 2.2844837166532144
16 18.259662816029262
17 -25.921361852818663
18 39.49234159618658
19 23.366284682031832
20 -17.542686589766614
21 56.91838941498499
22 -43.16503755571492
23 1.3706636182667011
24 18.445796753417994
25 -55.73862751635694
26 60.98728010936924
27 -41.023744045374805
28 8.804739439333751
29 -2.872871129538905
30 13.6513502941685
31 2.4118697330634937
32 0.6775128353324884
33 -35.05429558156827
34 6.511296390065132
35 16.21043556151374
36 -26.012975804042277
37 -1.8495350944599032
38 -24.4683782763188
39 7.1040376269828105
40 -39.314094605156384
41 28.958580468505385
42 -40.01267444278614
43 4.426710308261058
44 0.2849690773885439
45 -2.590869463902619
46 22.074986898113398
47 37.93034463328979
48 -3.5841187759707833
49 27.37796464134367
50 39.037482076460805
51 6.509954012598348
52 32.91619732531916
53 16.159406207174104
54 8.703499671774724
55 26.611362438111577
56 3.3141738917717736
57 19.214357707945215
58 -25.10793362150884
59 -11.676501543148323
60 0.9257459948501877
61 -30.88685986679269
62 -35.4653022550661
63 -54.9071605891805
64 18.228345049285178
65 -49.47823310883315
66 5.427357500629083
67 -0.436051023472351
68 -15.133269688902597
69 -7.090390365587018
70 -38.78023269979373
71 18.114313109861047
72 -2.229622422805107
73 -2.2500559125205735
74 55.18312533532268
75 10.096281732075823
76 25.74941763609004
77 -9.441052133823355
78 9.074580861491834
79 15.439123807252688
80 -44.44461310891517
81 35.57029686583451
82 -14.532681150855169
83 -14.501423876130003
84 15.515298463445587
85 -5.440687854546571
86 11.726793043221296
87 -7.334064586013209
88 1.6752123689389835
89 1.6657767541202695
90 10.57442581031356
91 -9.628736901968514
92 14.967378584706447
93 -16.353629178821464
94 -20.524340475867834
95 -3.8567708537106946
96 -57.320920338832785
97 12.776893699564194
98 -51.04465469286857
99 3.5283073620136194
100 -45.29481399844394
101 0.8449197078261449
102 8.93711196660182
103 -53.226966714047975
104 52.92164386077546
105 -27.506659267487034
106 3.9719366847909194
107 -15.326486025818888
108 31.63971502395069
109 -15.783979323363127
110 12.326180379929585
111 9.952169991054742
112 8.251252742489593
113 31.019399423467085
114 -44.46757393514311
115 33.7575529717058
116 -56.00430759332205
117 43.514908509990526
118 -22.86840652812268
119 30.478870548658595
120 -1.8293074528667677
121 27.40756186936852
122 -9.42123806603289
123 30.078537009538515
124 -18.767902877948863
125 17.459878997798796
126 -1.3486096033528767
127 0.0
