0 0.0
1 -6.055186070698623
2 18.238712661164787
3 -20.21003866678668
4 17.662628046069113
5 -12.138263914686638
6 25.701088443398355
7 -50.807781089454366
8 -1.4332200455293096
9 -21.686551977641404
10 -66.90113423845568
11 10.671796036419424
12 -94.0127416118474
13 19.856500855033218
14 -70.6822078921374
15 -21.79479946025904
16 -11.061590385475071
17 31.06938967138319
18 -17.26785172712396
19 -20.834576508855353
20 -3.116286530270075
21 -55.277925815021284
22 -20.51967992367169
23 -16.12934761709482
24 21.391556196060193
25 -27.933975492837384
26 43.51879299627663
27 11.217126220979337
28 -6.846868589387315
29 -2.431020493831353
30 0.06922206880182914
31 -37.57500196262637
32 8.590608705291254
33 14.600239397165495
34 -31.70429684805864
35 36.511488927748154
36 -25.953002543641283
37 45.74557961051378
38 -28.265347163922055
39 67.67246154101616
40 17.834870507021478
41 0.20461620895255728
42 69.74729499917495
43 -5.886663471072059
44 66.48593588690119
45 8.417096480918023
46 40.99182270377332
47 21.723894206366708
48 -22.000599191463944
49 103.0543364168172
50 -39.48356704276349
51 76.75740617890916
52 9.718506159812922
53 19.934809873176157
54 35.414002742492706
55 -33.411824868320316
56 10.215750699420107
57 -63.21988038173018
58 -4.398535013759823
59 -82.76971670186194
60 -28.90646504676794
61 -63.325258330177235
62 -22.90814075880424
63 -78.92726794598056
64 10.26385725426024
65 -52.77165616513561
66 -36.50264287959231
67 21.408797792975886
68 -32.71196605275718
69 19.910257555798662
70 -21.523106745669466
71 47.058468713446736
72 -5.552376779665953
73 43.72257213136831
74 2.737895716407364
75 14.716800383314391
76 58.870243698203915
77 -16.010073271556337
78 61.20896358315223
79 24.38313204325552
80 -30.158540019752294
81 63.90476356321297
82 -48.75994505367042
83 17.12757107393589
84 20.77462562917999
85 -24.549680309682746
86 -0.7115474055334873
87 3.5242843766959124
88 -30.85860244137769
89 -2.0054415190806085
90 -25.53292151250451
91 -46.28339675441242
92 -1.2809073925970689
93 -43.19596008479219
94 -2.0461720119606155
95 -20.68251951453089
96 -10.688666138853547
97 -6.207370548665068
98 26.463048198729943
99 -45.70736190761058
100 77.36408413125098
101 -55.63826733657488
102 32.81040505627174
103 -27.969358516804448
104 -63.6944978708813
105 72.67605996832155
106 -29.77206568498218
107 70.16498287840217
108 -4.052472627801305
109 23.245867379046345
110 28.605402322328647
111 -8.4969349807096
112 11.922257655420994
113 14.65387964555843
114 -55.410032145982385
115 -16.927969947893526
116 -52.933155918873524
117 -13.091783126421621
118 -62.40145972073857
119 61.2492729425003
120 -33.827860623211194
121 48.18037281307715
122 -27.926568583732525
123 30.980112954125595
124 -9.771852940920049
125 14.165077137704069
126 -1.2322304288074868
127 0.0
