0 0.0
1 -4.757702667096675
2 11.602907695685959
3 -21.29412982947032
4 1.196909490256354
5 -5.702322750243281
6 -6.604008013343906
7 -30.901643738725692
8 -50.25940244699414
9 -26.749958968465506
10 -16.155319353801957
11 -88.0393093839626
12 -46.292320598184816
13 -21.53992243998108
14 -27.53122037859142
15 -33.648647477159464
16 22.115130015224757
17 -18.32609371629231
18 8.347147641183103
19 -6.754362824371729
20 6.479434301854862
21 30.767527690837685
22 41.417410390364346
23 31.441147474856518
24 47.97227954087435
25 37.101393435548964
26 68.15293758460462
27 66.64596292377458
28 -15.663797112459632
29 38.69436927696051
30 22.072763558691953
31 -0.35392848834182955
32 -5.613972475309825
33 21.707912922711643
34 -46.14742820786888
35 8.004632928414505
36 -41.09456113665558
37 -13.344481738269673
38 -73.5567380193004
39 -21.691713696256937
40 -0.8866435376604209
41 -79.25120510343712
42 27.339908162516586
43 -62.93333064598931
44 39.96219760584258
45 -21.884759724774764
46 4.671164377018372
47 -0.8743994133656274
48 -54.226419659020316
49 12.385938811937137
50 -89.40545889678639
51 13.727097900658658
52 -36.9792869746153
53 11.543770357057818
54 17.06127144183163
55 -3.527429625012793
56 -3.7947048760215703
57 14.546911264741732
58 -8.071295317361182
59 10.79699027266873
60 -10.631794472942547
61 41.32796985605832
62 -5.691327207841524
63 47.84201153949583
64 -31.981933134197426
65 -9.529016005023372
66 12.09907710656684
67 -19.126097022952393
68 21.89693138736218
69 -47.61134444715223
70 38.48314549555504
71 -34.661205151921564
72 5.493826293410155
73 -45.81780762194276
74 -7.8959075571551995
75 -27.47609365986327
76 13.357158650357945
77 -29.954752652024645
78 7.856465101422908
79 -15.44992109550674
80 -10.819697993057643
81 -12.56444806410203
82 -12.899773273233919
83 19.133085287257735
84 28.00962668869426
85 -1.142359770413047
86 6.751674564773918
87 -6.940958930652048
88 -18.592121811199085
89 19.24545016991591
90 -28.01451109125551
91 49.55615119635683
92 -47.79489546758036
93 37.0583154630419
94 -28.917078913432462
95 30.66434642987351
96 -55.28303502912229
97 35.751448409131385
98 -19.459935574679566
99 -35.25028840982092
100 57.99278347696775
101 -97.0907702339637
102 81.08607204394069
103 -37.82682291027992
104 57.25889498066973
105 -35.595826634400545
106 23.721949040905447
107 10.17260924519825
108 -31.844363397922443
109 38.92822363024548
110 -25.248866254527613
111 25.783074095963844
112 -15.469714679287568
113 -16.13493279842131
114 6.570908655039631
115 37.39680159473106
116 18.867027799379315
117 42.20523420983817
118 20.059833557387712
119 36.325389427349506
120 -2.918748808866829
121 26.29916855641202
122 1.0778753809423023
123 23.664192108436385
124 -4.817473096211137
125 18.670920161058696
126 -2.130797959781437
127 0.0
