0 0.0
1 -2.847919487252025
2 15.131023275788532
3 -13.745987296733592
4 25.96977232663986
5 -12.40471123505564
6 -22.578242025176362
7 42.33642664242666
8 -45.603076658232936
9 -19.5565628764964
10 6.594824788491298
11 -81.7785151981691
12 -5.35592165699576
13 -63.022150361071645
14 -12.546728732338371
15 -35.1609047355409
16 27.482178782171804
17 -58.94299742077453
18 7.842671947280535
19 -2.061724383756137
20 -38.467135447952664
21 22.769275074667696
22 -59.77417297348014
23 79.40927656916944
24 -70.79097115694535
25 84.32928269366418
26 -89.38781685278879
27 50.05355052955231
28 -112.04914449390236
29 16.79336807016548
30 -21.471788385290136
31 -8.385564800495588
32 1.8987837486783552
33 -8.442992023456263
34 2.0315252829781856
35 -12.76288280024398
36 20.80528287201091
37 -46.120018954640166
38 39.37918138192685
39 -24.035103566788425
40 22.71291649140288
41 13.531663813559158
42 -8.826206290220158
43 40.46094610418769
44 -41.56324305617678
45 13.816778849434074
46 9.930927854397469
47 -64.920454114044
48 45.07237589389689
49 -14.397340018314805
50 15.570938499769092
51 -15.930434501292769
52 2.553936726442404
53 -34.667235132342476
54 31.2341659300912
55 -38.494110514079225
56 26.865001934646337
57 -21.33218362558427
58 -4.619350280102614
59 61.80375095157324
60 -39.56527138002781
61 32.55382987778358
62 -72.51811471839181
63 -4.272525932025338
64 -49.610862328099756
65 -38.818764810339665
66 -46.63187011636169
67 -35.28149556952002
68 -36.3476099968983
69 17.937768027559358
70 -28.628577484385204
71 34.670278081373176
72 -14.989286472438522
73 16.40335981112344
74 -30.815292837061985
75 -8.083418914753183
76 16.792109571182174
77 11.604231225882799
78 2.9590008047120397
79 16.214526962403617
80 56.304067511645606
81 -8.925571306154428
82 26.78608399659161
83 9.545150124740896
84 -16.929856208564235
85 9.704753829079639
86 42.89732933683966
87 -14.428453999879066
88 81.29213015533675
89 -50.78393735917207
90 60.23496765363355
91 -31.498329006661553
92 18.802202367374477
93 -65.34295400350958
94 32.949518390088706
95 -41.18494333593229
96 1.0743359945955124
97 21.886668294302538
98 23.442811880580646
99 2.043682498576287
100 64.97616337426716
101 16.856732011182203
102 -15.17093294314587
103 82.75957315489894
104 -97.76099437882637
105 104.51552174938365
106 -110.85277382231858
107 71.94972214912642
108 -79.4410741487317
109 7.177664294869929
110 -24.02333802560864
111 -7.2240375709750575
112 -13.539715415292576
113 12.309075955971725
114 3.7143538744778564
115 -11.711437170112395
116 -41.95953396525875
117 32.72516567351902
118 -22.218411611569643
119 19.736892147589373
120 -31.37990924686418
121 2.0715832181431466
122 5.474266364946622
123 10.122987112655165
124 1.5866574635548072
125 4.550830802357837
126 2.256349934536373
127 0.0
