0 0.0
1 -4.761940831301025
2 16.635076752991623
3 -18.873565257886376
4 28.62640168775082
5 -26.456435933790367
6 45.389089119091835
7 -28.16322992474371
8 -23.494650474624272
9 -10.493831000824363
10 -14.573583559509903
11 -29.60676241177928
12 34.29402790544626
13 -69.81532054380963
14 40.47944417650613
15 -31.49066929780328
16 -15.417115268930829
17 -8.255826181222599
18 -5.718933422882115
19 10.464117175793508
20 -48.764165810587635
21 63.28204921203014
22 -107.70784783396566
23 45.681223122257464
24 -65.16886300202167
25 29.782823724028148
26 -6.564588766654999
27 -32.64670233617182
28 -31.79408220252092
29 27.47843338737708
30 -19.88761000989618
31 -1.1723527270307241
32 37.17914378341019
33 -108.89176140076286
34 93.71580854891305
35 -16.302289204270828
36 -12.866265124139703
37 71.40010339721924
38 -17.125730342524392
39 47.388660004404485
40 -35.25241298114095
41 29.311795080005766
42 -5.794375613768118
43 -3.045471727686943
44 -19.242288194803027
45 12.088574915868884
46 6.836737083929897
47 -17.112474031441458
48 -18.25159057656625
49 20.038603802461527
50 -17.005288665340984
51 -8.801701947399597
52 -16.186424134578065
53 -26.04992795141745
54 -16.171134118238122
55 -34.65072068952246
56 -10.080221567470613
57 19.338070841015988
58 -19.652417834267773
59 47.29103177195703
60 36.785238819786144
61 -7.662159581460958
62 32.00050254088751
63 -11.137241872745312
64 38.716048646580454
65 -36.649910562831494
66 31.775803811874734
67 -41.81203447070104
68 3.7654948163422564
69 13.300950795604772
70 -8.10642413268458
71 -19.68159210836964
72 28.05944048491478
73 -39.311354144702854
74 -10.1837183064601
75 0.7890303544467266
76 -50.51096198294419
77 23.53880971373754
78 -11.65818821388201
79 1.8019659687102352
80 -17.649034916951468
81 61.35467567031478
82 -68.91614371613258
83 47.63540635460174
84 -51.6026574076356
85 5.0442977027818925
86 -32.60797385589457
87 -34.187634496377406
88 60.4678568387612
89 -34.70165570411384
90 22.148904731650845
91 -15.93620053157927
92 -41.515279451548935
93 -19.463003840901507
94 33.34227708419735
95 -46.524402689976874
96 -16.084233981211153
97 45.053485216499126
98 -20.471123191366477
99 41.02144121924672
100 15.913676381951767
101 -1.6973054346139917
102 71.83271632308217
103 -85.00388269840717
104 83.04968861794319
105 -19.11328868449402
106 -9.759100359544963
107 16.910924838647105
108 -64.61712362233938
109 13.097272192295609
110 -50.00747376370139
111 -35.476266063299306
112 -16.19611736827542
113 -17.276110332379375
114 -41.052070033594426
115 26.69377468536998
116 -39.8252563386392
117 -17.6592908943743
118 9.433340941509881
119 -25.946998114582538
120 1.5175511673483257
121 45.09282338000652
122 -28.769020019609393
123 39.53746764947281
124 -15.859231345174164
125 21.239091190729205
126 -1.2947151740180527
127 0.0
