0 0.0
1 -6.672025791652923
2 18.96633859519599
3 -22.22795454472293
4 35.3202285512893
5 -30.441382403498054
6 7.217723603644623
7 -4.397688338883649
8 -38.35822365523656
9 14.044802886567744
10 -69.63083089326057
11 59.20096335122741
12 -56.67401011194218
13 80.36076192457196
14 -106.30682384780037
15 91.67615565067703
16 -46.86027913464782
17 50.78986626031825
18 -1.7270281392108247
19 -9.219090150495136
20 -0.22454303892234545
21 -56.804736317593715
22 2.8166285124175623
23 -51.766760742479214
24 -16.487417321965623
25 -28.603709993026598
26 -7.534364026477332
27 5.766506214267852
28 -36.69319071005801
29 -10.921349212436432
30 -24.46043625736519
31 5.338036265580601
32 -26.52468356887853
33 -14.750724058334539
34 28.33058790743254
35 -40.694749187972825
36 18.917821278913063
37 -28.836644966349827
38 -8.645495018331172
39 -2.7085122919471485
40 -8.841409921772268
41 -18.57033227377999
42 10.489879925926273
43 1.4189720013093703
44 -3.195316785902649
45 -21.29347892841938
46 50.32958130694314
47 -73.21936235259359
48 87.12685668068895
49 -29.210469457177442
50 9.298422974781536
51 33.846349905699775
52 -18.44639793379018
53 88.80825126904901
54 -55.40167495571482
55 102.89319676109179
56 -33.03773583867017
57 42.95585206567569
58 -3.718774105509588
59 -28.254740375210005
60 -31.290970211147872
61 -7.280763860353133
62 -44.368083441728075
63 6.201419177344892
64 -9.672400287056787
65 -55.58346073058529
66 13.98403376326058
67 -34.66139682507728
68 37.110700064935735
69 -25.35576591257663
70 -6.009739870381992
71 39.295440349130146
72 -31.031885641030048
73 29.924699783920616
74 3.9062281094411926
75 -11.048794280930757
76 60.520548708506595
77 -26.86184735581929
78 51.98705574751805
79 -1.8738432179999056
80 8.922544317367338
81 -36.41504225526707
82 16.210606621898965
83 -42.95301714859409
84 17.824161169572008
85 -41.76362599372738
86 -13.428521819352213
87 8.595672319246741
88 -55.36138145059636
89 31.292455700970766
90 -52.31278966891504
91 45.089943327858066
92 -43.49777523367798
93 2.0153754814401275
94 -34.00207947617337
95 -32.66433990103172
96 -19.954995857695327
97 4.242651058413093
98 -20.431584222988274
99 -30.5185720953546
100 46.05887344228157
101 -36.92965800316135
102 42.57656091676344
103 0.605861302125016
104 56.74901061744161
105 -21.54732529126793
106 56.61278537152686
107 -24.785123776084358
108 54.63735092402403
109 17.87069943783443
110 -23.924503608290163
111 73.71086855093691
112 -71.73954391259021
113 54.82757485759111
114 -77.92143779806007
115 89.92052669628774
116 -76.97825453606433
117 67.3225937233296
118 -55.05509632441684
119 66.23934082478006
120 -44.91889058275979
121 37.06816817515848
122 -25.387261049174647
123 18.248818865431215
124 -1.263035394583655
125 6.053626943181097
126 1.596756027239515
127 -0.0
