0 0.0
1 -6.72687492219614
2 15.134899807035483
3 -20.165734050221154
4 -10.807297620938337
5 10.184139116822816
6 -73.32712663998693
7 29.133934593986616
8 -59.895410032095924
9 16.8593215723136
10 -78.48815360481706
11 19.345358087704206
12 -31.411725546822954
13 -12.45598974126308
14 -43.136073480628134
15 7.026034950797749
16 -73.90513067241147
17 -3.9226136701489036
18 -17.58635154463741
19 -48.67933523668238
20 40.70897896398308
21 -66.82156382610611
22 82.7809766462484
23 -42.49833295780508
24 51.39462633214652
25 1.3760723232763123
26 -15.107371289030615
27 71.88962689422416
28 -78.19460256137147
29 76.56638261124745
30 -60.32138955442806
31 61.51305035464969
32 -33.64806398349935
33 54.070490908491735
34 -41.44234309643105
35 59.99505211632463
36 -51.07400107245183
37 28.76452348252334
38 13.648563845350441
39 -43.77688322281748
40 10.668573972234027
41 -25.616799874366254
42 42.75624891702598
43 -72.65097719705099
44 41.4008257483509
45 -33.32520663236364
46 -12.553712260213182
47 -6.512602774979825
48 13.476383186763087
49 -6.075189593016468
50 -12.950000640999784
51 -50.381118813295245
52 53.313224313041886
53 -34.661405445571795
54 41.601812673363945
55 -0.17346453949708276
56 23.004460470674466
57 29.257168144647224
58 17.50012912005394
59 10.973722813837297
60 -6.862020757645836
61 37.51056704984318
62 -2.987432586281142
63 36.23060810080316
64 -31.535779580701824
65 4.161737093183275
66 -9.182015240842508
67 -8.80626766839984
68 -28.738269275648268
69 37.6657724110163
70 -35.32486112820515
71 32.09063898892186
72 -22.44744258189224
73 -38.45584461734083
74 17.92432329430057
75 -93.05882785594534
76 -21.050005775907852
77 -53.89429205139418
78 -15.551693719664193
79 -67.91743744987964
80 -44.88738619112895
81 -7.512905304818409
82 -64.0743301594509
83 6.210798703681273
84 -25.613469421597774
85 -39.47091823440253
86 54.33755293885781
87 -72.70643399286483
88 53.36636058438369
89 -27.63291105390608
90 -22.54902942168843
91 56.15125930046486
92 -20.65369903988586
93 43.56065787899587
94 -51.4502522319562
95 67.71834786728273
96 -65.2208088230319
97 35.87303487954148
98 20.321194571453756
99 -17.94662281118565
100 63.78465657355257
101 -83.15950078645885
102 78.85520817812998
103 -69.48514829437079
104 43.3279521611405
105 21.262987386019695
106 23.158459743460316
107 27.493778324508813
108 -11.709138782115037
109 47.79084716792547
110 -20.939849905492856
111 67.30896462623659
112 -15.234473989410532
113 83.50187180438714
114 -16.596837728614123
115 107.32331471378956
116 -75.16523946380734
117 83.92830164133258
118 -19.001728997206186
119 52.7692868732761
120 13.828039205233626
121 21.658416441773106
122 -0.36029543150053356
123 4.372954339666406
124 11.489010918208516
125 2.865708995964842
126 1.9806313866507164
127 -0.0
