0 0.0
1 -5.144932354621277
2 16.292752857323492
3 -26.851426802176157
4 21.64751606358543
5 -41.54071612316454
6 17.211675645535323
7 -15.81714659491557
8 -28.07309063413119
9 -14.30744638061162
10 -36.73479391740813
11 -45.985421448481084
12 -56.8014251400586
13 -14.891236940831883
14 -71.84491169258118
15 42.2396445250779
16 -66.73803928924248
17 71.55908125028066
18 -41.33107945273008
19 30.962962477433507
20 -14.054297633844046
21 5.570095128084497
22 -30.124918987301154
23 37.52690876178903
24 -13.781017857087575
25 18.161910873479943
26 1.3941745054837815
27 -25.975720255524536
28 10.459970787478797
29 -13.244045531098772
30 -22.73094410585516
31 -17.88029760901094
32 -8.458051919390096
33 -16.346838561489776
34 -7.038678928530514
35 11.157294987241212
36 20.457566634475953
37 3.83848036797514
38 23.323449204564902
39 33.31357810190161
40 7.763290677409271
41 53.69215522587769
42 7.138566895925066
43 -12.969351581336156
44 36.36668115702898
45 -55.836394172098785
46 2.701664005632608
47 17.76654491935738
48 -30.93662700056237
49 -15.39058457326591
50 6.661401872782014
51 -51.309663092851125
52 -8.905884738522289
53 -55.783442760943174
54 -1.7627318552059759
55 -64.02677702614805
56 33.391276554735946
57 -49.39582741223758
58 56.26218979275864
59 -34.015225020127836
60 29.97340972665537
61 52.302125993170684
62 -51.367373593512916
63 82.4083115114403
64 -64.01924899771524
65 49.26425103632365
66 -54.85089188833319
67 -7.673351447517382
68 -68.14769598741333
69 6.2482542914550026
70 -26.751785217306185
71 -82.23702568775298
72 1.726269475178715
73 -2.3524340304449596
74 -56.2318046528569
75 53.32865275893655
76 -61.117526869352794
77 76.5758172954178
78 -33.87122161834796
79 19.632592736441936
80 5.52534091263635
81 -55.39505684174465
82 29.27074917732756
83 -34.369326867802236
84 35.66856272935563
85 -36.608756186754945
86 80.28391708425843
87 -48.388929057400595
88 71.8211055384734
89 -15.358513178801541
90 31.682805381800648
91 -18.33887357768896
92 92.05694739565286
93 -86.16361159986592
94 58.03426395879702
95 -33.44515437596648
96 -5.614469592313678
97 13.464729495296236
98 -22.793107982807687
99 9.175230554963488
100 -40.19184464563102
101 76.89215783967856
102 -103.05229240686668
103 73.99727344036731
104 -18.452231700693883
105 5.165757142774364
106 -20.951669155920165
107 -27.745020297453877
108 15.002158912232648
109 5.343071769286756
110 12.957061227807056
111 45.209041295014345
112 -24.565948283815672
113 64.53513571531943
114 -8.3827475720527
115 54.01680876601926
116 -16.104457802497475
117 60.46575175830504
118 -66.60454196721462
119 75.7817618953719
120 -27.18772910371208
121 32.08545348264562
122 -3.8091391553981437
123 22.420224283520177
124 -2.938938338474947
125 9.508747421144774
126 0.9383955346605481
127 0.0
