0 0.0
1 -5.122363099301363
2 16.223894328799105
3 -31.64613125323421
4 13.29929277775641
5 -45.627136563198235
6 7.846002826774741
7 -27.510758104576226
8 -41.1631327628995
9 0.9531761161648371
10 -54.43552650210285
11 -9.101735093978736
12 -19.649969374903634
13 -29.570390310956967
14 6.218572457550347
15 -41.87391122345677
16 5.88405298860102
17 14.758259839499203
18 -102.38626092074861
19 83.0572446682848
20 -116.9360500090411
21 18.395567217727457
22 -31.333820639252757
23 -52.80085635533071
24 29.300135082965788
25 -15.419072073832522
26 49.991174840594425
27 -33.95065282940958
28 16.502218599073984
29 23.902518497203673
30 -56.19787607459489
31 79.89875674362148
32 -70.44781646265493
33 37.37556524931901
34 -28.519125131099027
35 15.804893729124542
36 7.649570646197147
37 13.387683557376741
38 31.135569083069328
39 -39.09856041122423
40 39.375336792041026
41 -47.75181542981231
42 64.99974093524801
43 -5.372500331079604
44 21.91822412002137
45 35.06182936902601
46 15.06584668969943
47 31.344235575730313
48 25.320376469854914
49 1.5983971370438166
50 27.161296228723295
51 -2.029336570084284
52 3.572302276829654
53 -8.107843543950562
54 6.362428041880077
55 -38.36387339883828
56 14.552148633063165
57 -15.404012157510754
58 -36.4466411757654
59 43.80450457747642
60 -52.58889339438355
61 42.2760480874551
62 -51.54553208813474
63 51.262512866783744
64 -32.364955691488404
65 -23.950185533129993
66 28.471338123790453
67 -78.9400216668923
68 85.24227318934446
69 -23.428815895822037
70 -0.4936528264665865
71 16.714122313358548
72 -9.546771212774303
73 57.497540579166554
74 -35.36470055129752
75 51.554137088512554
76 -11.826637044763938
77 14.697434508943504
78 27.170429735835874
79 -33.5954244954386
80 27.88766981188351
81 1.6394270240201438
82 22.019105197095744
83 -2.972582469833411
84 41.41704650880313
85 -28.138160645982463
86 14.190506770065106
87 -19.48133702660329
88 -22.99342827620712
89 19.63241539974636
90 -42.91414343618766
91 26.93258967424229
92 -87.32197933481223
93 -11.104805575607584
94 0.14446410693771314
95 -28.593229877791835
96 -17.62221157183981
97 -60.623772558088596
98 -8.858996480845923
99 -81.73520290635277
100 -21.442313639868637
101 -87.20118051279555
102 3.81781628653005
103 -50.96100299034898
104 13.232803261772348
105 -26.391443566973816
106 27.254681069200974
107 31.780924466201448
108 -7.727311425451382
109 10.188368895830505
110 10.308475752771164
111 36.32875790059609
112 11.739446889879806
113 36.448257843916295
114 -27.139202913350942
115 68.3190359849497
116 -31.5239789982606
117 103.02065401366666
118 -84.75154618312546
119 92.12993435922387
120 -59.2102505621277
121 44.749909167377446
122 -15.438200035442309
123 32.945206344962045
124 -2.1734708273872134
125 11.577767880113251
126 1.3175496844486803
127 0.0
