0 0.0
1 -5.492529331496151
2 14.859903206769113
3 -28.030493673637093
4 15.005119329039491
5 -40.238251146067824
6 -33.13430565414129
7 -10.199024608621501
8 -53.88441270768027
9 -33.011481992040615
10 -64.3097071022188
11 -13.217355939115672
12 -64.75451270007397
13 -5.853051248856714
14 -4.924555897133267
15 26.794580111987063
16 8.217362967558286
17 -37.09045969674857
18 42.3167031330732
19 -26.97190251248164
20 -0.06582638724874303
21 -0.29919770445129246
22 -7.8926641405930535
23 -34.05304713419791
24 45.5065113349308
25 -40.85923635588704
26 -14.91908893014804
27 51.2400599985791
28 -60.22629399128372
29 4.735737403057753
30 -29.394768157091654
31 -21.886613772277705
32 32.30820912172176
33 1.631157999994101
34 12.2378749944651
35 37.05401296134335
36 -11.403859563486407
37 52.186274631378794
38 -18.785557198913637
39 11.382647723788795
40 -25.359188767596212
41 -6.568202232728091
42 -13.81654098609108
43 -31.334119666567265
44 -14.270998223575154
45 -32.62546515331674
46 -15.590192755453794
47 19.398878179039695
48 -51.65388351419263
49 26.12894782306355
50 1.5026034715373864
51 23.925728412961803
52 32.77061180523849
53 40.38577440761518
54 32.53706684256907
55 34.68125234278887
56 26.435658816627928
57 -5.872513157175427
58 5.036779795250541
59 -31.734938514476845
60 0.9055039495564976
61 23.979748039699633
62 -15.695964796859519
63 34.74142771925655
64 -24.606305784683894
65 33.73423199359996
66 40.938012532410305
67 11.77846163044004
68 34.282255723286305
69 23.27645082531212
70 30.151210571777234
71 49.715304159867365
72 30.231058237357438
73 24.054923612955623
74 65.85820075151886
75 -57.963075698800985
76 50.83744473618246
77 -30.21990287525445
78 -45.16219411433016
79 -19.139214637005924
80 -28.71764163600757
81 -34.882592893734305
82 -17.06342993805165
83 -28.072811183480336
84 -18.998215256450422
85 -22.02729265283057
86 40.92450430595773
87 -58.369326758621625
88 -23.91166542721015
89 -3.7968346331373772
90 -48.04640957227785
91 4.625775598668986
92 -62.569347768344436
93 -23.5445632291274
94 -41.36236491297469
95 -35.52630709641021
96 -14.144414011997974
97 -35.83509277628109
98 -2.059744102570709
99 18.73249287248611
100 -1.2749092749158488
101 36.02609761579179
102 -0.2631681963013374
103 25.24328169179442
104 -32.924965779350536
105 26.577917018407845
106 10.386960007891476
107 -26.023558573845026
108 29.55726616879644
109 -5.331350570399499
110 33.8842225291463
111 -6.656542838648248
112 17.646301908628256
113 11.83200561166918
114 -21.622709933178232
115 7.32302183333111
116 -41.70855307915886
117 61.42049286050129
118 -39.64797083737298
119 46.83657357212361
120 1.18342253838689
121 50.98645790603755
122 -18.32378518229047
123 38.49597616626641
124 -10.640663635957846
125 12.439942730866987
126 -0.09650494826627673
127 0.0
