0 0.0
1 -3.963387251004009
2 10.923928319447208
3 -16.662972269692187
4 4.205021047523322
5 -42.131531331796275
6 10.588260987438982
7 -31.093640938236984
8 -21.683572927337085
9 -17.291774278615865
10 -18.240289665880145
11 -3.1130699921433203
12 20.552454984422486
13 -34.96692212634781
14 26.643111901165934
15 11.884733928214908
16 11.216217675506956
17 -9.022178917482508
18 -8.11723414113107
19 30.13054713722501
20 -36.16442873612038
21 -11.448315549315634
22 -62.73625617013217
23 -19.428622631357598
24 -52.16340780797832
25 -6.490929583117654
26 -55.7029810646929
27 53.95323638953767
28 -85.57155553766584
29 100.47803763891571
30 -52.1808579270641
31 55.2829410254343
32 31.516859266583825
33 -36.92574608051732
34 17.373447925515627
35 -48.12473063081058
36 5.944192040273032
37 -77.73815430815796
38 6.922551897423203
39 -44.59495729847642
40 -11.688325146937398
41 -48.44886411055063
42 2.9900074072729557
43 -41.767065287885906
44 -9.974002119443387
45 6.496136580421046
46 7.108472035880933
47 6.042551647105768
48 -1.6866875333749174
49 8.989502973713467
50 39.685791218523065
51 4.4118259391642045
52 56.13378942381045
53 -25.64974475376564
54 90.31514912463527
55 9.301887760706109
56 -0.4472703190337824
57 43.431220330316776
58 5.761577287336786
59 33.45316712052321
60 -17.890787987959325
61 70.04853910388049
62 -60.69689978732646
63 84.8916151268144
64 -44.9561627612056
65 12.789956265778894
66 -6.037729649992859
67 -40.88234463269486
68 11.77386132175979
69 -13.519103370704077
70 -27.84244353277635
71 29.574516110843756
72 -36.694855250156095
73 -18.571855668076132
74 3.351578567512857
75 11.039039757251592
76 6.11488810453891
77 1.3518009751344564
78 27.609496697257374
79 7.38913920981528
80 5.3879320194555245
81 -5.4487405680392165
82 38.110535398138055
83 19.598921200548624
84 -7.285824840312695
85 -4.874751916613769
86 -2.2530130307910925
87 -33.74019110011699
88 4.355933577185801
89 -44.719912672219806
90 -1.6712547897732732
91 -54.54567381046957
92 -15.727740479191997
93 -43.829611474772385
94 -7.648783403047448
95 -8.087159060919419
96 -17.31481274266761
97 -29.487806980227408
98 4.954853289414617
99 -5.194706191604647
100 -39.34432412268619
101 11.821310310219086
102 -14.584963565898207
103 37.33844875870695
104 -22.317790481340527
105 39.87462486820717
106 11.769035242387815
107 56.65478899232908
108 51.88152773699526
109 15.596458022779325
110 33.22171403727079
111 29.90734404087162
112 -37.408563140935236
113 46.4572425336132
114 -14.915801156198558
115 9.072825138333533
116 4.480088232896524
117 -8.466173493122295
118 -13.090741871170374
119 6.926156589504352
120 14.357433465071008
121 -0.47038092862015374
122 9.912915150201577
123 11.022909310354839
124 -10.44288165478474
125 11.075314011510093
126 -0.9846527428679289
127 0.0
