0 0.0
1 -5.156160601970095
2 18.435659206925106
3 -22.88901868316636
4 23.23442568299949
5 -22.8736990446092
6 -19.67553908276966
7 17.2041134046744
8 -7.301892366376002
9 -30.2788471196404
10 -19.489069173407756
11 -27.41070422492022
12 -40.1872393145318
13 10.778803300948443
14 -76.96748756025218
15 -8.015222703679095
16 -63.06622112549433
17 -27.020031635794815
18 -46.07145120646116
19 -56.55032343052151
20 5.5965452298549
21 -90.13754203927735
22 61.16141498038365
23 -99.4077153872495
24 43.28812326161774
25 1.0295915096068142
26 -24.233508120682774
27 65.57075310472727
28 -20.242841372689234
29 71.63361525965331
30 52.30208396447786
31 20.47675337602746
32 71.24837561580327
33 1.749788443201543
34 20.9017143716233
35 36.20708864440363
36 -13.279819666811546
37 70.73588116075115
38 -49.62841197604353
39 49.465382428027375
40 -75.14196155602689
41 6.968071584329197
42 -24.44630135251952
43 -22.707713273606082
44 22.478508451321762
45 -63.90565342976342
46 29.731467782818523
47 -35.17198147244642
48 -13.310674035946992
49 -54.638652176026106
50 -1.2118294740727291
51 -0.4206135870677591
52 -21.97145508027727
53 31.764620475320502
54 7.176504492207321
55 -18.062698310148356
56 43.589485904248505
57 -29.035167690842425
58 9.039371476517726
59 42.49280856267425
60 -23.78626260595093
61 28.883081628602692
62 8.682198798898973
63 31.738689704005054
64 10.740502654072104
65 37.775700949377416
66 -25.15658997785592
67 28.02350297301626
68 -23.297295515534586
69 -6.97583932797024
70 -54.01828794237787
71 27.225540966254083
72 -50.55686235168491
73 12.289996184199023
74 -12.839091108299808
75 -52.46522962328274
76 54.8550342336809
77 -95.83441637472407
78 24.993720960821786
79 -26.74436347459056
80 -34.937129149574616
81 13.476853912218408
82 -3.413816963275416
83 -10.001490848919289
84 33.73135098347503
85 8.825109213024463
86 33.09314251666171
87 10.076778073798721
88 44.39271459549502
89 -56.39664126412702
90 50.29624023063829
91 -33.78522861401647
92 -20.150790073062506
93 0.14068050020131945
94 -56.63178466850335
95 41.775629741975216
96 -56.31449677831082
97 17.172183001830206
98 -5.613291286009952
99 44.99856775315995
100 -24.2084322758191
101 24.150844004842853
102 -0.39735964506882887
103 -6.226922528889974
104 29.496157440918097
105 -19.394922106836955
106 35.929675536521906
107 -19.30357194874842
108 47.262339987726065
109 -37.93878363649595
110 47.264313760045674
111 -15.257076132444405
112 0.9705028663222979
113 12.959398871771425
114 -53.57488558801123
115 45.42568081540942
116 -86.66792404836939
117 5.106098728066784
118 -62.444921289015305
119 19.0865465916365
120 -74.58669451210172
121 83.82940619056042
122 -40.394612345812476
123 57.66901935928374
124 -14.124815245356565
125 13.86073206962916
126 0.7111622550199823
127 0.0
