0 0.0
1 -4.122055064089139
2 14.06538624041238
3 -16.082448314986433
4 17.58975257303688
5 4.328971573983878
6 -23.472498397359125
7 -29.847895720278707
8 -25.444919203740685
9 -83.11616658822203
10 -2.3570511759135107
11 -108.05381466370746
12 -3.3436681524167438
13 -75.44230158487225
14 -16.17004584202035
15 -14.483048763947922
16 -44.08828781482875
17 8.427954530518047
18 -91.88867949591321
19 47.61573402667914
20 -33.46642828180786
21 49.65275235324478
22 30.938145250518954
23 19.244195596341452
24 17.409968591862288
25 18.505939438327818
26 0.9821561272234252
27 4.586170723885606
28 18.438508399557005
29 -2.942206726052263
30 -17.967219281975908
31 36.30167655750501
32 5.353774913628084
33 -20.798944358348
34 33.639552617749914
35 -30.87265982268576
36 21.039307405698047
37 7.145582076612175
38 -21.04780992442186
39 -8.283206858479819
40 6.934505980680207
41 15.890782534221941
42 -16.68167334475544
43 14.88607108620347
44 -5.5110828711777895
45 -30.04960702037613
46 -10.90232664731762
47 -46.9053807570783
48 54.95840314095184
49 -69.37734368957602
50 63.6326596862013
51 -33.650694024931695
52 4.734616355311811
53 35.39365059395823
54 -29.355201034443535
55 28.11904585333458
56 -40.68816761963648
57 29.923753618512972
58 -68.39537508827105
59 7.188988381026958
60 -29.931817218976537
61 34.940367487113306
62 0.8999193165134313
63 2.0304655791118065
64 34.34937254811107
65 -43.87555121574678
66 61.28740046895983
67 -45.66254547159209
68 8.681386278114717
69 11.64296654011436
70 -31.2376815229936
71 61.29106518753118
72 -68.07511732849098
73 19.71497896894455
74 -19.618609815109263
75 11.98268058278935
76 -81.45745951768578
77 23.757247294510385
78 -35.31112032692807
79 -38.22642897328497
80 13.182494232066482
81 -42.370625061241896
82 30.588921476767492
83 -23.50349111458153
84 11.80977642681749
85 -28.951317228416933
86 -7.815341535123338
87 -30.052625420897847
88 -6.294054152785599
89 34.04263384889808
90 -44.480782647295705
91 26.239650673794312
92 -14.440748187276268
93 41.092797593637314
94 -25.48370851736769
95 26.096685072680515
96 54.64291494296708
97 -41.17710765135985
98 106.35986248022135
99 -38.542822362481125
100 93.70259595302404
101 -10.423131006600972
102 60.431019742995474
103 18.283041782354566
104 1.107871616847447
105 24.210691365812075
106 -5.7652765913861215
107 12.726078223455477
108 -33.91408279833671
109 -6.651351976561306
110 -33.17013763773297
111 -18.01083867515016
112 -9.435928906996315
113 -33.152280003118754
114 13.085120183139907
115 -18.13811366231314
116 -11.894689054974396
117 -16.816461013230306
118 -29.65685275635971
119 58.10111566847414
120 -53.39684444181331
121 75.12333644018392
122 -52.749646714540354
123 53.37672481856446
124 -17.247762993524038
125 14.465606950167658
126 0.10549040579925328
127 0.0
