0 0.0
1 -4.579136834604958
2 9.479990350474475
3 -11.52015717967141
4 -5.330470219157747
5 -10.532809697132947
6 2.0877375108134912
7 -19.41098656428141
8 -20.21507554130856
9 -18.57007329122326
10 -31.684783757711045
11 -31.939987850505357
12 -83.2008189971931
13 44.32472236436882
14 -89.0898944502885
15 13.75816123531185
16 -10.201177150599268
17 -20.635010719124754
18 19.91633818803479
19 -24.370055681252953
20 19.400500835909988
21 -1.4511293109248173
22 29.39631278524121
23 6.082910925391206
24 -9.143138777268266
25 -16.104827094904362
26 -20.085640840457202
27 12.034905083887203
28 -49.75135000271092
29 58.54043999746133
30 -39.292792029721866
31 27.089126931935198
32 14.696455766603778
33 -39.78419317387036
34 40.205596889843434
35 -49.0559766925067
36 -35.55925253280941
37 4.490987638987419
38 -48.0935340390165
39 -28.765659007787736
40 30.75898070235224
41 -41.531495255747814
42 53.960363225929285
43 -3.407786065872436
44 2.70168910903143
45 -17.172911852548868
46 22.473830697178037
47 -37.99653491444779
48 -14.376595032313986
49 20.571159898315067
50 -1.803562814027316
51 1.6282773875782854
52 -2.125361194443281
53 -13.89545310805618
54 43.47353632152415
55 -48.91340048275277
56 -31.089749546586745
57 -14.283844918686539
58 -42.62915982658753
59 3.826498381051846
60 -51.02785132356729
61 23.469246486431906
62 -32.364768138204965
63 66.33305215151938
64 -70.46714104661972
65 55.896613602435615
66 8.139308222680263
67 34.91641913308656
68 -20.993274923843487
69 7.5070371043193695
70 61.14742390087571
71 -54.095368001328445
72 41.33256752270533
73 -65.76168672238569
74 13.695225591544137
75 -27.34268333274829
76 1.9681319154942163
77 4.074645741323162
78 14.085930452555717
79 40.925361145890975
80 10.808150043676772
81 54.413423470941225
82 12.430159527225412
83 -3.139526623952172
84 22.65434651266046
85 -12.228577438498478
86 12.752892029849114
87 -49.47136103830836
88 -14.98728807485853
89 -3.7259415889999103
90 -40.49934884164684
91 23.500700400376676
92 -10.437927611444481
93 15.339624011469922
94 9.702225583154581
95 20.18861442167387
96 -45.710882374801365
97 86.682142663389
98 -58.58863692087768
99 36.100922641711406
100 -37.60181945273178
101 10.184941464538669
102 36.64839755748612
103 -115.2453298524802
104 68.55042463519327
105 -87.91858222736623
106 35.217349730798304
107 -18.166837429505353
108 -2.3048025050332783
109 -8.354229469895888
110 34.36712600392146
111 -20.4795674621008
112 35.7802907512627
113 -16.486879058680607
114 11.512703967212536
115 19.97403864073773
116 -32.283216946133635
117 84.50587584765351
118 -74.08966415821568
119 76.18483638854845
120 -30.493029303129518
121 36.69841480657535
122 1.2536356189804456
123 27.862116039666308
124 -6.094835465980813
125 13.63450219677066
126 0.430169950066723
127 0.0
