0 0.0
1 -4.815203957837508
2 10.366606901148387
3 -17.490572487908697
4 -0.1893953269465912
5 -3.4067582927873987
6 -41.353354911272945
7 7.103533837960043
8 -53.298253255673785
9 2.537940374506084
10 -43.65925914187082
11 31.378174867351458
12 -78.32091993426901
13 10.655251206590734
14 -29.19721335409486
15 -28.229336122004757
16 24.41967621520309
17 -32.631062613465296
18 54.186710779358954
19 -38.06759463946632
20 51.510704951415335
21 22.957167512063112
22 -22.69586153012308
23 40.14188430078697
24 -16.363825150835854
25 -0.3821552666951553
26 -34.13237712152396
27 -11.444143228413914
28 -14.408069507709119
29 -8.119540573981839
30 6.3349272759390685
31 -48.02993972432647
32 -8.282949316009987
33 -68.01375235019697
34 -15.033811980892843
35 -70.80898662514399
36 -11.385065263755946
37 -25.553814792871915
38 31.637463189275124
39 -36.19397963271148
40 11.74538760570847
41 6.758659068482819
42 -11.182791066169829
43 28.072624560899584
44 18.65840095730471
45 5.404193714724512
46 14.700151192153147
47 50.65426233926363
48 -23.659951083517342
49 91.60894758051792
50 -36.5021568025261
51 85.52418839419114
52 -23.371708098358933
53 22.829960927332944
54 0.5296836667045339
55 12.768385398498816
56 9.319612684566545
57 -63.164776248784136
58 73.36099691709754
59 -49.809895325964206
60 41.085227478276835
61 -3.8572187041938575
62 -42.37075062277842
63 82.62116036700691
64 -81.86446641919177
65 89.26680621049967
66 -51.04046707589327
67 0.6995119785398293
68 -9.375506962180099
69 -0.2099600062313058
70 7.38569001590628
71 -57.69092301895297
72 58.77571887279873
73 -124.06014696531223
74 74.53195714312685
75 -97.81058663094183
76 -31.247544420517762
77 34.08299037295997
78 -84.22610549153006
79 32.4411012593368
80 -58.621508268266055
81 39.04998658197082
82 -19.635576446025247
83 12.65008347295626
84 2.218794073331622
85 9.042238555566533
86 -14.29259816444818
87 -15.096417982421501
88 47.50333481862161
89 -43.32425348068946
90 -13.646490212686173
91 16.841108339164553
92 18.384816113677253
93 25.680227907261816
94 50.946565619969164
95 -18.97759506030201
96 95.02145932787262
97 2.240450346981495
98 50.56779663469843
99 8.665693537231425
100 -27.492973077387127
101 78.57358925421754
102 -60.08907003407257
103 26.119433676144954
104 -21.47537653743143
105 9.93759373703964
106 11.046320305436467
107 -24.476700365038823
108 36.05204922646316
109 -73.01073006115432
110 33.9891445367635
111 -69.08970554536218
112 -12.562727917891687
113 46.50398214453606
114 -45.34196570469984
115 21.256629236242457
116 -30.29350935361988
117 17.289017789202163
118 -44.25864163698074
119 49.26729245253922
120 -42.37865283419579
121 27.518663758521843
122 4.9474443670552715
123 27.993438675628536
124 3.6626915640585094
125 8.051238081198365
126 1.0426483679168415
127 0.0
