0 0.0
1 -4.8906606467353155
2 15.214126352965534
3 -32.58456225212094
4 36.90198968766004
5 -38.914299495526606
6 12.368931729675658
7 -10.9489609124212
8 -22.914248331667558
9 -19.28373351042373
10 -15.06045308721853
11 -2.7415251122185844
12 -64.79841783483896
13 21.39464543943107
14 -45.40986919144115
15 39.20307216662027
16 -93.51849892398941
17 16.615291639731655
18 -63.99310127632657
19 9.789893491269824
20 -36.34219425831527
21 -7.030002198653117
22 -1.7349833283683693
23 24.888284985717544
24 -20.632433775772554
25 18.60877507157556
26 28.68284212901373
27 -3.645855832488411
28 22.40642899717511
29 -32.10113007178515
30 4.507682339480711
31 -31.529877724462512
32 23.30211833573832
33 -49.252644408014
34 10.838166041925762
35 -20.177747222562157
36 22.914896602977127
37 -70.69900484959061
38 -5.945407705569489
39 -15.997936727115205
40 6.626951610263485
41 -22.898857484222265
42 -8.350870580990152
43 4.767665922958925
44 -22.821958388784708
45 54.131975086114814
46 -63.67785917936364
47 85.70721561206346
48 -77.82084249313726
49 67.4897556340568
50 46.33758407828427
51 -30.599482360675875
52 73.65020928975215
53 -36.18358636486964
54 23.955351880666605
55 43.35393997622456
56 -16.874946569378924
57 1.4480883770628705
58 -16.13338987663635
59 -26.233473469823398
60 -0.8419218871817996
61 -20.192389981292518
62 -13.476556648936134
63 -6.782753441513033
64 23.647738387110614
65 -20.747808782039314
66 7.83794609053975
67 6.215701100160623
68 36.256078622388976
69 -27.289244336730956
70 28.74050263095065
71 26.30946749894735
72 11.965782284938825
73 53.23437684380153
74 -1.16913681695568
75 19.120744381001302
76 34.53883224633106
77 43.767356912398164
78 31.58131419327962
79 18.727770671967754
80 21.28097936742995
81 19.519773908439227
82 -57.27512921044709
83 33.61319633841166
84 -42.4666493796998
85 -17.47219096774536
86 -48.93632650248252
87 -53.6204132297414
88 -17.20626396670138
89 -54.314261413170954
90 -12.847355830442842
91 -36.2544236521563
92 -17.95458027709411
93 -28.462877456028
94 42.62047598455717
95 -40.526989061008024
96 4.091164460324377
97 33.624135675894266
98 -24.229931703191887
99 24.744014032796535
100 -18.684695957738754
101 -2.1092577289398435
102 -39.73260835197532
103 25.649734481275875
104 -46.892294673902725
105 15.092701880393257
106 -38.620466171989925
107 -15.86035495681348
108 24.194138359330264
109 -53.01309976858673
110 2.827247328532396
111 27.34378953590663
112 -33.57653098848821
113 -1.5187867659790426
114 38.11502373413957
115 -59.761221702024415
116 67.61518234990749
117 0.6324097763110841
118 19.369870187796064
119 35.32458543969749
120 -32.52354617570997
121 74.05580166932918
122 -28.45976573086784
123 46.53703213164659
124 -9.489563042986125
125 14.182237847523085
126 -0.611990421937228
127 0.0
