0 0.0
1 -5.007041035998212
2 11.881117103576509
3 -26.91703189379731
4 25.956759312141813
5 -54.48321407725807
6 -5.2378310890019435
7 -50.130313935585896
8 6.501915012099015
9 -66.54398669605466
10 -4.169963622067846
11 -37.313425623710536
12 -45.937185423381024
13 7.123851252925706
14 -44.43149007554891
15 41.46897758838823
16 -13.976311929654042
17 4.512664376435697
18 -28.382451964319408
19 48.17654792339537
20 9.020375806985868
21 -45.94580215190842
22 18.08239123661434
23 -11.373118723887197
24 -29.458635195736544
25 -24.343515166980996
26 6.649076266027808
27 -31.3249818687646
28 -4.089726174157342
29 2.693915151550703
30 -34.30206373833962
31 32.38801706698181
32 6.023414281313168
33 -10.632978686686059
34 26.522341525612635
35 0.13340197850783284
36 26.64623874498623
37 18.59580999714336
38 67.53871157075875
39 -27.037562839425952
40 30.36859272309833
41 -16.242737399690366
42 0.8672335764094357
43 -3.3484367406289057
44 -1.7143607379629995
45 25.921373610129397
46 -29.43642279121355
47 31.03451793183201
48 -42.483986766597255
49 45.66274759427532
50 -43.85174806962145
51 46.02161317130018
52 -12.395951773114144
53 -13.084661514841622
54 -7.424272650591948
55 17.22347922428758
56 -15.917492958058443
57 -1.42056748714157
58 -20.18014311192743
59 -28.87951277157774
60 -3.4236223172157927
61 -57.291793052069984
62 -6.0155248853873236
63 -37.17202917490018
64 1.8731040416042855
65 -13.645548791641607
66 -15.994198125761262
67 22.94331474415812
68 -18.950779189385937
69 7.259818087295215
70 -21.562112755769675
71 45.19436714802185
72 -17.713076728735075
73 -29.483443776908942
74 72.70073047333825
75 -94.97051398528913
76 95.30938496612104
77 -69.94256290163317
78 39.91189299352856
79 11.784895143304407
80 -17.21935661404728
81 54.14737450929384
82 -24.540352546239376
83 75.47862952900049
84 -32.25297813586095
85 59.88527814582857
86 -39.755319283839114
87 49.44436122945174
88 -26.993670703422442
89 -5.716241643814331
90 -14.463858645855485
91 -10.818265073906566
92 28.301003334087167
93 -51.938289498754195
94 37.97829062419727
95 -49.89534905549169
96 -19.383015452343592
97 33.88472404871553
98 -36.10325376814096
99 8.807634561956588
100 -27.812277817952804
101 47.178632275868516
102 -58.11315877256237
103 28.229148217976274
104 -37.156560311229214
105 -43.34399631864552
106 29.253253176904067
107 -56.615298380460544
108 27.84483055642936
109 -28.181810182678582
110 15.257238178056168
111 -38.06322766729207
112 83.14710166491224
113 -36.15497997386114
114 25.504669279205327
115 44.9970962612714
116 -9.304896759608532
117 50.43872903968482
118 -33.27403953206731
119 25.699494578742627
120 3.892747756465051
121 65.05560168588838
122 -23.8838675021627
123 59.24229394790273
124 -26.936138551404348
125 21.024089444226874
126 -1.6016646416399039
127 0.0
