0 0.0
1 -4.100300173519523
2 11.312171485075712
3 -17.819257073538335
4 11.974982644805069
5 -17.0776084860413
6 20.59043435331913
7 -30.956459973708476
8 52.53760023060343
9 -19.64016669250154
10 31.861577610746235
11 -11.180026894517797
12 7.033267245316884
13 24.94600982004669
14 39.51761389556385
15 -26.44817722647319
16 52.18934618659421
17 -45.34200103071898
18 -25.81154732705377
19 38.20017697634288
20 -91.69677090618514
21 71.42657532071026
22 -109.25411554895982
23 41.792524255838565
24 -61.989368214191174
25 -46.883905265105284
26 32.82732076799174
27 -26.878421932104583
28 17.01515260938652
29 -3.4468363544238594
30 -7.7737829144792965
31 10.639134382578034
32 -3.620641799829884
33 -35.89083081550392
34 0.19913533579980225
35 -17.49685679516667
36 -33.7765324614151
37 27.407141072935666
38 -45.510318928005084
39 31.18095046532949
40 -0.34773750268459386
41 -9.688164472849337
42 22.117013130376925
43 -1.8019600939183855
44 30.848772301652822
45 12.294536154653393
46 -7.041660152861531
47 25.855564718594312
48 32.94871136676381
49 9.515612191962314
50 69.32214587643924
51 17.029086472784147
52 36.99039532499043
53 21.484816888010258
54 -30.182365496957217
55 26.220117825953693
56 -54.79571390037432
57 1.5486772478623363
58 -21.821122184682817
59 -34.83546785546891
60 38.52262929443074
61 -59.42117265095315
62 39.336977313856785
63 -79.76648058583724
64 22.499736220922973
65 -24.618163456275898
66 -34.115815974250246
67 4.99530625332274
68 -62.03436428438497
69 2.78594041316367
70 -31.04691893340411
71 22.604706244033583
72 -39.99548392342377
73 -27.856134331644895
74 -3.733556204865652
75 -49.89297205343358
76 -16.397561077071828
77 5.7802113690939585
78 -16.44562424325818
79 -2.2196594946103194
80 9.111095027880527
81 -26.490468721148027
82 15.310852579598704
83 35.4521195814566
84 -10.531063875526458
85 41.021747440669365
86 -1.152116636028032
87 0.433816775741325
88 -14.96756979905576
89 6.441568999090862
90 24.636826143296204
91 -30.621050876110843
92 41.11019184693862
93 26.086808722985015
94 34.16947325016423
95 30.918781447779406
96 21.794763385999115
97 -14.243864329009837
98 -18.936023204678982
99 -5.875510384326043
100 16.970304839895903
101 -16.716265511550553
102 -32.72890147285355
103 11.068960183240705
104 -33.881954272803455
105 22.49691984212264
106 -27.704258058214116
107 20.69556539479734
108 -14.797275435093814
109 2.1697255902989725
110 -22.132778550634523
111 24.327524121387484
112 -8.085234150702636
113 -25.096017810957225
114 28.530521465453262
115 -42.113419362098384
116 33.074019744647366
117 -83.14867498142287
118 42.12586648220692
119 -14.949479202035398
120 -7.055081664126331
121 37.15823492719763
122 -43.733931368703296
123 41.86060001828945
124 -18.03720888773785
125 19.482555083683028
126 -2.582269671887357
127 0.0
