0 0.0
1 -4.830534416412601
2 12.723208952756695
3 -25.963317711845676
4 9.868240407199616
5 -29.82439602111302
6 -25.055307254780615
7 -27.815146219721697
8 -24.51389921708089
9 -23.87191104767198
10 -66.09721048763109
11 66.80901373538404
12 -42.5820405629704
13 -21.3765663620224
14 -2.6189345862988884
15 8.404359116527305
16 -65.75951598223526
17 -6.997594401018063
18 -43.70126495025875
19 -46.90281543833105
20 -20.27892024351249
21 -60.20024396837406
22 2.523582436417731
23 15.690599134742852
24 -23.190711150027724
25 38.308349286592595
26 -22.41286427177894
27 9.44336864212761
28 -24.941892136829967
29 67.04481568358129
30 -61.19347338862166
31 67.7158253610139
32 -51.35904562993945
33 -16.694803245657337
34 32.506608671957316
35 -48.77571974541515
36 63.59595864630068
37 -54.82021415280524
38 36.08214311200052
39 -42.37647090616233
40 21.93550822632011
41 -22.963579731215084
42 29.99433496138388
43 -19.365990724860154
44 -9.895070884110801
45 23.40898186656981
46 -30.67354543037683
47 18.016709770517167
48 -36.85324788128854
49 19.761931623360752
50 -16.226609476795097
51 27.06790029399822
52 31.322882621256447
53 13.597574705009107
54 61.0042630904593
55 10.212693225814498
56 27.871692747052975
57 29.706828917809354
58 10.08540059668571
59 42.46847273566036
60 -17.105571459770914
61 7.421399511495658
62 1.8061786656949754
63 35.947929844785214
64 -56.45140682450901
65 10.281255615699711
66 -36.59279817425411
67 -29.4168645598379
68 -12.025319290660168
69 -54.43067754388106
70 -9.416793901377384
71 -52.81933849132312
72 -18.541632497307383
73 -56.382393585413595
74 -30.721100872423897
75 -7.581851635452853
76 -3.384984088506136
77 -43.13622071774313
78 46.3624221964813
79 7.56458839139058
80 21.80396007882259
81 -0.7940614105473428
82 40.68431804732404
83 10.596069630576487
84 -30.369051057052918
85 47.71804885631268
86 -3.9859521273659477
87 24.00807714233194
88 -16.739944229433164
89 -15.605981820754847
90 24.70877693452363
91 -52.77119154055422
92 53.30678230188223
93 -58.471046479723974
94 32.898269912474454
95 -8.280714071140025
96 -10.185486804923237
97 31.503197838899506
98 -43.75652619356839
99 13.085340030100765
100 10.503617793371143
101 -61.712865630246824
102 34.26235897288785
103 -29.41528665401333
104 -24.38565729160255
105 3.8614976817761124
106 -39.45261747389143
107 43.087088288054915
108 -13.827306724596786
109 10.638353417061914
110 -24.14778455022214
111 20.893162909755315
112 -24.56523201629443
113 39.029591979396514
114 -30.46118410241803
115 47.70738958738395
116 7.726158495901987
117 33.87120682983918
118 20.711650422919007
119 58.22806269867893
120 21.977678319086646
121 57.94096240935467
122 1.349284892347199
123 37.05538358932816
124 -3.242988146133237
125 9.829976027135174
126 0.4205856284977226
127 0.0
