0 0.0
1 -4.1028130943965335
2 13.158615733619978
3 -21.423191029486624
4 16.440937398194556
5 -24.48802669608675
6 0.14078615741327002
7 12.525096779508528
8 -9.619673465334296
9 -2.3887842605145932
10 1.4837845799677605
11 -12.759967580290278
12 -22.28654817133034
13 -4.299679210695461
14 -26.08715531949218
15 21.218895516056413
16 21.822026504275446
17 -8.138491812053669
18 -4.0688924009970595
19 -19.811031970462846
20 -23.264011515284015
21 39.93551675040499
22 -59.589904955292134
23 -19.375630862455555
24 39.62060215669098
25 -73.65101342850473
26 3.1777408693489244
27 -14.054966297983894
28 -54.69403447543646
29 19.23265585236673
30 -43.642516092529256
31 12.029122449008042
32 14.402734604960859
33 -17.771322165385186
34 29.678727482392684
35 30.4474619366242
36 13.150918483855166
37 76.51700617975798
38 -23.85067586377323
39 83.96237854430463
40 20.35027593555866
41 0.5311903140128436
42 38.89667409493767
43 -2.9676541816886988
44 25.712463510086717
45 -27.205233981918514
46 -7.346781589902456
47 7.275285892860692
48 -22.816319711429514
49 -16.541626154914017
50 -43.4279981425099
51 2.7720485188438313
52 -31.68635485332865
53 -5.2024076777571935
54 18.902821070229418
55 -51.062178816703
56 32.12879855089823
57 -40.42968317536726
58 -24.719426221213265
59 -9.605627956487671
60 10.56127954019129
61 -39.02075724427686
62 14.930965072250308
63 -7.153788164989482
64 -20.015441180210967
65 -0.505381572544503
66 21.209194650575224
67 3.0723797118779275
68 6.8717742972422595
69 69.70571103940698
70 20.549231615099792
71 34.817136534648554
72 19.52910172373405
73 18.10811883756828
74 -28.180138606994706
75 -18.554231517980618
76 -37.428647783854075
77 -19.76413978181612
78 -16.505981463881167
79 -61.24162817162957
80 35.20000028521492
81 -32.869144168197096
82 -38.149588427730876
83 32.261337857332286
84 -80.02874759649153
85 -2.6843430657722505
86 -28.462812300562526
87 -17.334130845568694
88 -53.94490664756099
89 6.6764105560936855
90 -38.87931574253557
91 -16.107872438306973
92 70.95194312939492
93 -41.642432294844575
94 97.13826231197035
95 -17.254962744730147
96 45.70463995659288
97 28.930449597556244
98 -2.813330175811022
99 27.68895451668537
100 -23.333063521924913
101 41.10052667190845
102 -15.300620661658249
103 -1.1008456643999676
104 8.034794561516767
105 8.794347267946442
106 4.342244985698404
107 -34.70255468522287
108 25.72029538534029
109 -60.31875280155441
110 45.28921014487971
111 -52.845608875782254
112 -36.96543898424542
113 9.970884711568486
114 -78.07592544733681
115 49.55066033998717
116 -76.98514223470265
117 25.842483522056863
118 -37.07656852819711
119 46.66074681269627
120 -32.915675590107824
121 50.71128646911417
122 -40.14311071330807
123 44.220756203498155
124 -7.330441846720304
125 11.996320986396656
126 0.7326013432777247
127 0.0
