0 0.0
1 -4.747381233085837
2 8.96838549964578
3 -24.43300919855275
4 -0.04371036570026776
5 -19.46878917892886
6 -32.260888760564136
7 1.357425651736616
8 -83.76701638148309
9 28.874976242851236
10 -63.12234978625824
11 46.206637636823615
12 -47.41206319399285
13 33.84289523790271
14 -1.3202393055773314
15 41.18588371915212
16 15.339803432683324
17 6.5773481414632515
18 30.724096805123434
19 -25.648211599683194
20 31.640639829838776
21 -48.61657995290496
22 17.36343813461026
23 -20.506599881976154
24 -58.63015971859288
25 15.30266431793444
26 2.3928513914806144
27 -47.883522003580495
28 4.603209301002761
29 -17.959946243883703
30 -34.44181330717726
31 -2.2910684851311185
32 9.80355381228515
33 -11.061632650320663
34 -33.78273185053688
35 64.06046223707291
36 -35.06789234017508
37 23.612802968744447
38 -23.736359087020716
39 8.14663500920772
40 -29.562189111925843
41 -2.591381715187312
42 14.714516397229717
43 -45.59544197070896
44 20.691038084792915
45 -68.17608795112598
46 -1.5922987998740168
47 -42.81977128597534
48 7.194942940046348
49 -30.76932437812579
50 -37.79484076348542
51 11.970717886440132
52 -52.69976986862465
53 47.8711215681081
54 5.088203104332969
55 54.83259554277299
56 50.30325524676186
57 -7.244850991725486
58 110.44925663745153
59 -60.74894249781719
60 43.93743401518354
61 -9.396914208651356
62 -13.636546154533812
63 51.061909312145936
64 -28.910123500623143
65 37.631906098480805
66 -63.05589096794632
67 44.824830210639085
68 -63.26493392271103
69 42.891724142574915
70 -30.142274884080027
71 -3.9310934110057087
72 18.604568631225497
73 -59.21291221401611
74 -21.664143824272838
75 -21.6307269374409
76 -15.304846403688607
77 -40.80961472734622
78 12.769519115624282
79 0.7781052373156826
80 7.203962672710956
81 22.73480097687448
82 -7.298001188326864
83 -14.573667858024296
84 30.17617451610032
85 -1.8363674467968272
86 4.572058459148519
87 2.7323263703437712
88 19.7236690405472
89 -4.946572403732099
90 12.478232154786927
91 12.372271010723974
92 -2.105176932962149
93 3.1717673673585285
94 14.028608072354354
95 -19.53222198777656
96 -25.836886814028933
97 9.631019229559504
98 -27.071645020038627
99 -35.25929303620376
100 39.8486455373699
101 -16.42606963957567
102 24.009913247773966
103 25.51011959858845
104 -31.82620212029399
105 13.786583574992399
106 4.246856620427317
107 25.8830225435809
108 -11.601734053869118
109 -30.68004533618916
110 -5.25337186575753
111 -59.232023182870655
112 45.46221419542608
113 -41.760377993403395
114 3.5064839692788676
115 -6.840155437267864
116 -32.07291898429197
117 65.48044081137901
118 7.878110540491565
119 71.09270199103594
120 -27.898268676552
121 86.09872785514386
122 3.5538884198055505
123 23.56183110645826
124 4.608997654202433
125 7.473672057491799
126 0.25336047441916615
127 0.0
