0 0.0
1 -3.798182195954996
2 11.029674656509556
3 -10.379387311310627
4 -16.600679508788602
5 -1.5390241096449633
6 -46.926240224123084
7 11.03626119987721
8 -76.20296805173477
9 -36.37950375654078
10 -10.173195580482803
11 -100.85025118731484
12 18.539763904950547
13 -74.82177533607715
14 32.01987508312427
15 -62.48851805645669
16 25.998429103619156
17 -22.063730494355006
18 -5.964994811486713
19 8.4664614883228
20 -35.37144515936656
21 51.88226099669545
22 -21.260719471446976
23 27.43677065082313
24 -8.221304723666611
25 40.16356090772942
26 -63.962801378725786
27 -8.408728585597697
28 -25.72067960794186
29 -35.713208110871825
30 -10.696930118763552
31 -26.285343246644715
32 3.9855796391303526
33 -26.335668084937954
34 9.505375856449158
35 48.99445415283326
36 3.8944905163394288
37 37.46167463178347
38 32.500814800846946
39 -50.35326706346375
40 88.38086557566724
41 -50.05210899083448
42 55.725882725242364
43 21.74976443531651
44 -4.275775753817367
45 73.72397401524073
46 -17.708644170160632
47 30.4236569257853
48 -25.88192833924419
49 87.69903168604148
50 -41.3376740726956
51 42.16226533923252
52 -12.79284919433461
53 53.63851209582281
54 2.2957370508742683
55 -17.453862475541083
56 60.49586823157005
57 -47.80800855853035
58 39.01804335003585
59 -9.737803567295828
60 3.4125954974329016
61 -2.620738907877344
62 -25.181400512167333
63 34.66552403340011
64 -66.20307987376377
65 10.151548348554883
66 -5.41825645341562
67 -35.6274215887063
68 -0.9229536540803043
69 -29.93111162726238
70 16.795930834153264
71 -5.1604288659283055
72 20.778274267175288
73 -28.131200133309115
74 30.281197932161493
75 -17.10871952453873
76 1.0282581513668487
77 -6.106807603350173
78 1.1295358378147786
79 -14.066288756833849
80 -5.649193842557396
81 -9.974906623014443
82 -53.54161332205317
83 61.476371685571564
84 -109.79718273860584
85 55.72788206211149
86 -80.0997296868236
87 26.669415155063508
88 -11.934222871886835
89 -34.48419116902154
90 76.98610098396603
91 -87.82530221265847
92 88.21565956686918
93 -72.60183910856453
94 53.88427828361007
95 28.070387711631007
96 -36.76131778865009
97 21.0432020562656
98 -6.677804219745297
99 -16.158911099207653
100 -10.151238023045211
101 -31.32234180894849
102 4.450934876655298
103 -21.518825236544885
104 -19.06796615147315
105 11.337308244852455
106 -8.602485514687798
107 6.1776873869852205
108 -0.47481386082147264
109 34.53945013618544
110 3.9022612186010868
111 9.216662045912683
112 -25.071653987603344
113 28.2610458668673
114 -48.634427747643684
115 18.501376794171147
116 -12.130395510685348
117 4.65203158213887
118 48.15568756617093
119 -16.47904670493273
120 23.83294350778988
121 27.026586665696044
122 -0.5179867416620314
123 33.7972080142271
124 -9.042417720596216
125 8.979908640288338
126 -0.1807707944485403
127 0.0
