0 0.0
1 -3.443555603655266
2 5.52461194373342
3 -16.52124895537142
4 11.471941296986994
5 -8.616198418354365
6 21.8566645699977
7 -9.134522800688584
8 5.0789018897340155
9 -4.503915702949313
10 10.292347767344877
11 -45.1318337048004
12 61.5375662005408
13 -123.32453493861958
14 93.51343380934821
15 -100.40403419061866
16 13.772947227076958
17 -25.92682390084369
18 -40.80359912778484
19 51.21409385847293
20 -129.63989422502502
21 61.08116427532771
22 -52.85252182728519
23 24.451717677925178
24 -30.13942385206058
25 20.316115068670257
26 2.378707234768387
27 43.48533910476868
28 -19.443075404465404
29 8.754113071104124
30 34.660080358232854
31 16.398619997419516
32 -14.121187079915158
33 1.7466944965939757
34 0.9278773176503987
35 -21.25551340501278
36 -14.228536651103125
37 33.424074030733806
38 -2.17905655937016
39 44.987526205255016
40 16.04059433005516
41 0.8699607785676495
42 51.99382533744966
43 -61.6705865380478
44 61.167377836119634
45 -21.497107959265385
46 -39.06415283769448
47 -24.12259944493439
48 -29.1541900588073
49 -38.614048898322565
50 -20.291655626792554
51 -16.142314889643213
52 -21.123588125857204
53 29.327885354135883
54 -39.288726748201285
55 -3.686004509448259
56 -3.096934461963348
57 -22.622875277821397
58 6.32869511781273
59 -6.113970265454253
60 -12.912944669391917
61 34.6243847544463
62 -6.12634890161159
63 37.81602736001698
64 14.639304816007227
65 -14.802393745013182
66 54.61188894582625
67 -16.740931259621373
68 24.208745932501042
69 34.7341078256448
70 -17.183694861679857
71 40.511633699500884
72 -5.140556537591098
73 17.45316586933681
74 35.174483679704636
75 -26.408736448198642
76 16.052830087301743
77 -5.3605418869842705
78 -46.799309507088246
79 -10.471547393391655
80 -23.53482265319248
81 -54.19282384565508
82 -21.291539001128655
83 -43.99845970354869
84 -39.51990114099051
85 -18.278410731680758
86 -30.6191736044749
87 -2.928198385544222
88 13.68417932006666
89 8.61290241266443
90 -1.4428612715852018
91 35.320486901197526
92 -7.815773274943104
93 58.53617839761886
94 34.997378058216256
95 -1.594648376872187
96 100.15803138969535
97 -12.464787110465641
98 49.326645662865104
99 4.517363507596521
100 41.75123855449674
101 -6.62566169610069
102 -17.108754326758902
103 -13.435066689176486
104 -48.322978399830895
105 -17.613627873617027
106 -76.63477338136369
107 31.43217858164539
108 -65.27732167457525
109 0.8818768799518417
110 -57.80792973118328
111 -0.05533002969666297
112 5.032965478174821
113 -29.54875311932002
114 29.533289589852902
115 -54.44027824599758
116 39.8330426240019
117 -13.336584965923981
118 2.6394619320094974
119 74.53754457499035
120 -68.29180513921628
121 61.55665112023164
122 2.838743409958511
123 24.94802697520088
124 -5.163935100392422
125 9.712541693793758
126 -1.4650919606246098
127 0.0
