0 0.0
1 -3.194100291635125
2 10.424953127797291
3 -15.70157217948919
4 -0.662505064999005
5 7.306763551971201
6 -68.49885504331517
7 5.955593996299945
8 -63.594799784227796
9 5.809443672744388
10 -66.18388001582862
11 -17.252723623288855
12 12.295478109808212
13 -88.86975382446192
14 61.15113863549881
15 -3.062763556689357
16 -7.634804193283225
17 61.55121229640195
18 21.47799541997589
19 15.57149351484912
20 45.74101650731906
21 -6.263940169000461
22 62.511544284759275
23 -12.400425030026685
24 50.73685465017773
25 21.071013861997372
26 38.45277638191035
27 23.792242609528433
28 -21.112776857261267
29 31.86819208994335
30 -15.481116360196856
31 11.636597562665122
32 -56.110763856680535
33 8.797838820577248
34 -49.14201250587994
35 -11.691093995968103
36 13.667305635742217
37 -48.76993280505688
38 -15.974191447658106
39 -30.392157910800027
40 9.77674772074988
41 -19.845130071588446
42 25.918630860615654
43 -40.833500601471954
44 -5.539387208640953
45 -3.2189727911856725
46 -54.403676217103346
47 25.028786668113725
48 -67.8995636304258
49 58.552705361712654
50 -27.649470835514634
51 -32.40303416618956
52 29.34141679131884
53 -23.355432679899646
54 -21.0808292039892
55 6.855634144489053
56 -3.483690079028554
57 14.557399908465493
58 4.061051062770941
59 -13.0944877716367
60 5.979030344611188
61 -15.599965168483433
62 8.11156344689207
63 5.041602267477082
64 -13.339511785278418
65 -8.809612673555293
66 3.08398712702193
67 3.6347184068968645
68 -26.145578507703338
69 18.45806427313919
70 6.274050023532271
71 -7.030451550668066
72 27.11921716385608
73 36.638720369971054
74 23.906507389926006
75 37.55061164920503
76 27.100010392654436
77 15.694829608622596
78 9.072820410276664
79 -1.139853644107228
80 -2.381750289336902
81 0.733214684898741
82 -15.324089631285599
83 -11.766392957642934
84 -12.327001584152113
85 -21.650800499269735
86 -62.57165821377286
87 7.128631869507154
88 -10.336187686256196
89 -27.471561412676248
90 4.14495070430769
91 -32.641419116587315
92 -15.91385480811518
93 -14.430433734035475
94 26.780882802646772
95 -39.23977027149489
96 85.810791108076
97 -32.44362190956206
98 65.35664424555506
99 -12.197298240843917
100 28.247803205102628
101 -28.575423477265897
102 6.865445630283121
103 -14.655134214723333
104 -17.834537268366915
105 11.27855343894623
106 4.040145932475836
107 -19.006337097716006
108 -20.201845362195844
109 43.008109603324165
110 -94.83341854640642
111 33.288070789237615
112 -63.13062506428776
113 27.592293617606252
114 -47.2989755252866
115 32.744017134216065
116 -18.85642869277285
117 20.832764079946653
118 -37.916149133098656
119 33.67357495554384
120 -2.400474051055104
121 19.71808998771581
122 8.24052417150513
123 16.26186564353281
124 -1.0114646589360292
125 7.170977903540432
126 0.4639514933838304
127 0.0
