0 0.0
1 -4.319468606946515
2 11.054500872441677
3 -17.937337053408932
4 4.2191309690952945
5 -12.619977254226962
6 -17.50769751569243
7 20.153215210853016
8 -53.87301654128144
9 13.460939777735058
10 -50.43033610797309
11 11.716993132306403
12 -40.54639743959674
13 -37.55777784994843
14 -27.15585262922826
15 -73.75922908996161
16 12.496179350319794
17 -46.24738439352935
18 30.506575860080314
19 -17.05522210321911
20 18.779652279102326
21 5.589039980928781
22 -11.301594218659487
23 10.995775444251276
24 -6.83925581116153
25 30.06791366258294
26 12.630389016304047
27 33.83739720238298
28 11.381179219356353
29 25.283983505579993
30 20.154638872131574
31 53.19231139914632
32 -52.33117983891158
33 30.735031396164043
34 -3.4362704106704753
35 18.899574391417204
36 4.6066807174719955
37 -29.37287698613201
38 -2.7181885229873277
39 -27.576231087428276
40 -15.86009997873979
41 -22.31641815065189
42 -24.732141533802995
43 -17.707245023133165
44 3.101139436402778
45 -3.3279855624045607
46 -28.504757037641404
47 75.31336899915769
48 5.742182819535765
49 38.659116377776364
50 27.993735896328566
51 -4.505688434006283
52 38.3168718817308
53 -38.32423003258961
54 -0.6470552134969882
55 -8.123629390617856
56 -9.046553331776064
57 -40.60070075511337
58 -20.648400840911016
59 -63.34675626923271
60 20.07379594765307
61 -38.56986345393917
62 -17.15485196087526
63 -47.12447264075822
64 -30.121350329320766
65 -54.71150592614359
66 -16.94053244880073
67 -12.189464590917256
68 -73.12439608159514
69 14.754882450407893
70 -37.14276961911909
71 8.160260920634515
72 -26.783553388061833
73 11.682527046752048
74 14.991130948744894
75 -12.559811127390267
76 13.710524322954912
77 21.889653816442255
78 -11.28699262329008
79 49.17429990016483
80 59.26029800016681
81 15.808340113186556
82 30.88082658455347
83 75.08267215959772
84 -23.25686765393712
85 58.155501175028014
86 -7.50292566109154
87 41.78163496336964
88 -15.991281884076356
89 -12.513287538082745
90 -0.7592441952630329
91 -31.068072705236137
92 17.164655513129773
93 -77.56756482330007
94 49.36959287180159
95 -81.29061912334943
96 31.936111086633147
97 -27.801678804883856
98 26.45325271696472
99 -11.451402071534917
100 -12.107736679798851
101 7.948158872692614
102 -39.41990288997824
103 -3.8691416545792543
104 -27.044141351782656
105 -49.812988888658296
106 -34.93577901822425
107 28.238401812681694
108 -22.808610449114852
109 -3.186332717553014
110 -4.376617576833885
111 6.359664363863019
112 -18.62670607832141
113 23.989047015969085
114 -19.92391938599213
115 53.953619487129096
116 0.1913772496397462
117 60.655156701963605
118 -3.5367592737051385
119 54.82199594221656
120 14.652583227448826
121 23.033043796561596
122 16.558775364954908
123 17.632634870610033
124 4.016508219864771
125 9.36042312281859
126 -0.1442275243791013
127 0.0
