0 0.0
1 -5.398435421835968
2 10.758594722945634
3 -24.799444821396392
4 7.58771765889938
5 -30.06821470976683
6 -25.572360707716175
7 6.416446341310722
8 -43.16959464660487
9 3.3070775813500486
10 -46.35653580478334
11 -34.49404356881192
12 23.934980621577584
13 -42.19726717979946
14 5.235652261664272
15 -27.65246078411598
16 11.290444541619793
17 -54.7673183086055
18 11.612883988009676
19 2.6708449229393083
20 -86.22274870977003
21 46.55174138803865
22 -71.87253819761962
23 46.7824898416493
24 -59.30581074508592
25 35.413653748592104
26 -33.101042517397914
27 19.038257605271415
28 5.889531229845776
29 0.5617581766248887
30 29.01631516248007
31 4.5385735777149225
32 5.959346874264645
33 -5.008528029012966
34 18.77744795761561
35 -57.34120553062726
36 45.361503008154344
37 -23.116791991452132
38 -16.41740802353473
39 29.317388421932876
40 -26.05743567947151
41 -29.40655738448335
42 -31.115714744497154
43 -14.923814994414085
44 -27.108706465239365
45 -35.23465534224268
46 -8.451944340386747
47 -54.360360191871564
48 31.799954686639225
49 -21.570975393550082
50 -3.1741774579556563
51 36.68356339813525
52 -51.09538785311771
53 1.5864301148898492
54 -43.60204962487031
55 14.33370211521969
56 -17.709918577779117
57 16.909043260463562
58 -33.05496934798359
59 31.592157629469536
60 -33.05173965542992
61 54.08802194120878
62 15.1435854922759
63 23.835052009257225
64 42.47228271736207
65 21.8395324486667
66 71.3140451590744
67 -5.645947110340775
68 42.13717832836588
69 -13.446322962724116
70 13.957716903975566
71 -9.894288960200324
72 29.048393039602537
73 -17.77207740605521
74 15.945718671050715
75 -7.011550101252765
76 -3.4242334572202324
77 -52.41503041505367
78 17.99778812870339
79 -48.24846409422257
80 28.39744448432045
81 12.533639636526
82 -54.43417205689703
83 0.06446623330354374
84 -20.476255102793434
85 -12.675970909684365
86 19.946903881277155
87 -6.907059394071509
88 2.8133597499784235
89 37.04742346076791
90 -14.73580193029036
91 31.958773877615336
92 -17.99586096083195
93 12.84683090390578
94 -3.120991518642774
95 30.51681462624974
96 10.082702818838667
97 -9.744142788683796
98 -18.497142603704322
99 -19.22582828006805
100 -40.035279305109334
101 21.34645711771832
102 -26.809043431127524
103 -24.75732829146091
104 0.32263593775877386
105 -9.17388184734257
106 5.760575438029801
107 19.637385003630726
108 31.71178355561303
109 -7.14251757824139
110 52.188936407428784
111 21.52446052107502
112 -13.627120307962722
113 52.64890324915831
114 -44.35222841102506
115 20.30018905728391
116 -10.159942263084307
117 3.1926720540030766
118 -15.14654276530113
119 57.921390121694245
120 33.75071989342939
121 34.632045918197726
122 24.518179739462227
123 23.31786089600245
124 0.39412773206977453
125 13.402290601106541
126 -1.3828686151534668
127 0.0
