0 0.0
1 -5.01337519304236
2 11.36773896489337
3 -22.414977161027455
4 14.530086091057907
5 -39.468251691162735
6 1.022578152298799
7 21.951174836701295
8 -80.9079090500066
9 72.95688020525891
10 -108.03563278764305
11 75.04210479059797
12 -54.51264648634532
13 19.917276044823083
14 6.251152178391277
15 -38.720219407309884
16 44.373744454430145
17 -82.6789950169276
18 -18.670778602654654
19 -46.13025594872213
20 2.9706090513612082
21 -52.59405887629161
22 -5.582939542172299
23 -29.885904625646912
24 -29.42093659520767
25 32.2653636349038
26 -66.83481334854045
27 39.00320489292048
28 -28.654215380620983
29 -5.335512351325696
30 19.09767642482224
31 -10.734352918053965
32 44.632772939140644
33 -19.6182377200267
34 81.45761982203724
35 -42.069561648114274
36 57.625541551268924
37 8.923303273519492
38 -47.66729675559123
39 12.65393515348931
40 -11.906963938375002
41 -15.191360124752855
42 -22.09810722413788
43 -13.600995536126835
44 -43.05882430736424
45 28.334627993518133
46 -82.69125399443556
47 8.232788032904242
48 12.824324752067241
49 -60.847378547896284
50 46.169413943998734
51 -28.390194253066667
52 11.785578287105524
53 31.564875594027434
54 5.971980183591703
55 51.26203080536672
56 9.560479482137355
57 3.0449586358715797
58 -1.2706474386600957
59 8.057822445901074
60 -40.840473984618214
61 29.711541514059665
62 -60.87693634137455
63 -21.16359356984268
64 -31.608926309224138
65 -10.344338209013868
66 -0.27671995474493805
67 -26.625755858348242
68 2.0173977765190427
69 -51.01977324696713
70 50.53506068277027
71 -38.051758378629465
72 35.99177634787212
73 6.312093404596161
74 -30.208850782554048
75 25.41520490621173
76 -9.405424502147278
77 63.86850247637872
78 -28.300776123841604
79 71.1558492259816
80 27.021750405994887
81 14.09859550143321
82 54.75936201423237
83 16.495365834659577
84 27.113214381705145
85 -14.781714372967487
86 48.765909518842136
87 0.04871388201772145
88 20.69845635181526
89 -2.505296679363401
90 -28.146262050404495
91 36.928863277055
92 -35.09281370649365
93 39.44245835700022
94 8.728890644948235
95 -8.882130677261689
96 -17.72178149269661
97 -10.929710223922717
98 -11.069562020184174
99 -20.85537595198298
100 46.644517497188964
101 -58.092706273474555
102 6.501897502719956
103 -70.86492314613736
104 0.45763977096884595
105 -44.364015439009776
106 -68.3564854593604
107 -8.370147182243183
108 -26.782339078386798
109 -20.736691832897602
110 -2.422926149756493
111 16.07874078770844
112 -28.984951351564675
113 38.317086378779976
114 -57.25505923275199
115 29.37407208988463
116 -2.8363109310790424
117 11.603879689425513
118 18.49808763548355
119 12.086644138743125
120 23.593098011204475
121 28.847098465621265
122 -11.938577755167561
123 46.42473978475355
124 -9.37492849376098
125 14.52298788916204
126 0.5328462480753765
127 0.0
