0 0.0
1 -3.9696102285758865
2 9.412949946220289
3 -22.968262678888102
4 19.566182442065735
5 -38.6841859595651
6 8.041240781163333
7 -24.12291324737953
8 -10.631054892915333
9 -9.451419761009578
10 -1.3850060163273865
11 -60.42171884285066
12 47.01921818151759
13 -35.58143678047285
14 19.129263928272795
15 70.08863156207414
16 -36.492703132160116
17 60.798556255107826
18 -1.4442514850616819
19 26.683517088163846
20 -11.050188870922268
21 1.2310226717562371
22 -55.45861761275339
23 4.120190255449612
24 -21.150633349738122
25 3.216124700088633
26 -71.95117530131176
27 73.54488766987265
28 -48.538043044396325
29 51.44742888541662
30 13.644099144004615
31 -27.527422235500367
32 88.01111482719134
33 -72.02987212710828
34 40.436442354928666
35 -20.684596189069396
36 3.7106998683803107
37 0.7800830252146029
38 30.160139774842822
39 -49.41333305373613
40 10.836282856663132
41 -7.590172260216145
42 -44.06878274286267
43 35.2751975942778
44 -1.1476215438091317
45 -3.9924854105528813
46 25.681432790735172
47 22.29973697929765
48 -9.948060391735238
49 30.880600849978073
50 6.690854931743269
51 2.7727188782433423
52 -11.886939918319838
53 32.83055301771084
54 -27.61674425395897
55 11.70419027276539
56 -35.934856548811425
57 -19.539094177299084
58 1.9444466062570978
59 -67.59771626196796
60 14.540202536896963
61 -30.438372974884857
62 -21.26960146823765
63 55.44986962121252
64 -19.646422484424804
65 -2.907639998254149
66 41.892193233868824
67 -22.7088509663638
68 27.29663593552918
69 -6.104393052030837
70 3.054559740977995
71 -30.12652665926959
72 -3.7368260380847262
73 15.62305707751642
74 5.565611129776747
75 9.371689806879807
76 57.354016406649514
77 11.60777322419753
78 -33.33745712304658
79 94.68516065338831
80 -63.93205795936186
81 81.48234325376355
82 -27.628741710071605
83 -17.762301244940286
84 -11.206711792271202
85 -56.11030403087782
86 -38.00076409725227
87 -27.372060888281183
88 -39.04793118466442
89 -46.034439317041155
90 9.730182578977084
91 -59.82470408493651
92 6.00368727838168
93 -24.143215445208188
94 -12.038545613504938
95 -44.66082328014247
96 67.21546625718274
97 -62.37703870582997
98 65.12561802498809
99 0.14912896956326782
100 37.89219169211409
101 -23.058527684290375
102 35.31220541786212
103 -10.879945255803188
104 45.61369709704643
105 4.827671171867562
106 -21.033749773274742
107 56.272448974968555
108 -50.190557198947864
109 51.25786147245232
110 0.293615061457667
111 5.82883891709054
112 -35.111978425054836
113 9.905817280878955
114 -18.16680599120862
115 -5.325318177132611
116 -39.38333633850916
117 66.33436617216921
118 -67.9094462537547
119 64.65459586227934
120 -41.444314405510084
121 30.087117391421458
122 -19.15579913477004
123 15.928457712399382
124 -10.53798902960418
125 9.590273868376455
126 -0.7245838527431131
127 0.0
