0 0.0
1 -5.33384557558595
2 11.819481699035288
3 -27.486917371738933
4 -0.8256018124459783
5 -34.42874391529243
6 18.037261980719798
7 -41.35289167013117
8 28.85074189343614
9 -45.75929489919559
10 -16.61709001355834
11 11.670856504303023
12 -43.98091064998357
13 17.845956641639184
14 -90.59761825484695
15 54.7491913922531
16 -77.5599298616125
17 1.0102821029453801
18 -27.941978789394156
19 38.7327857793836
20 -22.196167491147364
21 33.92034061704325
22 19.116513133570717
23 1.4343866813523314
24 4.311997572251954
25 29.584994125116747
26 -37.49043275642479
27 69.8762772999912
28 -11.52162520630051
29 -29.6686033726365
30 41.92058751291771
31 -28.83295748961089
32 9.014570185263883
33 1.726058195929628
34 9.508203860272666
35 21.405044764181742
36 -27.233274838646306
37 24.394034000147183
38 6.984580857624103
39 -44.975134694963565
40 63.706973749171304
41 -105.73342136908005
42 40.51370449998761
43 -78.6148237515801
44 -5.114868234250343
45 14.699290530726678
46 -51.7731086867655
47 28.527633934231176
48 -39.64977389179555
49 34.88922234922149
50 -41.34910682910263
51 22.900577338937264
52 -6.694654783316564
53 17.179285722724476
54 -9.46668083008101
55 -33.40599646134773
56 20.638603776384965
57 10.988343602302137
58 -22.287100096579557
59 17.814953464631618
60 19.825872875101435
61 24.65912080727424
62 30.217578949028546
63 2.252198865319153
64 29.998200144655424
65 -26.90258878367268
66 29.118749773713485
67 -0.31308460907309477
68 -9.390186026507289
69 -7.534206593759687
70 3.3472650302216738
71 -19.76486435396537
72 -18.352260368247975
73 -24.54887474540012
74 1.5725130520566966
75 -23.92652641164608
76 -4.390824519268353
77 -34.94981643454553
78 -9.681005799749878
79 -19.366688057712977
80 -0.20334222828126683
81 0.470517818151238
82 4.199730971957236
83 25.34266975808646
84 -21.11201633071809
85 46.06202049218562
86 -51.99827208269707
87 29.34276977122038
88 -25.815390890000483
89 -6.547220042440945
90 -15.006504214037973
91 -14.621980117332205
92 -2.7995182405004853
93 -22.69567609214253
94 19.642672881416246
95 -33.130871925811284
96 27.905488859279235
97 -8.77865790533682
98 -19.174238404178606
99 0.9066399403417799
100 8.396993531812264
101 -33.5564713376695
102 21.6686646426775
103 -32.201282320490954
104 16.792514421837506
105 -4.012974342813941
106 -28.286077675550565
107 18.659839401399232
108 10.394358568958932
109 26.57473363697955
110 4.706266362893493
111 56.87268646243683
112 -20.398527905551287
113 13.41965683657005
114 13.666079188873248
115 15.42887764960484
116 -19.469454835200562
117 28.76335653766479
118 11.271117477465713
119 8.051433800609388
120 -24.416452839289683
121 54.503373981956344
122 -30.926276956144736
123 52.91217494499551
124 -10.528330414381257
125 13.49564474435868
126 0.525411224878615
127 0.0
