0 0.0
1 -4.003682327685182
2 16.847399257637854
3 -32.27534386174321
4 22.77714970899712
5 -19.205610099743957
6 -7.010622733082689
7 -15.202599282594388
8 -51.657881330259116
9 -29.2528609567582
10 -32.787613806946176
11 -81.01582618226604
12 1.747331679782299
13 -77.42535360717936
14 -49.71326792924533
15 -38.38374450872187
16 -67.38584354743544
17 18.190749917921828
18 -98.17496982808805
19 66.38492295022563
20 -91.14949517991931
21 36.69895720713344
22 -18.11607125708876
23 -7.86524064020055
24 25.681452122285574
25 -20.234620941488682
26 49.92111414949865
27 4.953695919876012
28 39.68822944447521
29 1.6858739463358319
30 50.628563016655065
31 52.14805856484287
32 12.975023701704965
33 19.267674480224557
34 -15.767773091344198
35 6.568374538922544
36 -40.25273748630096
37 0.18849296616452124
38 -47.87622494173905
39 45.117494355069546
40 -45.4785650020878
41 12.719728586778535
42 48.05500294802728
43 -62.82057988913403
44 55.899081373003725
45 -77.43988786333561
46 20.234231796889553
47 9.277149811530714
48 -38.905843534275476
49 53.2617840506181
50 -31.507579115773815
51 28.43913671884096
52 -9.202693693441379
53 11.007666732559596
54 -15.962040240341826
55 -28.6124855927134
56 -29.298404071295334
57 -34.19610342381718
58 -58.10602151245392
59 -9.053415565253017
60 -4.937272123598837
61 -39.7331041508173
62 40.84635538105498
63 -41.33589164039936
64 49.06121169903423
65 36.02483616010866
66 10.16605540198048
67 53.78715001031583
68 -5.896373900522537
69 13.720804886686967
70 18.591300082923443
71 -31.813594597843213
72 46.67919418467218
73 -2.122431079526898
74 -3.2880418775196225
75 8.053654066604652
76 24.732584109479586
77 25.10014685215286
78 16.299574941982574
79 17.78404539387763
80 -3.9027359913347146
81 -49.959973549591425
82 33.820635018170876
83 -13.735019115119917
84 -2.704660759416941
85 17.514028358904355
86 -4.1561262955534515
87 16.617851400891645
88 -26.20941936550371
89 8.294986768947725
90 -17.300384463835915
91 7.911554405051759
92 -23.69616071047556
93 36.48066851571786
94 -29.852491764802775
95 21.59719321811387
96 -0.867801968452766
97 -21.92150675297629
98 42.59820832672498
99 -17.11058608387264
100 0.4179886724705839
101 -5.039907747204467
102 -14.232540248056338
103 -7.304850890379722
104 -30.883801226606955
105 0.7719052590173932
106 -12.545711965081956
107 -40.32142133998667
108 -10.45257346423169
109 -51.300185273884466
110 56.59813603315909
111 -35.55146809190156
112 23.0102324509272
113 6.307029962481756
114 -21.079259361733506
115 27.170155355517963
116 -13.362701431932996
117 -10.207015938722856
118 14.226111492129798
119 35.1285746082299
120 -15.642511100905109
121 53.61122130868328
122 -23.718633402856334
123 37.740490308139805
124 -8.181048407274771
125 18.0798427677771
126 -0.9558897149546218
127 0.0
