0 0.0
1 -4.108686597681481
2 13.721446256594403
3 -21.862442247151282
4 11.642743848113643
5 -38.36895605551587
6 14.688250192670857
7 -30.33596067325315
8 -34.71240191555894
9 -15.338029120668704
10 -47.36508841005502
11 -39.741855364318184
12 -28.412499697626107
13 -0.8995995735068382
14 -56.4262392846921
15 -8.672699993512548
16 -39.308390756894624
17 -22.44191453538166
18 -54.90969536146718
19 -9.414736034102207
20 -67.47164951570983
21 3.669054717482897
22 -30.687174044567175
23 2.11728426622163
24 34.14836149129628
25 -2.4556370797984375
26 43.247206689008415
27 1.8672326292677934
28 40.543745647573125
29 10.950738471195017
30 20.845372404018924
31 -3.6007354338604096
32 8.725008491130216
33 11.429559732387546
34 19.012901960589968
35 41.12691430941737
36 19.45573223209134
37 14.53682574539302
38 23.269446861987632
39 3.3825392335771998
40 -16.0266376923194
41 27.666398350996374
42 -29.57780804446983
43 -15.49972399873824
44 -16.374697464064155
45 -19.11146119979818
46 -32.52546942303161
47 -11.984140996051385
48 -34.239408786868765
49 -2.4627537789088807
50 -38.24950595352035
51 39.02139145716771
52 -12.889613370703872
53 9.518564746183241
54 -32.18997183782228
55 -20.882458482668724
56 -14.916160408935394
57 -52.29942739726037
58 41.739355691787544
59 -37.98115027430624
60 30.706851885572117
61 -35.61434577140902
62 48.52134850275945
63 -5.768188573363829
64 -26.375630734387112
65 57.60595404388818
66 -14.95354965055491
67 52.50264096712616
68 23.705030505061888
69 6.24667793591589
70 35.86971126880917
71 -37.965040455100066
72 41.029691668659304
73 -0.6513478177687554
74 -4.182846643785828
75 76.24141734249311
76 -9.828186690438452
77 13.929381727596525
78 -10.328850005695578
79 9.600831969567585
80 -3.240704270266827
81 2.893904143827179
82 -16.64590322880827
83 6.002064134025021
84 -30.82059355439296
85 -9.549156071519533
86 14.386955240157834
87 6.565460017700638
88 -58.93722507344585
89 -23.691288304497565
90 4.320335976282727
91 -56.497854427032244
92 45.73304446580718
93 -18.718406196298712
94 -2.4680201718589063
95 44.03130589559983
96 -12.501535942114483
97 2.624997111145109
98 -21.068185142929266
99 -37.53010301273688
100 -10.592397362349143
101 -15.367699287711345
102 0.5556351925443845
103 10.09262223628386
104 21.23647141141879
105 30.5602508683501
106 12.403372924106588
107 12.93629925834432
108 -15.324281949356928
109 1.1393043446173592
110 -43.64631471688525
111 9.94233415297051
112 -27.5948156356291
113 4.661728074059043
114 38.14334907481435
115 -80.19516900282305
116 63.86652517860661
117 -25.86836988371265
118 9.857043087601678
119 13.542529892116152
120 -41.773026771715465
121 53.1005265075575
122 -45.550398358576075
123 39.737455355330844
124 -9.950330345919378
125 15.353478829164645
126 -0.1605060125976459
127 0.0
