0 0.0
1 -5.140226767698478
2 13.005936644519114
3 -29.742176874124755
4 32.59227516283533
5 -51.1146403580165
6 41.108997472938064
7 -37.680829955203045
8 6.709869387670932
9 -37.045359146172174
10 -20.908577396883224
11 -32.12440897219379
12 -65.61689238839918
13 13.506722257842613
14 -122.22168154279063
15 22.935730168468744
16 -53.227980040508214
17 -19.819779004188756
18 -10.452374254350472
19 18.24623572640757
20 -9.108163757478417
21 -17.3808834934182
22 25.852219498474362
23 -44.02381124526554
24 57.83648475026356
25 -23.37472251998056
26 52.8585248219924
27 0.022409489244885138
28 1.1896935466959488
29 37.94229764514624
30 -12.385551839448294
31 48.54553074330473
32 -11.739098582642727
33 29.130154526634556
34 -54.15814705529855
35 25.605648580281642
36 -6.385033545136048
37 -27.27718641425079
38 20.726923158769793
39 -30.41627338207404
40 28.456351358626357
41 -51.77016886114671
42 -5.179999654476867
43 21.090658043458244
44 -35.53524379271874
45 -1.7863223710472078
46 -26.21322856291381
47 40.05923708025784
48 -24.721093744938404
49 20.805661550470923
50 -31.398130589436853
51 52.421556164812024
52 -43.69154228376258
53 58.049590206020966
54 27.8864184403375
55 -10.42704684858992
56 55.14919733998688
57 -30.001912172123607
58 -4.5931599113741015
59 11.108037183937325
60 -10.410767040040632
61 48.49961298303373
62 8.60047994026819
63 -34.554003436363445
64 39.48395245621255
65 -59.54385813083815
66 -20.133449358374705
67 -44.44348062457293
68 -19.072069386239068
69 -65.01660723044135
70 -27.066932915002262
71 -16.837270168888928
72 -39.033136071658525
73 -47.24769323461377
74 -13.507368780425669
75 -70.18392884932692
76 -5.991492255178829
77 -13.505217478162672
78 -26.03499995062526
79 -38.7305633233447
80 41.885590406204024
81 -38.614866893247104
82 16.51609672633548
83 21.451136530978037
84 -8.861638477253345
85 75.186959653621
86 -19.77526957593669
87 86.43816107352816
88 -6.607285434459655
89 11.054085370965128
90 7.838248706157421
91 38.152327001891095
92 23.632035558641203
93 64.78285567066543
94 7.722747240742336
95 -16.566232304745427
96 -3.2630445554955307
97 10.783618440447519
98 1.1351369446793447
99 10.99112754564737
100 14.44961979131591
101 -43.09789983000995
102 33.07338202614877
103 -25.627639485929162
104 -47.91880657113704
105 -4.700927095317181
106 -31.841042846766385
107 -1.9852015678257118
108 5.458038050170647
109 -0.39121848498287687
110 24.072601481783888
111 5.87369238059115
112 -3.8278590277669666
113 28.529261644829923
114 -15.993904843260669
115 31.652080535989302
116 6.173802742084206
117 17.633390484711978
118 -12.39018982116938
119 42.2405410226439
120 -31.483622167971628
121 62.50636035867339
122 -39.68977450805072
123 40.28770183177049
124 -11.664292266380372
125 12.963112318747386
126 -0.1981195213325334
127 0.0
