0 0.0
1 -4.217065111268144
2 15.868896511328213
3 -28.910905296604753
4 19.866214708192153
5 -27.184964504831996
6 -29.252247787554055
7 -47.136104531717926
8 -51.22833579448375
9 -13.280729179364762
10 -32.56413191126374
11 -51.67799921690701
12 1.2033534200894473
13 -60.48658257828605
14 5.999640440042077
15 -59.62406737357048
16 10.465486157040461
17 -29.528226505006362
18 -18.334110875619263
19 37.7605633090643
20 -75.09224417631121
21 21.90400223142448
22 -99.09546949613713
23 64.61788941260599
24 -33.877383902708566
25 -23.91264989791482
26 34.13612967290484
27 -21.08290904597962
28 -24.254548534052816
29 9.339504661659362
30 -17.40138421102007
31 7.1197084091093314
32 -8.801428411270122
33 -6.0550144261834555
34 21.078284032181237
35 16.954222243262407
36 30.12124818056901
37 -25.51712613131683
38 -14.49878468951263
39 -12.26712731914579
40 -4.428602280388728
41 10.934690546106452
42 -23.43713286989909
43 22.892080227436157
44 -17.395829577563077
45 -7.3873198571730265
46 13.15583810240505
47 9.992196782691977
48 8.390680529508135
49 14.774687128878739
50 -2.1450254054203026
51 48.37880178981503
52 0.38168380163896165
53 47.25927634897523
54 32.06655594202411
55 -24.023854226712146
56 35.033264448933565
57 -19.34872270344174
58 -9.600922506702647
59 -21.404253960156947
60 25.821672338531386
61 -20.550139722904323
62 -15.272200064291445
63 14.36497386939138
64 -2.017999086321102
65 -26.986144940759612
66 24.192768696390534
67 -50.195273676068624
68 21.81284064616521
69 -12.699171171241396
70 -13.181212238307044
71 3.3909929680104733
72 21.560751694345218
73 -20.566669350192278
74 3.115716682348637
75 70.19455828379687
76 -31.356793680559043
77 6.83418884269349
78 -3.2044667826611715
79 -54.15191584968291
80 15.163371760558574
81 -0.057782398494375345
82 -6.113938367368118
83 2.8368618947052724
84 -39.563586270223425
85 63.25969093017302
86 -89.43129280166909
87 31.96425176817797
88 -65.85630021641073
89 25.80585024872135
90 2.527530735573516
91 -45.51219070443739
92 79.25741319764252
93 -37.44397379968611
94 49.93145983946583
95 0.1156315339404425
96 28.83822989678856
97 24.26441011083496
98 28.177051617811543
99 12.185587554848752
100 -4.5783206596294255
101 24.339959105228157
102 -43.59219673737995
103 -6.8385834877172895
104 -62.446702491030486
105 -10.856045622399229
106 -31.42383162757599
107 -60.36299104659679
108 10.439861485911132
109 -83.42306091357428
110 -18.927267540228947
111 -3.772041033367084
112 -3.6961754014651973
113 21.296565887710162
114 2.4827651682089895
115 28.711532526763342
116 12.708491967700786
117 5.544148708997615
118 24.56772556175936
119 49.360245057929895
120 6.551957230151297
121 69.12609480147057
122 -45.36219760954739
123 63.161356707895536
124 -11.540918483440658
125 15.98953263225782
126 0.5448101564526387
127 0.0
