0 0.0
1 -4.425285124139517
2 8.647528845000055
3 -24.623411025742854
4 9.810297485960358
5 -35.2235854223202
6 7.857232497627351
7 -48.859373606254195
8 5.279681084207856
9 -23.03597360118369
10 -5.23850283297555
11 5.97692551856049
12 -19.080523112030686
13 -18.331958564704443
14 -30.59823465536748
15 11.490588700290985
16 -77.57014513414471
17 -2.07434110068496
18 -55.57431148936908
19 8.85839225063981
20 1.289267419090875
21 7.608160967975905
22 -44.3824987573807
23 23.08652889767047
24 -23.785540496756713
25 1.2362225419632782
26 -61.30693330167682
27 5.072272700158261
28 -38.7119920616829
29 -23.48921770681856
30 -7.65464742360952
31 -38.79640664022512
32 5.687597228501296
33 -9.394541363245729
34 0.9183945310507842
35 20.223870371786536
36 28.73671005551042
37 14.582521440124808
38 55.55862705592248
39 -16.782011979021284
40 60.30196218977695
41 -12.027022370262427
42 25.548535838567258
43 29.19893291801848
44 -12.085395169630036
45 35.646963899965726
46 -62.61892797866769
47 45.73095490412346
48 -6.031597138891392
49 15.773587247204995
50 2.13296950555116
51 -14.052088724491586
52 -29.563153223468834
53 14.359267302650316
54 -14.626876721809182
55 -1.1872170942331273
56 23.633832673008097
57 -45.52815521491362
58 27.871769683228475
59 -27.252814434697218
60 39.93884411187175
61 -10.943462675191416
62 39.14810808118339
63 -54.67701790181946
64 27.572059523028575
65 -21.90274124366675
66 -12.576932579157884
67 33.00686592296111
68 -61.384965018389444
69 24.393427725910374
70 -17.08808817870633
71 -85.73065751289504
72 62.1766201202775
73 -21.417846842279427
74 -20.568814414611598
75 -17.775003561436023
76 -2.8129999067323013
77 9.543066079986573
78 -77.47927666779039
79 93.35985035502685
80 -93.00613925147171
81 67.13219682201984
82 -42.86682933913187
83 37.623226996614825
84 -6.680241733688855
85 24.04750188823808
86 30.332467880647457
87 30.510846064021063
88 13.423584650739201
89 28.61605761596816
90 -15.583628940002892
91 25.030132912146012
92 -17.43279330443773
93 -33.136363682145486
94 21.39915237617254
95 -36.58895882589448
96 36.75861461705802
97 -57.02062918304909
98 35.532288316550726
99 -45.13406144446301
100 -27.644508581376936
101 -41.49359572771603
102 -41.789209353071094
103 -16.345707839206344
104 -11.34040341418365
105 -28.302429607819185
106 -14.583177298343596
107 33.94033907725404
108 -12.384156850441673
109 64.40596460883026
110 -4.668588612543156
111 45.885739009357785
112 48.81771900299038
113 14.58666557339509
114 25.64472477062438
115 30.09934791423134
116 14.228093497500936
117 -6.503209144802676
118 36.45100976278931
119 9.38869664477247
120 -11.830729716884097
121 46.05212654885559
122 -23.039749389554355
123 25.69227284303576
124 -6.682454824255429
125 11.92200597310112
126 0.6415762576846056
127 0.0
