0 0.0
1 -4.961978636625471
2 9.986032385951281
3 -16.70850817291799
4 9.709708614065166
5 -34.29306842666938
6 -0.8794422084640608
7 6.316086649528524
8 -19.14815513400541
9 8.432707999069661
10 1.1100203244788267
11 -33.3357140094932
12 12.673234735445597
13 -53.71342286889453
14 10.854499812595913
15 28.506408244713555
16 -19.507567233294917
17 56.02359134768608
18 -27.758659455398615
19 11.78456805347266
20 -13.226061284520409
21 4.750678346689229
22 -43.09350124142179
23 20.960342548507764
24 -90.94112322475614
25 26.672017518225577
26 -8.172016974858165
27 -55.52807514774904
28 27.562475294645555
29 -66.26006105204424
30 23.262775217097477
31 -83.54465934168051
32 12.347675208476915
33 -45.86472993276739
34 -23.916763067071688
35 9.105995068635366
36 -19.05722609080141
37 11.424786065679639
38 -2.960136961225264
39 0.5782777386877895
40 -21.123988798194063
41 -13.749247547956694
42 -1.699974507600749
43 -39.95297661572241
44 -34.12271211755187
45 -9.947422448056974
46 33.56201420938328
47 -42.28197954364294
48 7.139780265636185
49 -5.969152741785858
50 -35.596545881149034
51 -3.842575267478739
52 -54.3751751578969
53 -50.19720420519149
54 1.985457746160814
55 -18.11866813887618
56 8.163411237766008
57 15.019741277151192
58 1.5501255445787117
59 53.02658125026446
60 -2.020930933294122
61 10.545666263922186
62 49.71772864891514
63 -1.1397841481954647
64 36.625976533317484
65 23.832305647345255
66 -17.873346361481364
67 47.30969884244038
68 8.06994608816456
69 39.83150851298273
70 -3.8433842147529487
71 24.11347963078816
72 22.601746313208483
73 14.137391766169646
74 -5.301759450837033
75 34.305793336864525
76 -30.497027537211235
77 -23.7886026517282
78 29.251931510464093
79 -57.78358809267669
80 0.8479553507412763
81 -2.8149987497687334
82 -72.52520122401778
83 58.35953062518174
84 -39.0884482510936
85 -14.066614586895446
86 -17.663299136206806
87 -15.02854131760898
88 8.084543581749092
89 -20.721304170397893
90 12.669801777963416
91 -22.668846857140903
92 6.475039958864783
93 0.3194318782676749
94 24.20788659527029
95 1.4579816901493892
96 9.58432450697368
97 22.327995447256466
98 39.3866070170597
99 -10.514614351763159
100 -2.336156980616692
101 70.03033415526653
102 -17.806952460367782
103 45.85833300274083
104 4.012354190727337
105 19.27524980113756
106 48.36550064295553
107 -28.508047951631713
108 45.97185316968249
109 -58.01011740078358
110 56.973393873089925
111 -52.70054302830405
112 37.60735920061486
113 -32.393635548464935
114 -10.354112308577726
115 -72.9518797295614
116 -35.419578882040646
117 20.330066781635765
118 -52.98382086578085
119 67.09929271843505
120 -46.922347843782234
121 85.26127094756579
122 -34.44087641830319
123 46.02778565694087
124 -15.030329647191689
125 18.050055366245818
126 -1.1178770405456888
127 0.0
