0 0.0
1 -5.646505390236676
2 12.23523708547853
3 -15.102582643099252
4 -1.2091910151743415
5 -12.608715679274964
6 10.336017960071722
7 -40.21498127356676
8 -1.6404936500438296
9 -14.288330465323304
10 -65.36394966245354
11 -26.47154522092817
12 -43.94308455898079
13 19.41257882124377
14 -56.368604600738735
15 25.171901703554113
16 -73.94969431617447
17 22.19704081027899
18 -35.05654175020387
19 -24.725655053263125
20 40.916856787155304
21 -49.7393575506527
22 0.8951531473748446
23 11.053002399728685
24 22.6990414797882
25 -6.921755295489095
26 17.922569631624516
27 49.34888305615233
28 -31.327094650185117
29 30.727573926939513
30 -8.597633592837944
31 -19.204093253928995
32 16.208897135823502
33 -47.53398077434561
34 44.050518557945885
35 -45.68559425665538
36 -17.60425362238426
37 42.00615101409073
38 -50.21850213286986
39 19.859232842246044
40 -32.60050157349076
41 18.368413067968486
42 -25.209462036594132
43 -21.14135977546845
44 29.79042048777922
45 -57.292327051265524
46 -6.365650732381513
47 32.96813472496965
48 -27.017975694575735
49 17.77496689060915
50 -36.322519840457225
51 -7.968948171644834
52 1.5943643060331218
53 7.822075777033234
54 -39.00993938207244
55 1.1896706650536075
56 11.852767934243321
57 -17.831956886688776
58 2.633767605642797
59 -19.24361098517562
60 2.2000781376373864
61 -3.698128348715245
62 33.28848022030524
63 0.6747847023439103
64 4.405624858571975
65 -20.03547564472387
66 31.85578656276636
67 -28.887426415404907
68 39.36966544635295
69 -3.7489230458316065
70 -7.32431206274152
71 -1.8128494845268217
72 -13.279064543789145
73 2.3002782159697874
74 -23.133040924394304
75 20.26877736988398
76 -27.16531578351152
77 12.983872409656383
78 23.116265021527436
79 -0.39816107283353086
80 27.25125804279441
81 -33.40091327117857
82 -3.3996000180124786
83 3.6889318195641425
84 -36.56917690743445
85 -35.076709794691986
86 14.171382103341914
87 -67.51648962000117
88 -8.50880864851302
89 4.665521887477888
90 -64.54371238161025
91 14.87860767748474
92 -29.58492664965565
93 -7.6255833810860905
94 29.236300374992517
95 -14.683937803465389
96 -5.699090338579082
97 7.217057823377165
98 40.559977466984314
99 -1.7144272726940903
100 20.80705598729139
101 0.21967283053935788
102 40.74052157619664
103 -32.96380674148369
104 46.14202547765905
105 -11.417138146478198
106 -47.79804288542637
107 90.00191382228462
108 -64.68952152754892
109 103.57931575978925
110 -34.32950138165031
111 27.841971241378264
112 18.036141624103255
113 -0.35345699675519443
114 -5.285610334978245
115 19.629717006550603
116 14.960109653382876
117 15.418362051270224
118 12.800536846817932
119 14.49626099126798
120 0.3502537260763901
121 39.09117362321388
122 -6.1495091512328175
123 43.52844752858844
124 -17.78386859357982
125 16.362739086155695
126 -0.1311966350897092
127 0.0
