0 0.0
1 -2.6517358710261734
2 10.077840206872585
3 -15.024443494210162
4 14.735426321428866
5 -45.85438640037675
6 -30.761654262418677
7 -9.260819734612282
8 -56.981788177083594
9 -49.72710264251672
10 13.74842011836021
11 -7.09052070619387
12 -15.712757740211956
13 -11.178302784113429
14 -7.647798953221391
15 -42.71181177143171
16 -9.439029927230221
17 -41.44864444069641
18 5.862169640805988
19 -53.62704812607449
20 1.0028861574884704
21 16.696504234218047
22 -45.05709678379229
23 81.24396034218904
24 15.357716803293584
25 8.423264045541146
26 21.89730026504654
27 -13.400955289019468
28 6.564233840700028
29 25.001597355082207
30 23.50323881714576
31 -38.276215266923934
32 14.94851305033023
33 -8.335120017387855
34 -46.73157058906611
35 68.93158410554112
36 -82.521921426144
37 36.611521671029465
38 38.718230434452636
39 -43.20058347135601
40 98.82055342053118
41 -10.28878382310328
42 39.22750785848789
43 -19.36764848187036
44 -8.620510685154038
45 -55.94241118054354
46 -8.666175482323535
47 -12.91744443016388
48 -39.978481485395065
49 6.603771177284952
50 -25.39026414361547
51 -14.660081735562535
52 -53.172003017132006
53 1.6708930910086675
54 -20.28540675782131
55 -1.8008717282237627
56 -27.316315701669634
57 45.51443303126197
58 -13.394261500141738
59 20.817708488363586
60 47.45914667320114
61 -37.316528260804475
62 62.16209017972771
63 -36.65528631528998
64 -16.094801853429985
65 56.23641297899989
66 -57.68066039137681
67 70.62438104223922
68 -21.034030982289377
69 59.78703207530417
70 -4.375976724240271
71 -1.719866584013129
72 46.583250940179575
73 -60.20948808658323
74 63.31838550891405
75 -26.161822000482356
76 13.18561766186696
77 -10.34249429188204
78 4.76783349742125
79 33.679214435914254
80 -32.529416389513464
81 -1.5004363788431212
82 -26.0680981570526
83 15.849781017923815
84 -9.743638296146646
85 -65.70031028585784
86 17.98540703170706
87 -15.144986796156115
88 -5.88284787625273
89 18.234062191191843
90 -11.581661797969202
91 -2.422782686078002
92 6.307460007621789
93 -24.0041793693095
94 -53.00771077189937
95 13.97500617259657
96 -21.964648679529077
97 -1.9191523522510547
98 -1.8694036240149325
99 -52.24962778308606
100 40.19156546871705
101 -62.89445768963421
102 25.059132034176795
103 -37.45288261401959
104 -31.571381479433292
105 19.099146373998494
106 -16.120728583626438
107 14.880777147195998
108 -1.254329426772999
109 10.247907051362947
110 0.3630953489969667
111 3.793231553244854
112 -66.65041293490917
113 24.340391528743954
114 -34.113982982228066
115 -14.497064987520478
116 -6.61255032600029
117 -38.27906898439654
118 59.379906025309005
119 -22.90738949859087
120 10.757801518750824
121 38.444378984684356
122 -6.492039994259855
123 48.66724885269308
124 -14.266571059459563
125 21.324045021738637
126 -1.170725970647513
127 0.0
