0 0.0
1 -3.5181811065325928
2 10.928015510285164
3 -19.704720990937986
4 10.56050432152963
5 -23.169193285240105
6 -13.767231507089551
7 -7.722422146115446
8 -48.510150975477075
9 -19.17496450702033
10 7.091259434345954
11 -49.52918697692875
12 -5.433923619105597
13 -27.702847330114167
14 17.929854318570875
15 -13.510172224032887
16 -24.967865119821433
17 40.93716600101167
18 -36.94774369309089
19 15.886509464169281
20 -27.844803540366406
21 -12.33929158887365
22 -14.73676753838575
23 -35.74816242511162
24 -37.09467834757031
25 1.5290221739497838
26 -44.803002323846556
27 1.1394907533224696
28 -58.48627003723133
29 49.454158952048566
30 -21.337178765627392
31 -17.36336995372634
32 -18.738412801014924
33 -34.775232078534124
34 7.87207724946043
35 -32.30868241988365
36 38.906134780223816
37 -14.0490401320308
38 1.4220658756690414
39 46.19402717663831
40 -36.46281133927911
41 102.95889244088326
42 -12.970457765348735
43 83.69137926761148
44 53.94697933292312
45 -6.444051846824672
46 52.637072227289515
47 -7.326328687927493
48 -7.995657185588392
49 13.930662089022183
50 67.03290466549032
51 -51.877266631630256
52 29.40058180038381
53 -43.9167745172284
54 10.817413025642086
55 -14.349834219225473
56 -43.47341106922985
57 14.074021888771192
58 -5.291763984323049
59 -18.17684555935262
60 6.895021959800057
61 -2.616819976022983
62 -11.941405943014688
63 15.198431515045419
64 21.92807050721547
65 -53.47573210286912
66 91.83278043025742
67 -43.28035504594604
68 5.815239335681736
69 24.420696949142396
70 0.8797279859686399
71 33.91863865038021
72 -76.97229884264956
73 66.15835569014953
74 -73.8836074363628
75 7.204061914177642
76 -28.520400780464474
77 -25.541422581628108
78 -17.728766207641243
79 2.5294140439626336
80 -35.493187135512045
81 4.619964472482726
82 -10.40491353300335
83 -10.248458718561665
84 41.475378369496276
85 -31.63611752604647
86 31.26348446912442
87 -10.199860191816954
88 -3.524226943661142
89 -12.964856156223954
90 -29.538310859566955
91 20.416878851338094
92 -53.464740291255396
93 -46.926668155026995
94 60.128782752879644
95 -71.7889637850937
96 39.7833275613269
97 -37.42665112470727
98 28.25006335473882
99 -14.988110351643272
100 22.885426126972817
101 -7.607665190717458
102 -4.299955342678997
103 0.5588828012206679
104 -41.59403157679031
105 26.40944694285953
106 -46.91399956674377
107 32.82835246149407
108 -28.79727619416836
109 25.48525928812924
110 6.879617903155112
111 3.411643672363516
112 -16.56737678252619
113 6.838677830848389
114 -33.67005906416262
115 22.82547767175634
116 -35.36019006138736
117 42.44006447412139
118 -33.55134551631104
119 59.682382739405156
120 -18.46194762467231
121 29.47113073186558
122 4.209965459181961
123 19.664956314201216
124 5.566915110914458
125 10.013964087337039
126 0.25160643224765156
127 0.0
