0 0.0
1 -3.782522724091893
2 8.438211840444039
3 -26.477052552452474
4 -2.407317199980397
5 -30.52933016043189
6 0.6294792455387421
7 -53.260285843040926
8 40.35544614124348
9 -55.21287061189848
10 78.52317395928395
11 -93.66536244304551
12 50.42103590234418
13 -74.59182842098676
14 28.822619632754616
15 2.541693324241652
16 -1.9035217446522792
17 0.16004657722574367
18 4.003743219779852
19 14.549480710825721
20 -27.305083272037038
21 80.97409471094565
22 -110.01625989660518
23 83.82436596053536
24 -89.46947033983957
25 42.39357788267329
26 -55.25497730199375
27 40.920879893529744
28 -9.449085736143008
29 18.86147064931724
30 -6.77847120636854
31 58.38200473917788
32 -12.764895453757624
33 -12.664398143063556
34 59.49226748030298
35 -40.06620681489844
36 44.57764807907992
37 -27.174188836236734
38 5.061875851840302
39 -61.21182385879832
40 11.568789541854269
41 -87.2894194363125
42 19.440667870871373
43 -35.73527834926157
44 -11.275764718984252
45 10.98998549411848
46 -31.817190750852127
47 20.16718388882766
48 -29.87949415337216
49 8.288584182669359
50 8.28304956290887
51 -24.75339176495226
52 34.856593548669004
53 -29.18698345669674
54 36.63837319487173
55 7.731254116266059
56 9.847854456016123
57 12.592957236474174
58 -4.420603457770391
59 20.23876341050182
60 -39.185505957577824
61 40.50304072409897
62 -40.58637277420613
63 14.15559202183199
64 -31.956430213784795
65 5.581273872110487
66 -27.04083012666591
67 9.27433376197075
68 -13.469708032531889
69 9.794959970573085
70 -38.27176430631315
71 16.175743962019112
72 4.762163814007765
73 -20.53925519387493
74 33.572755304835596
75 -39.45716904751776
76 9.325102547888331
77 -21.653633885862178
78 -12.43321373513587
79 -23.87701948363186
80 -9.674917114450691
81 28.274395961575596
82 -49.188933938029614
83 43.919505133248386
84 -36.96190678046942
85 58.83763893085097
86 -22.08458145542777
87 27.41327704632328
88 64.8025625854819
89 -46.8880007388212
90 141.62651040450552
91 -74.9160106293178
92 123.1998718324027
93 -66.26613105694686
94 39.881344540451444
95 26.073781632717854
96 -18.865030438912036
97 6.213262786013246
98 -2.330379911912577
99 8.928313087788549
100 -11.776446476290538
101 -19.802180861404743
102 -46.41547496011327
103 39.23307417372258
104 -71.90801497066576
105 2.010534161158051
106 20.56135993577872
107 -1.9738133660621715
108 -10.197343829975209
109 32.99058042295567
110 -11.185001292770645
111 -0.0356227068000937
112 8.814727455356772
113 13.401997477025487
114 -32.70911086116924
115 54.96221506280263
116 -35.92413299492071
117 14.486855944954282
118 -26.35062416145305
119 37.334555874106016
120 -48.60206306496522
121 33.05950562375511
122 -30.290503209303647
123 25.43749693507971
124 -7.323439049513905
125 12.546875581722972
126 -0.4806469724513399
127 0.0
