0 0.0
1 -4.642418580809639
2 11.073282201121673
3 -20.34966798652917
4 7.553736849495055
5 -15.204516236776081
6 2.8101942606038177
7 -25.974071884731195
8 -13.981613720366953
9 -43.483664218169515
10 -14.726221106281665
11 -47.902034670500534
12 -5.27489345105647
13 -67.06817300805618
14 52.130421142609606
15 -17.20269408534453
16 -6.373453125464884
17 13.610286067150215
18 -22.97039648542258
19 21.614288073273414
20 -21.728701403250962
21 14.56760092569301
22 -37.92171733772034
23 29.859767912863404
24 -1.3458468552555776
25 34.813417712614495
26 -8.415975600074972
27 77.41929340997383
28 -28.519461260411344
29 26.23941221686341
30 -72.87975808025503
31 68.3348680998589
32 -54.878414401187385
33 14.577383867560712
34 -26.694723645860545
35 9.606365223729327
36 -21.51097973308469
37 -14.923724530523897
38 13.774970992618602
39 -51.975160761565405
40 35.45957273137363
41 -57.5742272572136
42 56.27786459182654
43 -39.90532614472419
44 35.184282422969126
45 -14.058468612265116
46 24.065658706785825
47 34.746457395290754
48 7.881833719438854
49 -2.1067566306648113
50 -6.641306729264166
51 15.783597754132527
52 -13.209119804133618
53 -100.83246117218572
54 -15.860632946400312
55 -40.35893366815582
56 -75.12579209806637
57 28.033375638787906
58 -74.90572418808331
59 11.873499189728351
60 31.392844305567102
61 -45.42574922853189
62 53.99317377877584
63 -1.343209164193204
64 -32.505219010982664
65 15.854425003178413
66 -44.39032730719616
67 37.01334893421044
68 -29.998668990101663
69 24.63472237789637
70 5.293969472137052
71 24.501000796923943
72 6.081596242135306
73 -29.50753977874877
74 70.09352657081796
75 -8.679525388224018
76 26.00893345085021
77 -20.47779928294493
78 71.01548752064082
79 -17.021058715271796
80 20.925503335046237
81 9.863381741033846
82 -14.79478526933576
83 18.384789006727217
84 -42.058456263696854
85 -22.428315137838588
86 -36.79297453654983
87 -2.7962273860854974
88 -66.80460449503853
89 27.46847978500672
90 -9.038958133841172
91 -8.685730764688095
92 -9.05849895773028
93 -23.33941682845633
94 45.28320276168119
95 -22.352094179736454
96 32.87336925605661
97 22.751722537830236
98 13.271336919256617
99 28.996083040750662
100 -33.28967018411626
101 48.67891159693926
102 -25.314439626744033
103 -28.26537882820018
104 53.41517642106187
105 -68.3039519533641
106 21.692480927952246
107 8.935080411273448
108 -45.159215673656604
109 34.96191846950718
110 -63.06977743852017
111 29.671495800585046
112 -28.642373413723654
113 -17.77622461719987
114 37.5451963633643
115 19.9238630787571
116 8.025906894952469
117 5.71514786974651
118 16.78622982149291
119 20.71055249412531
120 5.302779080647015
121 11.977114893615328
122 -1.5710239501261263
123 31.492512212553272
124 -7.207461971828555
125 16.02696628347874
126 -0.7731969142157047
127 0.0
