0 0.0
1 -3.790816617678377
2 8.647991667186497
3 -15.220523799377053
4 -0.6213527559897395
5 -28.483557573248707
6 -4.856999961711711
7 -10.358435923312058
8 -62.14098078066984
9 25.47599034546189
10 -80.83173922421598
11 32.12982566905093
12 -71.24216121089921
13 28.5777666818173
14 -20.926792897344157
15 80.18918176817351
16 8.809661798223644
17 29.916210178140556
18 43.03703467036701
19 0.5197907963485268
20 48.19238289501678
21 -52.36297504731552
22 22.244396698527325
23 -12.452436768861075
24 -52.616020394544115
25 32.08177969468766
26 -4.8026861884017595
27 -7.632246154923739
28 -40.08613398574025
29 42.46053274560866
30 -60.42290803581172
31 39.847003259385765
32 -9.309216942167131
33 -35.376854749448555
34 63.0698946130931
35 -75.53102182325233
36 -0.6605051668078431
37 -15.6289470317292
38 -40.89560356645786
39 -10.223305072890714
40 27.581133745180068
41 -79.32430054476932
42 26.06270568043201
43 -25.075650027620288
44 11.578731377617187
45 -23.799126714194955
46 5.888391661740662
47 38.41463598925455
48 -54.10724034791098
49 51.18987681184157
50 -73.43363097144672
51 23.771600676800915
52 -57.75808218633623
53 -3.0546820613988666
54 -6.909240104073317
55 -15.183943112502362
56 28.520136288576243
57 7.597449367983308
58 54.46102055049392
59 -49.670229699276625
60 8.879111614681188
61 20.254400079619575
62 -1.1547962844924093
63 33.42019152960857
64 0.35608045862850624
65 45.36445148654216
66 27.032800219745106
67 19.97490138339374
68 -19.61129993606871
69 15.462547066277555
70 -8.145913374557685
71 -1.231595731038677
72 65.0924412392126
73 -45.643626768523674
74 45.55596128672233
75 -49.46123043648718
76 -12.345924897438339
77 -31.313638376050445
78 -26.2620323878093
79 -42.72148328118682
80 29.200272896230036
81 -55.032670804617226
82 -2.462240195185747
83 32.791070000649974
84 -60.1375312709547
85 63.576118889867416
86 -60.03163475476823
87 75.20440618184354
88 -35.102769821720415
89 25.695637637484154
90 16.46043631192272
91 -46.44686100158849
92 30.44074339672515
93 -47.966813951695514
94 26.885321961008607
95 -82.76693282312525
96 28.80415388082759
97 -2.1130405213034718
98 1.5651813262091552
99 47.64476907872536
100 -52.206370893637015
101 85.93540389294866
102 -60.40854433748908
103 1.6935692526819819
104 18.97147193942546
105 -68.16582109168775
106 20.274901103553024
107 -63.31858133731773
108 -6.53408751409797
109 -10.097680647051497
110 -10.797883923868362
111 19.822449950601317
112 -61.25682333543133
113 54.695523217943666
114 -51.78058019066264
115 24.90929357459125
116 -6.261113634158945
117 -31.491770230545512
118 30.929423131000284
119 -2.0132793178391313
120 9.9439470629232
121 22.407593263006163
122 2.3266587217564134
123 37.20850248360621
124 -3.2378525920247814
125 10.614666105956326
126 1.8171154824419442
127 0.0
