0 0.0
1 -5.567562583719784
2 17.948307132238455
3 -26.096483152141655
4 25.652533493145366
5 -25.5940450312315
6 -1.3877446709681345
7 -19.742604686111555
8 -4.256598902552764
9 9.571729629825956
10 -34.481567158929174
11 3.2708728707358476
12 18.58608934544369
13 -15.957759136524208
14 -38.953573883351
15 24.694417255760737
16 -63.34323490416742
17 16.773543511401606
18 -48.42625244183975
19 25.552058980448848
20 -28.06680234278432
21 -11.661504511582686
22 -26.11288622302734
23 -14.155492739640248
24 -52.148173218706624
25 25.51087135655943
26 -47.40126878146571
27 -17.3932083126061
28 31.60301321013586
29 6.901907100115388
30 20.662130854683518
31 2.0664522863715318
32 24.124980574334312
33 -0.7012264073130154
34 -16.7525941559052
35 36.48724221298239
36 -26.424997402294228
37 54.928666123146535
38 -40.07498099682658
39 47.45125887145563
40 1.425086655406982
41 1.4797807131968896
42 2.9514228901302664
43 -62.36209433142886
44 31.682827554785778
45 -29.487546801207028
46 -11.397923478333235
47 14.565047570565836
48 -42.21446577040281
49 9.836633956418558
50 -7.7802866320589334
51 -38.650746844678714
52 7.246784905364356
53 -27.536885802548696
54 -12.383785232315317
55 -51.45210681442621
56 -9.99835254724199
57 -25.244931921338782
58 -17.95873462705561
59 34.75839475384456
60 9.684673901301897
61 -22.110446400319244
62 25.379340827149303
63 -31.12967538429321
64 15.96538349793586
65 -35.16774583954323
66 32.965064399589735
67 8.735662173047025
68 -6.2006089922176
69 -0.6645610244795614
70 24.747477512534598
71 1.3885612173048816
72 47.108382484033456
73 25.857901607112854
74 15.38584205434345
75 47.27762458640435
76 -19.229904107488213
77 94.62618677144442
78 -56.89569647212588
79 46.62539694161591
80 -24.465880664823047
81 -37.439543475834824
82 34.34193618689363
83 -68.57194937640546
84 0.09057549270340946
85 -36.40029361703405
86 23.4665744202059
87 -18.47876722140987
88 31.66171460913664
89 20.301369189255148
90 -4.767166517766923
91 24.317367259635713
92 3.382452252755787
93 11.518067313945213
94 -7.154454341684202
95 10.081528523581618
96 -12.351280434277252
97 -12.83228395833206
98 -16.019737471045957
99 -8.52441582780405
100 -2.877707428981844
101 -10.731735789413554
102 38.4391533825564
103 -43.67250128024811
104 41.460269479456734
105 -21.360445816361274
106 -32.281797463544514
107 -3.4298871850492247
108 -54.39365510900638
109 39.781972746220816
110 -81.82350949576072
111 71.92085773024026
112 -161.7095662729509
113 69.32911507513508
114 -67.2220450307706
115 20.915252359383214
116 -5.90121366580868
117 -37.79610253875768
118 23.5698336395684
119 -7.638934151748152
120 29.13843107951195
121 10.339030260655292
122 12.772841294498871
123 22.84219570576753
124 0.6499545422117169
125 15.6957811037669
126 -0.29052298955284295
127 0.0
