0 0.0
1 -5.237749473544365
2 12.258532299065829
3 -27.47901305749999
4 10.862783373558331
5 -43.3120086275279
6 -8.650244416150874
7 -66.79923644886314
8 17.704740245186507
9 -79.24130523068683
10 -25.507501934324885
11 -0.8366654462503849
12 -61.71880060234587
13 9.168330024926505
14 -39.57355624078021
15 -32.21850060811006
16 1.1101324082542219
17 6.734000513871353
18 29.943704057656497
19 -12.667447438837463
20 9.572893668570227
21 -4.8496365563512365
22 7.769751301754713
23 23.606105931247047
24 8.547718504324203
25 65.82465232769347
26 -37.43762553339804
27 68.03677365113532
28 -26.898215246944343
29 45.404788297253795
30 5.696477074082556
31 34.576136083696085
32 17.28879930945917
33 -28.966736202664876
34 28.099414708977076
35 -58.69218202503206
36 20.708865106426046
37 -7.867602832206956
38 -19.190970876512203
39 3.343309511119829
40 2.4950785444182295
41 -19.10550666585683
42 -18.941325559797146
43 46.29133461203026
44 -73.80801057192971
45 18.076046458253824
46 -45.24829563416696
47 8.712808778554065
48 8.45546290722602
49 -22.163471837877477
50 79.46995711119472
51 -27.554299588827476
52 48.80037450665507
53 9.802943346458619
54 -5.734957763541724
55 -8.661916095551618
56 -27.22489604335979
57 25.824604635564082
58 -60.50481195223368
59 51.46819462722222
60 -23.684773331686507
61 7.821072621577541
62 13.456720418654328
63 42.54030536775041
64 -39.63668728110569
65 -10.994822711036472
66 22.475343568180765
67 -64.67880483048015
68 38.30190194470433
69 -34.21585403614841
70 26.475107251410765
71 -54.5761298872943
72 -32.80417224887024
73 17.132531377283385
74 -41.52406978236996
75 1.8937618649256402
76 -8.904126093398169
77 -32.00780902217423
78 -44.2482693767627
79 -12.568639519781469
80 -19.44356249043649
81 -9.228591164409332
82 3.7542096420845583
83 -64.93115036410622
84 44.0626352427767
85 -60.60814505956155
86 17.601496615388157
87 39.67836403756033
88 -64.5696489400666
89 70.80523132503791
90 -10.031975459117604
91 15.453107803244148
92 32.68255236650493
93 23.788065614020702
94 38.9032396104928
95 40.69970723385661
96 82.15212231387707
97 14.204724819294611
98 52.91658531865301
99 2.597306939044971
100 -26.842031754829748
101 35.891610218102066
102 -60.88726512010358
103 -6.549965608111406
104 -3.566067477977225
105 -65.86028691732564
106 7.121634071424062
107 -24.751476742011207
108 -27.608010093246357
109 0.6768425685481684
110 24.416132153560085
111 -40.88696702379582
112 1.4384492546748586
113 -15.360166007448282
114 -4.584411484918906
115 20.555843481364636
116 -39.10733968165842
117 67.731574911457
118 -21.66818151946597
119 63.72751624311009
120 -19.59402074675324
121 68.05279079225134
122 -16.006714451075528
123 36.5622373540197
124 -12.98150087497651
125 14.495942733029175
126 -0.7704047647334271
127 0.0
