0 0.0
1 -4.414649763027322
2 14.104818202864605
3 -18.739617401190845
4 25.826150202361266
5 -14.385196060461487
6 0.07431231457284297
7 9.987771487013442
8 -66.09826215855878
9 15.464444837580775
10 -60.89692774324722
11 -12.494107739406457
12 -3.0647233793716717
13 -50.029357134767345
14 36.957519614274695
15 -76.17555412294719
16 15.359852438015196
17 -42.468068038579666
18 -29.03661249829868
19 16.223251789502594
20 -76.10767257391487
21 54.88132317044247
22 -104.58256087290903
23 44.18628261042012
24 -101.69171891950862
25 71.13845360481282
26 -43.08188317914577
27 29.7037941343056
28 32.55316195791515
29 -32.40145401300889
30 35.39334162075848
31 -52.56970454256138
32 43.16046148054884
33 -17.17293431518813
34 6.425341865860573
35 -12.812050564016642
36 17.00411761941986
37 -9.029857352338906
38 -23.40323679175607
39 13.734939338386543
40 2.214207873613238
41 12.078905775639484
42 13.733192859115253
43 -36.23444276689815
44 26.629121559114434
45 -25.953290817324735
46 2.0180617893707447
47 22.143327846733175
48 -18.850859637340694
49 6.5612134105867685
50 -31.31481224980338
51 -22.81269736288609
52 30.364688348701304
53 -14.090425112851756
54 -2.7838149316684357
55 20.621707785843146
56 -46.1137223521321
57 -1.5124436907945271
58 -43.45386847282085
59 2.9063672585983578
60 0.9951421398973528
61 -2.698578898049596
62 -33.37945780312106
63 30.89921747052086
64 6.786646137689885
65 -24.9675244873254
66 45.657247108491134
67 -30.996800614627176
68 29.82166262683855
69 -6.196167479096413
70 -5.877099606854294
71 33.96764790425811
72 -0.2038340582106952
73 -9.287681960573353
74 -2.8140540900894657
75 -0.7363606037295911
76 -15.207616447778754
77 8.058327714064028
78 -23.092855444478612
79 -8.138387616899575
80 -34.82567945304075
81 -22.4311351035368
82 5.26545642083844
83 2.096141696199194
84 -3.630717786832784
85 -19.158084106708287
86 -16.23197821155654
87 17.490852746692664
88 -10.431482818060752
89 -14.760189417503332
90 36.22080794896848
91 -37.019409877022376
92 72.69309319980228
93 -38.07084171677253
94 -3.8867742045567564
95 31.747801520516415
96 -26.044129048964987
97 -36.81401001043647
98 39.78664124159507
99 -26.389217463805515
100 18.254006420447514
101 -13.16575675925845
102 -7.5277588990657875
103 15.669998897109672
104 -10.487050145194077
105 -4.142548106299042
106 -8.915418699458222
107 -16.696145755100893
108 -29.40915464101665
109 37.251391812248315
110 -54.792218267695375
111 68.34568768520963
112 -39.70750467079855
113 59.622707212352104
114 -27.682335416906152
115 31.475890129572036
116 23.021306276110558
117 -11.93656667684524
118 13.754963729283048
119 -3.302893441110741
120 -16.764353107233234
121 53.52528805480339
122 -27.779869994789813
123 55.36982183826907
124 -14.330575311004635
125 11.591515133760003
126 1.8680239342716873
127 0.0
