0 0.0
1 -4.933537631888839
2 18.09276278324849
3 -28.735073845036222
4 9.993500376332594
5 -22.558761367631433
6 -17.951675938017907
7 -24.49713418589042
8 -39.65271755033845
9 5.623839337739971
10 -66.19314705826693
11 44.47372297004237
12 -76.47425656773491
13 51.272520645044864
14 -99.2763900034259
15 11.022906138052713
16 -30.924280419332977
17 -78.15771010124341
18 10.70278030941601
19 -23.952227812049166
20 38.154427074550235
21 -52.515722488586306
22 75.85880845233966
23 -41.63966274817154
24 67.02596335770369
25 2.122661408444137
26 14.193335895829408
27 9.815034303548586
28 6.211776782933455
29 -9.15102801187198
30 6.580673210367181
31 -3.700866195770062
32 -2.59428515037552
33 0.21627504653869237
34 -21.838218821490496
35 43.418775968118396
36 -84.32145157464845
37 98.8101783042346
38 -110.07849741216003
39 74.34294342631783
40 -61.98865854141273
41 46.832489817543795
42 6.580406491824528
43 -36.21344423501851
44 32.41276428199414
45 -19.93311075149663
46 -11.10775190168326
47 6.159686395989981
48 -20.447611008645637
49 17.808291795193593
50 7.902499626751002
51 -41.604261592224624
52 44.926625045516296
53 -94.8089870855049
54 27.87140968624298
55 6.161195086992014
56 -6.829727075769334
57 43.158132556055136
58 28.350912648489963
59 45.01136302703235
60 28.957439123368154
61 15.550862427515499
62 39.87967501513917
63 -55.62668571279039
64 40.56081903282919
65 -45.03407999862788
66 -2.125620044327876
67 -36.556324531131615
68 -37.35495448352761
69 -15.981770196235635
70 -56.81401418465748
71 29.41214617163806
72 -62.13618299993931
73 0.6245580571189393
74 -6.371690919231576
75 -8.781323553812816
76 -14.440567556960668
77 17.632010813414137
78 11.137080386872034
79 -4.054386314982684
80 39.884804084144605
81 -4.03532232697455
82 60.6054774401002
83 -8.432286611819052
84 24.358321278780554
85 -33.637356042175995
86 -7.113423962049305
87 -1.8597543225677053
88 -17.39689455131354
89 4.352603679293845
90 12.603966193472004
91 11.282917264774072
92 -25.70928886615979
93 42.874059459676054
94 -22.98867527511514
95 22.417959424807158
96 -2.3145629832762444
97 -4.815274184394776
98 -1.5054495958398917
99 -4.342202341897
100 -30.199815390498543
101 12.608743819282394
102 -10.41100712502954
103 -16.43875237872431
104 37.33883302173833
105 -60.372332976257006
106 47.329103761704
107 -65.14202557399913
108 16.976931901936986
109 -29.169718377763783
110 -1.7434383845843082
111 -14.830361653743724
112 -36.38683921697482
113 57.844174579210765
114 -24.85426972054279
115 53.19779029700575
116 -67.04713721629766
117 49.1037459858298
118 -87.11846944094613
119 85.49524757996522
120 -49.89421913564889
121 42.553519323851226
122 -22.09916588120619
123 24.304591102968185
124 -7.5063788959152005
125 12.432748170518233
126 1.116764955357507
127 0.0
