0 0.0
1 -7.071046735737773
2 24.897918749935183
3 -36.221719927637544
4 34.84462362725169
5 -28.858622369864914
6 21.910104898854467
7 -20.00536424903206
8 -3.8392331030002875
9 -20.27363459455884
10 3.5031471125698292
11 -10.94540555773319
12 -13.014868720929002
13 2.174681612220678
14 -19.355684186970368
15 16.03650462542844
16 -13.633056172826414
17 37.92473079214777
18 -52.59721791539748
19 58.292962867689866
20 -38.83427848945815
21 14.020399651004418
22 -39.08584145632595
23 20.88913660153431
24 -31.951324852216963
25 53.92290883044982
26 -67.55432231830324
27 70.35486033225912
28 -31.28187287737826
29 -5.888991382407058
30 45.35548300592432
31 -44.895686729477646
32 14.711362746857802
33 -32.17683170269962
34 -26.62638611647194
35 -42.18467670361908
36 -20.72280257248454
37 -31.680943982131485
38 -33.60446881702894
39 -5.652875458746584
40 -16.625378535250828
41 8.891519762259684
42 -30.760125935384693
43 -23.499654458724986
44 -7.923465705482176
45 -32.92549360566768
46 -38.61302625039487
47 18.896578162684253
48 -49.7704589799048
49 8.901985197554673
50 -0.3148076614182336
51 13.80542660343406
52 18.16211220870061
53 4.782839900897317
54 27.671062418599423
55 -10.25217991027869
56 21.202115080765015
57 1.2130229867069204
58 0.7506830446663506
59 -3.6246225580058984
60 -23.91053253271498
61 -19.52664071241572
62 4.066972539804673
63 2.7089810076261758
64 19.707317708420717
65 9.998556347503769
66 62.791767398779974
67 -18.77481186843122
68 44.55229965959614
69 -12.605345354672835
70 48.72979328042947
71 -6.60909598758033
72 30.610850084799537
73 0.8689022264995564
74 -14.347310445358058
75 24.252673391027
76 2.4406383681377495
77 32.31729339135293
78 15.842520610516587
79 -22.11571301287789
80 35.54822890149865
81 -1.8587764506138127
82 16.580460508209057
83 -10.752915185643255
84 -56.139454002404236
85 28.473921689130247
86 -76.20333405095441
87 26.477105218268484
88 -47.21259040991925
89 -0.4834204246120424
90 -6.965919549590646
91 -26.396657950073074
92 17.198887156868206
93 -21.234893230955908
94 17.584760622413317
95 -41.84118473610433
96 -0.2064246801031454
97 1.5044752631165546
98 8.56210808670359
99 8.336561801810829
100 6.433410780560711
101 72.93661103141797
102 -23.484677401787472
103 76.3222360642031
104 -12.749705953081138
105 8.22229125660207
106 15.290058520984589
107 19.495188862647556
108 12.310377579654123
109 -36.15932715802938
110 24.38274227928875
111 -49.08389945450096
112 39.337251260952684
113 -25.261800670927418
114 31.23010093529077
115 -23.77851949330233
116 -38.223456359640785
117 46.63319929047174
118 -98.08065666551869
119 58.42884968223665
120 -95.92612702805748
121 71.54124653285479
122 -52.304912279143025
123 26.418577935611804
124 -15.580767824849865
125 11.814225052197385
126 -1.0717720620446216
127 0.0
