0 0.0
1 -2.7640892686922047
2 12.126348581749916
3 -15.859245589006703
4 -0.317822117692095
5 1.690000465495985
6 -57.30486193408422
7 16.36509245068071
8 -55.277170472676694
9 49.780410292532444
10 -28.932479709620633
11 7.151412204197849
12 4.920396810251871
13 -47.38966110451462
14 9.668482770817661
15 -75.51435857910343
16 0.35719998368082856
17 -59.32477409822278
18 -1.4100780253683172
19 -67.60170875121182
20 -28.65745037718391
21 -39.59437065956944
22 -76.22937651729231
23 21.004460636630746
24 -110.70506067936121
25 44.712248911629786
26 -78.31834014092044
27 -4.459701980427563
28 -9.096257563959012
29 17.88682186421039
30 -25.3004777644836
31 57.41242782192217
32 -42.80667166234377
33 44.319319682085855
34 5.510163772548402
35 -10.892560939148813
36 71.82438529609733
37 -74.57888701789469
38 70.41337123107726
39 -44.208699182031566
40 20.125362777111544
41 22.191137276708588
42 -2.1350119000234415
43 33.48703045211204
44 15.945386094435761
45 -41.457092108684584
46 79.78224704171653
47 -25.278381090852463
48 32.465042080395065
49 -17.007978417225363
50 29.05161672186156
51 -9.529994266243818
52 -8.810731681494646
53 30.224374413636735
54 -29.409664231950572
55 28.082362872621317
56 -14.132508040110098
57 -6.5382745979229595
58 -4.614385471686021
59 16.68324831766672
60 -10.54087152219022
61 18.580164980852473
62 -2.7423820743172542
63 25.57570968387473
64 -25.141147444864945
65 26.505160662163323
66 -13.863866235884588
67 -34.93161271829079
68 -16.235942556884247
69 -16.918814022280625
70 -22.539307533094522
71 -9.625849150469401
72 -38.55737350366908
73 0.3188112773925433
74 12.590928880991394
75 -22.35732429532385
76 17.608647262555255
77 -34.29997589301785
78 25.88375405167182
79 6.065868612571398
80 35.39260360012628
81 15.501090702319491
82 19.772999377837746
83 36.565218185495745
84 -3.640383348644395
85 19.082629183408645
86 -11.199705150661568
87 -1.017182647583306
88 -18.289657818823457
89 3.172920591914535
90 -16.350526008600067
91 60.3887723976109
92 -32.071953961173875
93 31.41496802872797
94 13.575628101306558
95 -24.25146218272524
96 36.32946723337384
97 -82.62301115749699
98 49.63414772145495
99 -61.79196756492581
100 -21.55559029756061
101 -20.050005795927973
102 -42.37058596386313
103 9.893904694367954
104 -6.499154543212885
105 31.169432338696016
106 24.319605128387646
107 31.98935328245342
108 21.503072667015218
109 33.19990997809052
110 -6.8424653158744855
111 6.03031301450868
112 -5.140955461459736
113 22.569843067812712
114 -9.781948433963407
115 6.130536571031256
116 -2.1840807118111725
117 -1.2068688684568218
118 -32.79146368709687
119 -10.11253081254218
120 -8.847434981083778
121 7.151181073539267
122 12.187160530402235
123 14.001251613794745
124 0.7607287199143306
125 9.66151124548722
126 -0.1593210255605665
127 0.0
