0 0.0
1 -3.6546203922010827
2 11.547727501811206
3 -10.558852902341107
4 -7.389985234695408
5 10.284460658153263
6 -29.789497272297883
7 1.9759271954018152
8 -22.66680275056044
9 -37.392666099349874
10 -15.454536043531013
11 -32.62406637782601
12 4.530728479633466
13 -53.43709933487426
14 16.890921267957715
15 -22.620108833189104
16 -46.54952755931481
17 -47.841315329966015
18 -40.830001051233346
19 -11.120404960872092
20 -55.51905858501346
21 -4.3843375218686464
22 -21.39950109043666
23 6.491431420953362
24 -22.335843942626934
25 -35.84820145139482
26 16.930537471572844
27 -80.1623647507156
28 5.435340566461778
29 -13.062857499387256
30 -13.676497245973314
31 33.65452341912754
32 -5.957022359610938
33 41.96759285858497
34 -3.8160568665955132
35 -14.745749048862667
36 53.76234915740949
37 -72.16509664747355
38 46.78622681045503
39 6.839624681126523
40 -5.291949492076182
41 29.977264520172064
42 -11.675222998538874
43 37.51554805053604
44 -31.71418237745975
45 48.862912199982425
46 1.3384681111314076
47 33.77580517030818
48 1.8711803562145268
49 -19.890260385283916
50 43.392857259198884
51 -12.912498433305656
52 -30.886915134695535
53 68.93975678640113
54 -41.18187472527875
55 31.984318608856302
56 18.50501700729865
57 -24.42689518571273
58 49.977126566161104
59 -26.370243980039493
60 9.022328143671299
61 -17.703781991014907
62 -28.611036848742145
63 29.784993555131262
64 -18.747744230960244
65 -4.322843300472597
66 20.837822603100136
67 -12.790001762026685
68 4.247900937969174
69 8.804992493882972
70 -20.453894063099355
71 -3.905281832247424
72 -9.491635370603587
73 -58.320054442827335
74 28.565816459410318
75 -51.20217102116548
76 3.237934577410653
77 3.596425310794665
78 -9.887073297742848
79 1.8735065531113915
80 10.43974615333381
81 -27.19394580732613
82 -9.961225259472931
83 44.443282912743385
84 1.5566842167419692
85 56.73988238372582
86 1.1115304003119508
87 3.627106006999095
88 18.164300361094586
89 -14.840351348049373
90 33.64614487443082
91 -24.077947948025958
92 11.105948863397245
93 2.363362372097556
94 16.25080597728095
95 -7.200750977970377
96 18.552513473087338
97 53.62001925418174
98 -37.94503302410567
99 52.34253946762097
100 -63.46264181556295
101 -5.429788960413651
102 -11.306814369245547
103 -29.33906511816801
104 -3.9033708398637827
105 -7.34689391508622
106 -61.07817220794207
107 39.82057002538311
108 -91.80167119095053
109 6.810248183554125
110 -3.949966690333034
111 -34.43316769084346
112 34.52078162793186
113 -29.683964915410957
114 2.6738249867885973
115 8.435258783049479
116 -21.823741088241388
117 5.4175514128020525
118 0.04972281834580878
119 44.57159316828416
120 -20.301922207672963
121 32.91240104733543
122 -7.528105171061871
123 11.397871639034172
124 -0.43441087769673653
125 11.3446272609357
126 0.37447415837755726
127 0.0
