0 0.0
1 -5.220049626364351
2 5.920067132907397
3 -25.778380960999122
4 -6.485860876505549
5 -38.89121756034112
6 -9.092686205970102
7 -58.71302900131776
8 -4.142416146682204
9 -21.726175465496016
10 -6.039913991586325
11 3.8175697001157634
12 -10.691810270238705
13 17.97513479397391
14 -10.131360723014357
15 -15.738754569413667
16 8.22484401348495
17 -21.087981732474972
18 -10.608249717023106
19 -16.12134819000509
20 -43.77816050079604
21 10.950475839512809
22 -49.68720338442897
23 24.944683508572897
24 -49.39002506433341
25 86.11745266262957
26 -62.60346662305987
27 74.48610374523317
28 18.694811440196318
29 -37.533649007877365
30 112.55621897538846
31 -89.6456883900282
32 72.6426712690321
33 -39.07945677210056
34 18.328584348543252
35 -10.08556389793061
36 -27.77434730797875
37 7.628244254492907
38 -23.410479695132537
39 16.266357672538295
40 -60.740286889679695
41 -10.640602711404972
42 26.229353460043864
43 -37.84008860293755
44 25.28261317686461
45 12.397010068755499
46 26.68917984412428
47 9.433929184573792
48 -23.075194768106723
49 10.016071883134009
50 -23.704780464646902
51 28.29163929015686
52 -23.279062711039533
53 -6.400341935827627
54 -29.325316202255316
55 -3.5023127589744125
56 -34.83683112778502
57 12.749679453865177
58 8.580951970499278
59 10.060307172506489
60 14.694010143600295
61 27.22231734129602
62 -5.498506947664313
63 11.123738189530613
64 24.576639989825015
65 14.83753967493683
66 14.232329115881567
67 34.585251188561685
68 -8.450504825537415
69 16.62705891901421
70 38.46541655115034
71 -43.17786464865642
72 96.05919676312803
73 -20.41000424076157
74 63.3636296919165
75 29.156665268147897
76 -31.240162220535403
77 59.93703138792971
78 -54.925211837755114
79 62.53853343558675
80 -8.865646115237007
81 -9.640410880208572
82 51.73162301856763
83 -35.547944211394274
84 -13.76819867481688
85 -41.23094903039397
86 -21.024620626718043
87 -5.872938856482543
88 -37.867961697174934
89 35.547966528054175
90 -38.777949234140515
91 -15.293631870222486
92 1.3010253903486642
93 -12.755473797027754
94 39.557821981239776
95 14.414712067579218
96 26.059099925938348
97 27.655478927701598
98 27.487004316229072
99 4.225238871542759
100 23.347578506791063
101 2.9837404802487044
102 -31.78151288226117
103 -51.34388657974021
104 -8.529345686270158
105 -17.29668173673055
106 -49.89983422575739
107 -35.24569055606103
108 -35.92457456590469
109 -52.890128116139955
110 -3.244137111732981
111 -20.487626258586825
112 13.077393122656817
113 -26.99242360108395
114 32.46233400520876
115 -13.729585327793894
116 29.00594642988323
117 24.120079841279885
118 0.5988497349592704
119 102.72352560575146
120 -33.28315944784117
121 84.67975287589293
122 -17.193937699554446
123 43.43528346987745
124 -20.153721228945958
125 12.364993291415667
126 -0.33730546838804604
127 0.0
