0 0.0
1 -4.044930745467469
2 5.982565075968862
3 -13.810365817001927
4 -13.399056383118374
5 -27.053773088097728
6 -16.407446083635534
7 -26.783994236352797
8 -46.77641098013138
9 -2.6712615938490423
10 -48.70374480824088
11 -4.423112786059697
12 -5.1343880195908165
13 22.975214952017254
14 -21.44472561519204
15 3.680869890400235
16 -18.363105055873376
17 -18.717258667728576
18 28.51984323304207
19 -81.55561814022013
20 25.239382547382856
21 -29.225813471408767
22 -10.76055432052636
23 6.1614984316775985
24 -0.6925414230637871
25 -14.888221195581036
26 -26.232875888335215
27 20.75856122319395
28 -10.544408083297359
29 17.233682285504436
30 11.049462212432546
31 16.834395033015728
32 -18.0379725137322
33 33.98451757599336
34 -8.782413580973515
35 43.50147334857725
36 -35.89292437952173
37 44.73722593219215
38 -52.51618779156941
39 61.01842826312594
40 -29.066305128063775
41 -32.855267582871775
42 60.49179611846124
43 -101.74591759234741
44 66.33491080573818
45 -81.94933093717668
46 16.155379841011698
47 -18.118121767625464
48 -10.74860871613219
49 21.041571020805122
50 -46.66906838996063
51 36.7500099908695
52 -14.766287554181018
53 -4.534391476483112
54 7.195135520340957
55 27.907591486020788
56 -18.645876327367983
57 11.833837028984949
58 22.944640892408714
59 22.165105457368192
60 61.55236476911431
61 4.03671260290931
62 44.15664248818524
63 19.260966995975984
64 -12.943941042111788
65 10.913011899835254
66 -41.51567694202774
67 26.66364890884365
68 -53.993181421654896
69 31.890944222334387
70 -27.683196852458874
71 -15.610814734075134
72 -3.169457454186317
73 -63.680449696424226
74 -35.27008203349672
75 -19.02291783882188
76 -3.7038504281823825
77 -71.28045842063888
78 41.51760101072448
79 -47.228336569773475
80 2.1702731998824207
81 -0.3528264603863301
82 19.595529914855344
83 -5.030591485622031
84 54.90099642573673
85 -17.144802374059346
86 36.25143245338164
87 22.251375811277967
88 -37.44549416006352
89 40.17618238637578
90 -47.69542938785574
91 35.33359339231351
92 -43.47429744319562
93 66.48292458589756
94 -28.523945316762266
95 -4.129025493723896
96 35.471930081668944
97 -73.19752315387787
98 29.93382106266368
99 -89.31392517882172
100 13.98586959023129
101 -13.44581592394698
102 -20.27568701839061
103 39.987941269101675
104 -40.51199148679428
105 5.862712954676578
106 -20.84761001264537
107 16.936489260185482
108 -12.002051067715637
109 -12.24473521639502
110 17.186369224525418
111 -39.27543077257841
112 5.192604814489055
113 -40.75181775415841
114 -9.528970542414426
115 6.626130519402857
116 -16.304724891517765
117 31.212150079904408
118 -22.468956251738472
119 71.37243265600416
120 -36.025453888478566
121 72.21240445539263
122 -6.484384753165986
123 38.739612929142915
124 4.578136513923955
125 10.911588507523977
126 2.304994876497327
127 0.0
