0 0.0
1 -5.174865308434607
2 14.912845357642697
3 -17.750585475981772
4 12.374274611250058
5 7.8844763958117925
6 -38.28384928161037
7 45.240482110438194
8 -55.09382599641436
9 6.212965858272245
10 -72.07449637998246
11 0.12144690659628149
12 -77.74424278113848
13 -0.05367612742818057
14 -43.443764283234195
15 16.795713776323975
16 -18.11823870725851
17 -4.427703781972351
18 30.169561545681187
19 -51.18638049618205
20 48.555955130235795
21 -63.901069045495206
22 22.66178313012942
23 -5.6505065260629195
24 -17.112602451744483
25 15.146290834131658
26 -15.042490077260316
27 -28.769872868109537
28 -6.4896853714876865
29 23.929917796324084
30 -27.767649165263208
31 14.332544914388897
32 -11.208006472224858
33 -17.57027980395708
34 -10.853743219199071
35 12.98032537001692
36 -74.15974561694301
37 -2.292323124077428
38 -14.415715655907153
39 -20.271679789783562
40 24.145374288863213
41 -1.14055718050378
42 -13.215184062418137
43 43.25572423448534
44 12.238486223476073
45 -11.20365693460529
46 76.78689583634147
47 -32.63710878977318
48 55.08358908070059
49 -18.234588524803097
50 31.36718469204819
51 -15.641394791836243
52 4.03278675225777
53 -15.520231658593364
54 -27.70124514731928
55 -22.49531451242461
56 -23.362418195678348
57 2.763954529844615
58 -56.285442249036244
59 7.512003980264625
60 -0.3564882615018307
61 -2.4233508886602175
62 -16.29847870897701
63 -2.021129751302944
64 -57.67039571183349
65 14.464386914561276
66 -52.477820830547536
67 7.935146792844744
68 5.164094539864677
69 -43.25866849853495
70 -4.75089883233935
71 -7.934688687180808
72 5.256948000749646
73 -5.309622961364171
74 0.8147618253841775
75 41.36431917902432
76 -25.678765151519055
77 15.184890486223612
78 48.71094441554938
79 -55.220585762588
80 55.7874549371186
81 -23.375274660598837
82 36.26350721092551
83 -20.49433853114404
84 38.085948690228314
85 -10.212492969854555
86 16.857095294597535
87 -14.106950650403306
88 -37.19480545234707
89 33.93585455745643
90 -88.332341657569
91 32.35286716051329
92 -47.78935486426177
93 40.73399372338613
94 -42.040171149615105
95 18.794169262917357
96 5.653325175092304
97 -11.285807008234425
98 3.8248637761201882
99 35.702898829277885
100 -15.49639608142729
101 18.930692329431814
102 -17.307790673785334
103 -27.19678006892616
104 -3.615842633603005
105 -53.7469313046775
106 10.842626060208058
107 -51.63104392440699
108 30.03328227335168
109 11.11705186085359
110 52.15301157257213
111 23.530033697144415
112 45.15325398435112
113 -7.434355487942837
114 38.99686787950082
115 21.114556330860285
116 -11.777039494588148
117 30.349222641867335
118 -30.83697496776741
119 30.86261043775503
120 -36.283136519068584
121 67.57669967388955
122 -26.7422411643178
123 34.12804652358278
124 -0.3415790964841883
125 10.036662479598403
126 0.5800502549705382
127 0.0
