0 0.0
1 -5.715273179922067
2 14.018055186969443
3 -30.604561809121403
4 6.149210184087719
5 -16.0171220979076
6 -43.51809077654637
7 -3.446310426105699
8 -36.172142266117824
9 -16.77999322473761
10 -42.164910805171445
11 23.006784952078362
12 -87.34848407392502
13 36.19424536512728
14 -78.05164841384011
15 -7.726616465908862
16 -39.84973668920104
17 -8.774625686679457
18 -26.259217173268446
19 -36.05522399861464
20 13.904569320592437
21 -74.30730572469986
22 -15.897103061733443
23 -19.547116733775855
24 -58.61764030510544
25 15.798763140914877
26 -10.39392761439475
27 -34.29881555493186
28 2.16629811793353
29 42.789985218288074
30 -14.325335717843164
31 60.82331793899662
32 -10.782106942832906
33 43.135253596090635
34 -12.847213619564418
35 41.34697980932302
36 -26.248155967580157
37 29.36233558309364
38 41.207264896418636
39 -44.559907550562436
40 53.10472213268431
41 -45.76709701406527
42 21.838875066500954
43 -29.945073241818694
44 17.449077728292842
45 -45.716894758837064
46 12.456389488590172
47 -12.771784737782278
48 -18.821026306479368
49 25.08847145837371
50 -2.8355296853058287
51 28.54518309537155
52 -12.226965124127766
53 -22.993466072218677
54 -2.2966595310961875
55 -50.3307287956525
56 1.0157738916613728
57 -13.83948382216582
58 -7.989970238209102
59 -3.7717443341685244
60 34.183431234739864
61 42.514714788623934
62 -18.359715009721672
63 64.4990145927498
64 -27.819804920628783
65 56.53853405935653
66 -11.60421568101843
67 27.269033130960594
68 -20.424813518985495
69 9.084782467831847
70 -0.8294007690363037
71 -53.74586872832555
72 25.596125571888127
73 -57.88589601815094
74 -1.5628344454931882
75 -48.41538185610424
76 28.35512995130595
77 6.053559511053732
78 -24.758973522567356
79 66.23803511661569
80 27.380958058197933
81 -1.9525085416708523
82 55.01693236754431
83 8.531528843167026
84 35.91917977885124
85 -44.46330641644471
86 13.054679519414254
87 14.725253973797686
88 30.676286648891843
89 -11.903032047035781
90 -22.318119828997474
91 41.498932178583075
92 -59.10101397603361
93 23.424475545067157
94 -29.17894664607034
95 10.694363934713236
96 24.28144351959232
97 -37.48394410382704
98 15.723338420284495
99 -2.077108645014322
100 -45.73597817524766
101 14.141657577342823
102 -25.929297253663556
103 -18.16409990244193
104 -20.976577954512326
105 -36.03441443309956
106 17.202626707140553
107 -48.54327711124587
108 8.264037745264451
109 -7.760082756143732
110 -25.47454738110558
111 54.47301874535073
112 -46.43011628433051
113 63.31788220319814
114 -36.71299451540929
115 39.714623853893805
116 -43.640296286503094
117 77.20048200080237
118 -25.14607369922975
119 68.64793633253689
120 -8.772336451689911
121 47.78787806445561
122 -13.762421855155152
123 23.77867325441721
124 10.131087562629398
125 4.225116381335457
126 2.739715816854754
127 0.0
