0 0.0
1 -4.263112473093978
2 10.017599269459964
3 -22.518658246461634
4 -2.1878969699002524
5 -39.25692567162617
6 -7.332248688698351
7 -63.9905882472613
8 -11.15726299895677
9 -51.50118818516601
10 -5.234223551890525
11 -63.502258836237246
12 16.87305443405645
13 -65.6108555641532
14 -50.85683689472927
15 52.85466626535506
16 -58.94322145299919
17 2.440783706690281
18 1.9173379190885467
19 -9.229513636476703
20 -7.997011896272389
21 13.396908529910768
22 7.820235612515364
23 33.447839688922436
24 -14.123192177408814
25 42.55787033144588
26 -5.207169691669708
27 69.0836951416519
28 2.7802707122300743
29 20.756017149287267
30 36.453784018861185
31 -48.553082737058205
32 15.206751976963917
33 -69.4857033604411
34 39.331967123354396
35 -28.703434012457365
36 -5.674619690936393
37 5.165869735913293
38 -63.6837249244852
39 55.037520570464906
40 -45.457948630420674
41 35.316725001669624
42 -47.56833148730734
43 32.5968946017307
44 -90.62274543587921
45 9.246178391046655
46 -54.36866389744394
47 -37.522314707942726
48 -13.094712494101964
49 -26.56164948799725
50 -7.276399197199965
51 -39.77879986522176
52 12.971937837872861
53 -68.41703444878439
54 49.12945523794611
55 -81.37790471124885
56 64.64556369355047
57 -7.428329581609599
58 17.779536039138712
59 72.70934955546224
60 -16.0019569411828
61 16.53799429585837
62 38.1672652815744
63 3.9583793131668936
64 10.568470347801853
65 18.314977482915918
66 1.3761944708913736
67 -11.137822177838954
68 26.686402123375387
69 -4.4528557785934035
70 -2.9597269827596424
71 14.505116775136248
72 -10.869650788941296
73 0.5232335568424363
74 -40.11259064197902
75 26.141242488514912
76 -49.97405378009188
77 58.52092913215736
78 -21.391118835308113
79 67.19456953673858
80 -9.378636745460753
81 38.29927011316366
82 -0.584973781846615
83 -35.699917285391514
84 4.19585300123879
85 -13.952983121239683
86 -2.3430853908686133
87 -26.465254299591876
88 4.254134519334367
89 -43.409963015935936
90 43.848234213296124
91 -97.4320582165875
92 47.31427409364107
93 -27.477748849967192
94 -20.69762780661178
95 1.8825075126037325
96 29.58919206474808
97 -25.69439375273174
98 37.992218011200826
99 28.541051650921027
100 -7.815699886043086
101 84.03693067887869
102 -93.22781408258206
103 87.03348710288624
104 -58.8347643131084
105 1.1383672548869026
106 35.80421143776904
107 -74.35203301346263
108 19.52005347583381
109 -17.30996832143359
110 4.579195502163629
111 -41.41451789235432
112 24.23700569683183
113 -54.489933285998525
114 16.762260590246886
115 -8.447868176887107
116 -52.35674891395369
117 70.89252445287887
118 -35.95502920680059
119 77.58349610366933
120 -36.241781773076774
121 65.9735541619766
122 -18.699089354453818
123 48.63278766505352
124 1.3780659682588243
125 14.328721944442062
126 1.0205841832726865
127 0.0
