0 0.0
1 -5.4165405183976425
2 13.722859751233155
3 -10.939030793231389
4 -11.95427778834592
5 0.7909724339372493
6 -31.161668823516234
7 -25.63812077809656
8 6.5991009147737865
9 -35.046055159558854
10 -37.8317051531996
11 29.115445752200557
12 -95.0605675851836
13 19.285205718529514
14 -58.294196394931696
15 21.695215322802035
16 -31.87561095073203
17 -0.02447432680019181
18 33.46112645097376
19 -32.84599593331279
20 53.09817205895197
21 14.78477352573182
22 -12.710439257851773
23 32.07390675979332
24 3.854508372236803
25 30.488149386623533
26 -23.294245258144247
27 36.56967832420854
28 -32.22054178353649
29 -12.648387475995191
30 13.776171045848502
31 -52.54040011733867
32 23.817784270650428
33 -37.725291358895824
34 35.697970962080895
35 -44.82164201769126
36 16.149399121254078
37 -28.977522055004926
38 13.32532964292375
39 -8.1680961730937
40 -37.685447533338156
41 45.8897180613699
42 -60.406923107368904
43 20.447160126245542
44 -19.73161094550778
45 14.208961012836598
46 -7.046972553662342
47 1.7440521860084341
48 -17.160020934955284
49 16.9680060512388
50 6.893393277570329
51 29.232027337339044
52 13.355031382127278
53 37.64192815365016
54 21.872917590375526
55 42.27169841649181
56 -22.40669724132851
57 32.24408003765482
58 -31.98308063380062
59 -16.035696647665425
60 11.429418471051676
61 -48.463676089378524
62 17.549079555946143
63 -70.49653773548067
64 39.11082447853753
65 -38.9408956214452
66 0.4465197529382267
67 -21.418781882405472
68 -15.536887676258532
69 17.602582824221393
70 -18.774694324803345
71 -11.493362882869517
72 12.988112531934425
73 5.256340825835574
74 21.808531073069517
75 3.5664737771013035
76 9.378752018628584
77 -4.655607526237352
78 4.562323162195816
79 34.80003080310641
80 -57.980225544441424
81 28.196727155723043
82 -26.976617427996583
83 4.317102355516077
84 23.897901038361784
85 -26.145480416178092
86 3.831867495656594
87 10.9139111419042
88 -32.241455146253045
89 16.832552782527223
90 27.45358371239831
91 -2.46929550187472
92 -1.9396099624297043
93 18.2860854353612
94 -39.51281298261188
95 -13.272643677071507
96 18.820682401194553
97 -34.38299118440133
98 19.15892513395238
99 -21.503058007957915
100 1.237395851428287
101 -3.9298909935801056
102 -10.573739742432176
103 -1.7370119187946733
104 -26.162685673219038
105 1.4519746910318787
106 -50.8742140287618
107 42.737314113710106
108 -59.2488321220768
109 48.83639178038041
110 -29.543634406843346
111 36.33205172152557
112 -36.172231616940664
113 40.992230353290374
114 26.20523810063657
115 26.556637139016583
116 11.852005763448794
117 -16.02543639280488
118 38.900960003584075
119 -59.171306099727765
120 9.920511132414267
121 -14.521143580390707
122 -11.150143627500448
123 24.014898493022947
124 -6.762007228263201
125 10.441108266685896
126 0.9991321081948703
127 0.0
