0 0.0
1 -5.358007701013985
2 16.52331784074721
3 -37.628586243137796
4 29.516789865168565
5 -50.26373749643508
6 16.59649334603194
7 -48.37321348566917
8 -5.72707753948363
9 -65.51569596352417
10 -49.074381811169836
11 -1.3144916948847625
12 -77.22649292458146
13 44.95392182043807
14 -61.89532426406594
15 4.350131364840145
16 -49.73219814340089
17 -31.632831965768293
18 -39.83888195144436
19 -2.8265897122151755
20 -21.584508169640674
21 23.348421449872017
22 -8.952442994027118
23 14.46555617084707
24 14.334425585234282
25 2.824980723623079
26 4.293151012242428
27 44.47082600785732
28 -21.700200772800507
29 17.757976963026888
30 17.16544456701488
31 -20.74536449746414
32 -0.6305467401019502
33 -1.22026640381064
34 -16.008402975890863
35 -3.5776427149408416
36 5.658648486349735
37 -49.04533051263376
38 -6.350855599619519
39 16.0410815179312
40 7.094131686583183
41 -2.057927770636555
42 25.41048603610959
43 17.464556055683115
44 2.8193104821193486
45 64.48157062496122
46 -23.422423134685317
47 -22.862971531155726
48 26.958828029471103
49 -28.78551486251204
50 8.743600176231801
51 -18.14393819582179
52 6.025277632763253
53 27.688381966183123
54 -53.36006023633984
55 43.99754887483148
56 -61.93197256095615
57 9.405289466990476
58 -57.82604060011034
59 3.8863501971845165
60 -9.145924627186194
61 8.273573727165216
62 46.17060134253669
63 9.470980728574128
64 53.598607970255834
65 -28.909914021511618
66 65.67252406852141
67 -42.45721906331423
68 57.291600162144185
69 -53.99791411427815
70 49.62859107380814
71 -4.466983938531717
72 -37.74073892709754
73 32.294615946004654
74 -46.74388319732938
75 -0.5864469506007813
76 -62.68241977369127
77 -47.54806803998786
78 8.784986264482967
79 -41.326701137541924
80 17.06738119499214
81 -0.195251836734488
82 -2.2859395722832807
83 27.919426550035627
84 15.802623752927065
85 -37.89954791185345
86 -30.869408055973096
87 -27.59162745556992
88 -59.14529083488931
89 27.975427596813486
90 -49.85222707465978
91 50.26335331239148
92 -62.86833871782696
93 44.564307262870926
94 14.905147463222281
95 -44.86245359285865
96 -6.101445972675072
97 -36.49835460353149
98 -1.680582257795045
99 -45.629857189954194
100 42.52065260175505
101 -38.729552215781354
102 69.80205579028853
103 -38.7031911481098
104 28.363630408314535
105 -45.34802606113769
106 46.012304990458524
107 -23.533796364198757
108 -6.260153632485979
109 69.53440150411312
110 -56.726986327662445
111 80.74102163682952
112 -20.03705761688798
113 54.493958880190974
114 6.439800738606764
115 45.43785798836092
116 -4.049559202765963
117 47.19789535036508
118 2.810350563440069
119 53.99503359362503
120 -16.324345476248077
121 70.32516611999813
122 -36.44744791260243
123 50.19117461636224
124 -16.380754918406442
125 15.278131300090104
126 0.6108718752089638
127 0.0
