0 0.0
1 -4.711916052229202
2 11.834799956004266
3 -17.421833445038555
4 11.013602656379065
5 -11.902447132376494
6 -17.920741132248047
7 -19.892651205824073
8 -6.477335231420547
9 48.00295972781476
10 -33.39697654677982
11 26.907896982386404
12 -36.608777182901164
13 27.7163748938253
14 -27.09239469460649
15 26.840929636558805
16 -21.653223267462245
17 90.24995988364681
18 -64.56305686403557
19 50.05081436830812
20 -9.861037442957025
21 -2.871972128291501
22 11.896687986479614
23 1.5760586980897056
24 18.197338894438055
25 -56.43154559528591
26 -16.072384203336647
27 -30.372601956990096
28 -26.82203732732531
29 -7.340478687503858
30 -25.51022246235979
31 -5.782181118085458
32 -28.957517537022625
33 4.469864629338368
34 -4.844196216749736
35 -27.43824161104937
36 21.921223093704757
37 -16.702931002231182
38 27.238734336942734
39 23.0314117801948
40 -7.318604811009382
41 33.61931361843892
42 38.18734888993637
43 -21.839803145303023
44 33.566824187126414
45 -16.993985805012592
46 30.34681164258109
47 31.040706485801387
48 -20.092184504486433
49 11.231543157587737
50 -19.76319757604067
51 -22.297164985590108
52 -49.76991869776415
53 -6.980077892208508
54 -40.950940975665944
55 -0.494328477076005
56 -33.28557981746181
57 -28.21226090887572
58 -15.43350627133747
59 -39.38729527971252
60 -11.46675001523383
61 2.52515110385521
62 -2.2542186933975654
63 13.028404350266209
64 42.59083622982687
65 24.594496003024496
66 19.54889962067242
67 58.322322059057775
68 8.100844351773917
69 38.69602384237856
70 11.57864861165555
71 7.483364380299546
72 -18.298488471666364
73 -35.30027493731878
74 8.983307406815804
75 -25.68542948959832
76 -7.026721634936002
77 -21.91990627333311
78 -42.01708960173808
79 -25.55539420694546
80 -28.55835004198806
81 -37.60682899632435
82 -15.177436014991004
83 -10.119787238737597
84 18.57176853423796
85 4.7416190920951715
86 -9.430668311838337
87 12.302775245207142
88 -34.821730843392345
89 -22.29593371040142
90 -25.934884585241292
91 -48.461343773224435
92 11.284779968236615
93 -13.198476256819811
94 18.947147994050894
95 24.163404240084162
96 2.5716169615068574
97 57.12977215535703
98 30.450009203828795
99 27.230774266247256
100 40.938458722742844
101 7.175166475404041
102 25.177248840457036
103 16.833010753239982
104 -14.966529782667592
105 14.912214003018912
106 2.8069583196209336
107 -16.971116705164356
108 20.71326043925779
109 -38.229227368353676
110 12.738932985181815
111 12.254361287679213
112 -66.80526351948873
113 27.222683246128693
114 -54.01602830662992
115 4.151277812779054
116 -11.76756015743489
117 31.058985909414854
118 -2.914991348775819
119 41.10465830123431
120 -29.656878677683217
121 12.30535434655632
122 -0.18919426126788866
123 7.75409897775493
124 4.236475501272975
125 3.161053241382349
126 0.2526278140229225
127 0.0
