0 0.0
1 -5.044721587694275
2 12.34170217702206
3 -24.49709728504674
4 27.55598803053317
5 -49.466032119080026
6 29.893184166603493
7 -56.13842199089179
8 11.993212826668142
9 -43.86078764092155
10 -30.382424950695853
11 -20.35610160879664
12 -49.439971284640606
13 1.8309576509986054
14 -37.60387360876718
15 42.20195665858046
16 -48.26511399965292
17 62.38099464770735
18 -39.83447849507612
19 49.75412380526386
20 2.0265759444773224
21 -25.45546039956888
22 28.544965824762183
23 0.4513064784387818
24 12.663340213500492
25 2.094451557676222
26 -16.370089410033863
27 24.55140406611313
28 -26.478143324189244
29 -23.21379645069226
30 11.567425857541055
31 -23.487478891805637
32 18.654874977191486
33 17.518111776458944
34 -22.860519401396864
35 67.11511131835597
36 39.20933042963074
37 13.60908937780595
38 13.611871440555806
39 12.721302670104755
40 -36.73515240325586
41 30.321741444210275
42 -14.520528530643363
43 -4.096745460723362
44 11.357729799580603
45 -27.529754730442093
46 6.502091901727058
47 -39.193951221439356
48 -10.975689810693126
49 -40.30918586510906
50 -61.60602373738972
51 -13.71309064552764
52 -29.80900579856876
53 -7.0485538482002275
54 -6.365725941047982
55 -27.660421527699626
56 11.993438922158916
57 -22.823390807613332
58 7.720275715717767
59 2.050895168893553
60 16.078838860980053
61 16.089210376908227
62 -52.63146267009126
63 31.49712409009229
64 -8.756710925262707
65 -10.825818496541352
66 16.516487977911854
67 -11.922708195223306
68 -3.3941335439504243
69 13.15520406543508
70 -27.79847954427503
71 14.788329594772362
72 -22.11156072472518
73 1.9454507201393254
74 32.390718514559744
75 -88.45793195884401
76 74.48690868102838
77 1.30937306166536
78 -5.933782795514134
79 51.7802323364758
80 -11.350432295356052
81 -11.85883466347479
82 25.731168183730027
83 14.024490092825245
84 2.1078841944886477
85 6.949480666294769
86 13.98560620785302
87 -79.3399006647298
88 18.304260251896213
89 -30.372081153770576
90 -43.312329871006845
91 -14.027926041168328
92 3.8718675008490595
93 0.5851688876330181
94 -26.74731709296695
95 49.404813238287005
96 -41.5451501896722
97 8.66236734147501
98 -35.93720558667727
99 13.518532485411457
100 -13.99199542399519
101 -3.431572552704855
102 -24.63270504777545
103 10.234853358296016
104 -42.56374875476694
105 6.460894455770739
106 27.040396998453133
107 -31.332347511777662
108 67.92849407383838
109 -24.525882849186207
110 82.32557210244126
111 -32.76892344297058
112 4.179268351696008
113 -14.683653858537413
114 -39.182953527376156
115 1.224915126117631
116 -43.47703832930624
117 16.55364320896523
118 -28.974908035053637
119 69.28661237748629
120 -1.453356866112864
121 72.58560256561641
122 -41.59601544232399
123 64.69122146092131
124 -16.856864993030026
125 16.036031606163554
126 0.18506600240239363
127 0.0
