0 0.0
1 -3.791213999241472
2 10.627281142883641
3 -29.705386253847642
4 37.139532944555405
5 -59.792848993351775
6 10.869816536803686
7 -52.45184551245189
8 4.797176989335989
9 -4.889383758317741
10 11.011417468554052
11 3.6010087907649204
12 -6.227639553798614
13 22.053971142705095
14 -37.234328758103885
15 48.58385439380851
16 -47.348394429674705
17 36.70912007611515
18 -5.987322398880992
19 2.656432801729729
20 37.55150386519915
21 -34.39937417245893
22 3.9650759324477125
23 -20.748347534918754
24 -62.391191332636375
25 25.721942799191115
26 -44.44325011176252
27 7.106893539574242
28 -29.716338217045344
29 -54.06266977839077
30 -9.771378244892002
31 -59.049204450448855
32 -36.593841184969136
33 19.72715479598385
34 -42.0838438624607
35 -9.883813120149892
36 -48.91080373717665
37 38.23677744296887
38 -15.188205842977796
39 -3.162133521237397
40 41.24621843774585
41 -20.634134014220095
42 29.325397113122296
43 16.580490539672684
44 10.177154584430339
45 27.808579598266277
46 34.858817408539636
47 3.3035069463989566
48 51.39140815602568
49 -13.047662705441168
50 46.79171445720357
51 -23.839986370237554
52 -10.141887541604984
53 0.7800265831587687
54 9.89541696011829
55 -11.361733164569069
56 -19.249592637818417
57 12.279147703113843
58 9.32259072850405
59 -0.30610068399572005
60 55.79244609517658
61 -13.961921514500071
62 15.335078941622148
63 2.144761207154708
64 -3.526118340659579
65 12.959313942292885
66 -0.1625200712687814
67 10.413569543487208
68 -22.22301741873399
69 -16.507310750073582
70 2.90472079872279
71 -18.501900196599262
72 -56.87644749101993
73 21.54303168896414
74 -78.93281649277573
75 39.20419885198614
76 -24.40204030142349
77 32.11453145784108
78 7.9901651003757195
79 -5.087301252209762
80 33.94007526221707
81 8.560357331099633
82 -13.190219991593233
83 29.133490895620522
84 -16.697909914918622
85 19.18266401116494
86 1.0949661576175287
87 -43.77678677063863
88 17.77379165006808
89 -31.455882419468782
90 -10.564205012395176
91 21.40051543890973
92 -66.31418186944572
93 28.08475506438446
94 0.15859926529502535
95 -52.56000743359804
96 1.0648833053017845
97 -39.18045113522268
98 40.329010663808084
99 -46.83514955199951
100 25.827638845993157
101 14.324979061327518
102 -1.8127354199160897
103 0.34925754670162235
104 0.6747144850360155
105 -31.977412955096995
106 33.486059945904486
107 -39.582281963692346
108 -16.55222745476006
109 28.85594136073622
110 -48.36375274702685
111 23.132090856381588
112 -5.978385609954788
113 8.23344225397583
114 23.69071282577613
115 54.92656331186496
116 -23.767970214355625
117 63.89634696535224
118 -38.480192041392854
119 44.993585315558555
120 -15.703242614478107
121 26.88079705505012
122 -1.7836041215957652
123 22.305411425487307
124 -8.265259196104587
125 14.864190596026143
126 -1.8455114300200806
127 0.0
