0 0.0
1 -4.760079928634537
2 12.95921578063931
3 -12.348902497139527
4 5.183833457910032
5 -13.395392020551636
6 -23.470374223032064
7 -3.757721874768777
8 -42.10797165802139
9 -11.335159184542396
10 -43.84433517641418
11 55.87519076734302
12 -39.10245523073237
13 33.8469091600146
14 -46.321335469070185
15 17.294157677255622
16 -18.21482296417794
17 8.988487636099293
18 -15.213221154522707
19 -13.625462806392745
20 -1.5196465751860955
21 -61.41670288448761
22 27.09032153078049
23 -55.03214093677226
24 65.88930105511044
25 -50.09596377079843
26 18.821832693899914
27 -21.64451866996936
28 -14.904297687923616
29 25.34716049803397
30 0.8229002863240926
31 -6.896424560733106
32 -45.92754962743356
33 -30.911143201821208
34 -22.11533431244931
35 12.436187708297183
36 -55.45184382510638
37 53.40002889938949
38 -53.68191455526376
39 1.5709743517050003
40 -6.335571012308689
41 -79.87090164258495
42 91.74046949656926
43 -108.21556051180666
44 102.98754068006488
45 -48.633100965351495
46 53.11708916276748
47 3.4926599248729104
48 -27.43216761913035
49 63.962499790203076
50 -50.88232773280255
51 53.215147518331555
52 -44.30863640154894
53 57.46517459062119
54 -34.56205487213717
55 -11.659742215995484
56 41.53302020245715
57 -12.237180349356807
58 9.517190885988745
59 -0.25341775885681334
60 -28.488563582591922
61 25.25226882056614
62 1.8277848014572817
63 27.288244147473023
64 -58.14089959821792
65 56.16615251291556
66 -28.036258532284943
67 13.835845068930071
68 -40.649488805880615
69 35.96417931899941
70 -45.9361654227289
71 7.167634939964158
72 17.83387162852843
73 -71.09794221345206
74 86.43661000778329
75 -37.35367167615083
76 50.999318160624455
77 -18.488908696383508
78 -6.131215485469794
79 19.094405125578973
80 -32.78317134030721
81 -3.8519981373465755
82 12.95839993098576
83 -37.90576246593974
84 11.161290127560417
85 14.337072365139747
86 16.33085377612429
87 10.16972536911852
88 25.533850000328112
89 26.985731937007536
90 27.0763289637794
91 49.46892762372007
92 -17.74665331680835
93 49.854273242365956
94 -28.929564867005645
95 19.769118222310684
96 -10.684415117344013
97 -3.976403415518708
98 -71.11196113722073
99 15.558076224058208
100 -20.781957256080332
101 -86.03926777358214
102 80.06982211227023
103 -101.42199603005872
104 76.5059566770476
105 -81.97113168558863
106 30.60365371691974
107 -21.078123786353327
108 -4.0082424334892
109 18.917354748998708
110 -29.036316280565778
111 43.44339136566912
112 -42.11905619277873
113 -14.287516738465497
114 -40.88507051272371
115 11.932795018945603
116 -89.55169811561031
117 62.1508657555517
118 -26.90559118479234
119 27.163112105974697
120 -33.47049751177117
121 51.71021289332389
122 -30.446340584546846
123 27.478125898481625
124 0.5899981968443485
125 13.092766334257027
126 1.2284793406469272
127 0.0
