0 0.0
1 -3.5734763854834646
2 10.988440918134224
3 -18.647562153262793
4 11.731262034676886
5 -37.81971700900214
6 12.12500343480169
7 -26.697958265786543
8 -47.095606839429315
9 -39.05837551644302
10 -34.137364701498264
11 -24.808660221826152
12 -44.7424263859017
13 -9.518273036914442
14 -59.85391686434587
15 0.3057398796575382
16 -47.31776749797095
17 11.855474391134456
18 -53.32123776453711
19 21.119650907087003
20 -45.16361410294287
21 -6.559844982604188
22 21.553377545357616
23 -13.259366057198934
24 43.95367340348458
25 -39.55897834904692
26 67.80193208705963
27 -42.59357773734847
28 27.250077603173896
29 4.582075921392684
30 -30.12854164907983
31 6.921130579516662
32 -44.217287012273516
33 31.518310671291964
34 -26.000245338832702
35 19.552726246508875
36 -16.53232458343381
37 2.756398851831636
38 -19.351844095476242
39 5.1846517600685145
40 -30.13952257092698
41 6.446771632414462
42 3.823206393429772
43 -24.11826181644301
44 36.60612282209274
45 -10.552850796913456
46 -29.880738816161113
47 8.91444110493844
48 -5.545016488849241
49 41.13862228912669
50 -15.105201068643781
51 -29.634152799957675
52 51.81928281944728
53 2.3174948523283017
54 -10.502125731395347
55 0.451938124609491
56 40.95019039728768
57 -38.94040034219119
58 27.752148135220672
59 -30.58684001108774
60 -15.647215366585254
61 2.4735554235937633
62 -34.26064289025744
63 -23.86876317487917
64 -14.665564886693492
65 -17.527856715437846
66 -5.793755203328089
67 -33.19343161501235
68 -2.735152993301303
69 -44.33745122532984
70 -5.378780997139852
71 23.690368429606554
72 -31.63585042183029
73 6.98436955826455
74 12.940853287810507
75 -4.385837553844825
76 9.54936544476584
77 76.37693331972504
78 -20.7954903651867
79 37.65024438552383
80 23.810656320669764
81 9.6161195437987
82 40.393560770332634
83 28.02828579166668
84 13.08074725115593
85 10.479922000239293
86 0.0992024627000492
87 -6.11436239763003
88 0.5602143774339532
89 5.387593661454393
90 16.627750103039038
91 6.086487873254758
92 -0.7628705627057087
93 3.6995646783476426
94 -34.985330750165986
95 4.926513523372417
96 -19.14471612744956
97 11.458705568571736
98 -19.686948801232695
99 9.78967128673255
100 11.01921006254814
101 -35.688304209308974
102 12.711046075367337
103 -51.33570327049232
104 54.54674551092408
105 -42.62347615845326
106 4.926703580569815
107 -9.905356775216875
108 7.940399561335335
109 -7.887590725688575
110 15.983296945665135
111 -25.798160501540917
112 -0.11621909876177483
113 30.681173796786894
114 -45.34179116253683
115 31.67893751244467
116 -3.997948575258831
117 11.52486565366244
118 -28.578815273542236
119 48.85045569538404
120 -33.078697337422625
121 46.80834856954332
122 -6.079196296704516
123 35.555312893980584
124 -12.15522313419278
125 16.54707613052016
126 -0.04430765280536339
127 0.0
