0 0.0
1 -5.05505480816151
2 19.190681513719618
3 -27.36715944668845
4 30.068507890175344
5 -33.49603310405463
6 16.54534174764419
7 -1.9593168237557839
8 -44.42877132582185
9 50.6875972946734
10 -74.06690822015078
11 65.64077038977555
12 -96.88177328871906
13 10.498329623570076
14 -66.84091217302083
15 -20.959426863833418
16 -46.634298705327446
17 11.28508669789923
18 -50.478490849772825
19 18.674876143052945
20 -33.376035709209724
21 -0.6286105520978624
22 -1.1724490686379831
23 38.36677062870337
24 -9.452501839023395
25 -11.699947287235261
26 23.367370223397995
27 -73.76072598678692
28 63.93950839228115
29 -37.595125183582674
30 32.587871592670446
31 4.7465170415631865
32 -1.6540741261692105
33 5.289791640404173
34 -25.15921549886288
35 1.6155108880987883
36 -2.2853399323944186
37 -5.113645191832364
38 -61.99443597844257
39 -5.718193274225587
40 -75.96872955775709
41 19.227304123599573
42 -44.989523195634355
43 -42.029456210609936
44 18.62806152828758
45 -10.943991063654098
46 -11.698372411883465
47 35.0471386144456
48 12.992470495658347
49 30.788957285322212
50 16.899638670947343
51 46.01424184320833
52 11.834989597062544
53 14.89442412962699
54 -19.832069370940832
55 15.061215094508622
56 -13.023958733429064
57 -47.60695331462588
58 44.39603254958154
59 -58.14407191938541
60 28.35831376365491
61 -29.772750647172483
62 16.603550946160848
63 -31.907602074534662
64 4.303358458617866
65 -30.668036546984414
66 34.05567081003938
67 -9.152292817651082
68 33.47967192652392
69 -11.866999679083815
70 42.99391995728558
71 -13.84359284477855
72 -60.02174296522715
73 67.75416476705023
74 -82.71013583710497
75 92.86556063594278
76 -17.819532665936737
77 6.235547413515033
78 50.56926779257615
79 -11.117880843205226
80 59.97302434159217
81 -31.596573279225016
82 49.663820133090866
83 40.65531886944534
84 -67.22066433937906
85 51.0014330370707
86 -81.47722254970557
87 32.401799153859514
88 -50.107233061143
89 9.065038759472543
90 -11.019461335177368
91 -26.654313279075208
92 50.489425073251226
93 -60.056210318574735
94 80.25339016178135
95 -79.11161387265479
96 28.95174859539805
97 -39.87281312568677
98 -4.834913890779882
99 -12.6056524977744
100 -42.5770847257153
101 69.67557442559468
102 -76.35653378142234
103 14.620489914953156
104 -3.4955688651058585
105 -30.885916175208465
106 61.79305199115556
107 -57.159008482683454
108 56.981640982487164
109 -32.718711086574764
110 4.589400553402234
111 8.294926926302113
112 -31.646416856657375
113 33.30107304639153
114 -63.51155566717235
115 82.3386552595086
116 -125.85228685365516
117 65.17096135668741
118 -106.17259878701421
119 52.40802807229062
120 -49.32239952513918
121 34.00182212681032
122 -5.37721445899911
123 27.079771392877795
124 1.4856386001732529
125 8.903269492812045
126 2.7559983067954206
127 0.0
