0 0.0
1 -4.349653962494317
2 12.992699163268856
3 -18.270974541223694
4 29.57183942430816
5 -41.63239339903255
6 35.58749079472611
7 -59.152391655043864
8 49.277884453742494
9 -50.0061647767735
10 22.135607569548966
11 -4.435429896776558
12 -47.06004976986572
13 36.28802334729425
14 -75.94662599679327
15 46.606341059674946
16 -93.48620574396371
17 -3.9440075434311024
18 -66.62858535924077
19 9.690448773159435
20 -12.568144615782998
21 -20.730360879183596
22 10.969225972653922
23 28.476178777787162
24 -19.12128286258836
25 3.4182526967764666
26 -0.6453450186783397
27 18.308708648701682
28 8.484085295331726
29 2.4329491667499656
30 27.849195265014647
31 -22.268783519558042
32 -30.486579476180122
33 -30.419393600357818
34 -22.624226661383343
35 -16.978875086149696
36 9.41439024878878
37 -42.585666025405345
38 -20.927455357096584
39 -7.5435562098738504
40 -16.889447582171613
41 11.044007542215665
42 4.916961354277761
43 -25.62561821250075
44 -6.009495136600216
45 0.48728525790827065
46 -14.190315483281825
47 26.411935634998457
48 -22.158060077418543
49 29.8184301910757
50 6.260737684458599
51 35.32967593928474
52 4.322441911518337
53 7.087100858756217
54 6.686508661081373
55 12.53222390823345
56 -7.2424783575899925
57 25.828518800252834
58 20.578947187979132
59 -17.822781386123165
60 54.20209608042783
61 12.986526682913778
62 41.055794410309936
63 41.88498620108721
64 -5.256148369093941
65 0.01843842532608198
66 40.21213113428777
67 14.007031667254946
68 -21.86473961160743
69 49.85444068786964
70 -45.84507577439447
71 17.677757851313082
72 -23.631342445494592
73 -7.435129669669741
74 31.803719157811333
75 -38.26989448104287
76 6.482047148750555
77 -11.328559346038185
78 -5.311640566275417
79 -41.665843961326125
80 70.97898784014136
81 -35.72365056845834
82 -29.06526790911684
83 7.96468077530507
84 -73.22872387125898
85 29.348609728786013
86 -15.853006773885003
87 9.063541761914182
88 -10.450836414802556
89 -20.496881740223177
90 10.686778153588705
91 -53.6809418936996
92 32.423484318195904
93 -40.32042601061307
94 20.74322600718824
95 -29.95584017345748
96 -26.40890844690641
97 -7.117190527892621
98 -17.127408713347627
99 31.722225983059122
100 -14.212265266722993
101 26.19233974735478
102 -75.66141451933483
103 35.255684260926735
104 -103.79080927402899
105 40.96367828081345
106 -69.99244880162291
107 -17.73490447539796
108 30.768800470336597
109 -84.56232897508367
110 36.55372301782166
111 -32.75437115354327
112 30.06015599207745
113 -17.805746480699657
114 31.15698154793701
115 0.5702712613861712
116 2.304899983831442
117 42.0398616780475
118 -26.079170253697384
119 52.23142449013256
120 -12.745159511331508
121 57.789642443313035
122 -16.621306304035343
123 31.18202230615957
124 -0.9019454492446253
125 13.759376739546736
126 -1.2283444026583397
127 0.0
