0 0.0
1 -4.759083181464307
2 9.245979221224886
3 -17.461863931829583
4 10.221332206533587
5 -2.0396160322277064
6 -14.158998304079496
7 -2.7578657918542957
8 -55.340940427582936
9 -21.45695007982336
10 -41.450724957055705
11 1.300138351610091
12 -73.16813118438947
13 18.988067248459043
14 -42.7248823473412
15 11.090075234969303
16 -10.414246847145233
17 8.582561703746093
18 11.882262212615073
19 24.605662335864533
20 58.34392005220816
21 6.9855135456384625
22 38.49484015151094
23 33.09358147950188
24 15.907314257806362
25 3.2245171107961914
26 68.22691694775347
27 -31.721447023134473
28 39.96434427387597
29 -21.619375682944387
30 -26.040662544973337
31 19.817858951898813
32 -23.581869613938903
33 -2.738221852027452
34 8.412549913691203
35 -28.793876153266044
36 -10.36826143275837
37 -1.964696702686895
38 -24.903477436185185
39 11.322648902928929
40 -26.394811244485837
41 24.090097573249796
42 -51.050422986630146
43 26.04544078517753
44 -51.27068871058398
45 16.25327512225396
46 19.19266277245671
47 -22.82482816210115
48 17.393939735346816
49 8.384549354743045
50 22.66093345577077
51 -3.0217636714129403
52 0.41772490143027047
53 -34.47430715123986
54 7.568432596212084
55 -31.482221405048456
56 -47.65046064326706
57 3.4451410950277754
58 -22.899845123679523
59 -29.390109925589947
60 17.076392176033597
61 -35.902832669362446
62 1.0634669127908702
63 12.398365696992133
64 -38.351432794166456
65 45.21853878488347
66 -32.87237408010064
67 17.554234589778865
68 23.904996182412738
69 -22.063931809181234
70 73.57001566393573
71 -20.628478308098398
72 23.110946453603088
73 38.33396057217795
74 10.974368365801059
75 32.517229910323536
76 15.46338657079648
77 34.63811058212506
78 -34.22851578593795
79 17.90476419140219
80 -39.648987386204865
81 19.424600549723493
82 14.048540008862405
83 -30.684415432602272
84 51.614492956856196
85 -99.69070865367334
86 56.2561209334796
87 -61.61183453236038
88 2.0758798739277213
89 -1.140747081423164
90 -54.9451253999914
91 6.643763622367762
92 -51.10950487715951
93 -27.05646406487083
94 -63.87915716893302
95 -1.5920503899633012
96 -73.18139265512166
97 -19.856613380245744
98 -43.61212105706682
99 -7.65491072706466
100 -29.224113301700722
101 -7.0046843226706414
102 1.2312778343046815
103 31.911672355628696
104 20.90552392853054
105 13.786800339837958
106 -13.87411206651648
107 31.798706360966932
108 -14.54599208050141
109 -12.762286561498193
110 57.38657125583979
111 -9.909808476041501
112 1.3537945461220662
113 54.5348057904537
114 -52.58556382426542
115 42.873316147698084
116 3.1110870764548952
117 17.922852701564683
118 -10.728632084958646
119 30.44160273175378
120 -8.582076428228811
121 12.75673538421012
122 8.13271367082969
123 10.422637854757571
124 7.050366309405304
125 8.064428692440448
126 0.6996619975642133
127 0.0
