0 0.0
1 -5.535770020471885
2 16.41687719982876
3 -11.400298912287402
4 -0.9454107981936579
5 -1.5858655064392337
6 -17.125524661456037
7 -28.99955853001729
8 -61.62191354101735
9 -51.947889920905446
10 -30.5792598576799
11 -76.33041596896754
12 14.91845847986804
13 -65.37043821650346
14 -9.777987461180542
15 -69.3268208394939
16 1.8411229754861493
17 -27.38692154448868
18 -74.04729984982563
19 63.18215112005079
20 -100.81310495855045
21 53.440419131944005
22 -54.25810940282059
23 61.225716554177296
24 -21.222905738446624
25 45.11324486081007
26 -3.4973975677694447
27 28.754686087845283
28 14.219285068346966
29 21.125304368536153
30 82.55428151252453
31 -13.140717538517016
32 100.819636008841
33 -11.51023718942343
34 69.68371015885194
35 -8.712281742801038
36 51.46770019780583
37 -5.032602072923371
38 -5.070758059652534
39 4.896188959611315
40 -17.82341489278098
41 -12.191393508216237
42 -27.832235055974746
43 -35.64233833336051
44 -29.69030228298005
45 -8.149803254735785
46 -24.232684845764254
47 28.019852677729347
48 -0.45308949954990185
49 -12.562565770736681
50 15.695482280379593
51 -8.478815846965153
52 -16.96499153038523
53 -3.7054061373292906
54 -51.26580069593811
55 -26.598509244717736
56 -66.93298476840646
57 23.347746284472898
58 -88.33384588192415
59 21.925360353185408
60 -37.834049074672514
61 -23.490103253709318
62 28.51272944743451
63 -71.58539313920197
64 21.822418098288928
65 -7.400503487509204
66 9.435536137075905
67 4.589608185421774
68 39.1204431115313
69 21.40849988846898
70 16.49888215076913
71 46.95226808059965
72 -17.09091973552903
73 15.66561013254182
74 34.020877452401024
75 -14.03228442416009
76 48.984052725430985
77 -34.37366580715927
78 25.35892760731712
79 -24.258733651301302
80 -16.80939615574497
81 36.25655961877005
82 -57.25497200727764
83 49.56497684098869
84 -34.35089617288302
85 16.80505445088906
86 -18.4402253022733
87 -44.448193149310235
88 21.01899336476077
89 -21.575993917444055
90 22.962582172482083
91 11.679440080763797
92 1.3919028710290204
93 5.12222481391699
94 35.259112290729675
95 -36.566754165225134
96 40.346705129425345
97 10.28558579614049
98 28.717820711207853
99 33.31637223325951
100 36.02855235247381
101 6.784030923931453
102 -15.887954573804253
103 28.420327559321002
104 -60.241335739936595
105 -4.174392695663358
106 -41.13822343537484
107 -4.961678029504756
108 -23.483595028486885
109 -39.53524744493337
110 13.129140377137604
111 -55.81934092129004
112 -0.17235745434356636
113 -18.58813057226254
114 13.565953583336047
115 -12.096726615579898
116 18.792518790539802
117 38.43953224940254
118 -43.21818117016939
119 100.79854857289325
120 -59.05128289432402
121 59.46056110904711
122 -42.5737545399618
123 42.301405884614304
124 -11.464593064811892
125 13.526894394970256
126 0.4850948103130381
127 0.0
