0 0.0
1 -4.6978197345487445
2 13.381280222130947
3 -9.842646249186844
4 -5.524734103307344
5 0.6937500570370345
6 0.4894524742152561
7 -23.373318994789212
8 -4.487712321303343
9 -38.64445329983419
10 -0.3415326545946301
11 -81.6237646023558
12 -18.281502271399876
13 -40.21392525874083
14 -35.142701715071084
15 19.460206217241478
16 -20.65977625627178
17 -35.73947126366266
18 -7.42649463929848
19 -63.571846726845145
20 -24.05134058779621
21 31.439037565671192
22 -30.80316775793015
23 83.37386813919703
24 -37.603862776236994
25 53.33972876619864
26 9.044976268463957
27 -8.393243475192158
28 22.65626356871861
29 18.100783252893475
30 2.697400011203123
31 -0.2897453131923223
32 21.214160605879602
33 -13.942243258794443
34 -4.008211439109894
35 5.52715274612173
36 -35.381781230991905
37 0.529479528337299
38 -30.21630828824415
39 10.895726981933928
40 -34.07756177020057
41 50.46917981233697
42 -42.3270194628808
43 -15.116266994087551
44 35.68533741349419
45 -41.14935301877638
46 55.19943800186284
47 -15.081123607433314
48 -3.7774124225683314
49 -23.32679928839656
50 16.196261891617137
51 -6.482870628934166
52 -5.1917451317911025
53 -1.8764885497764359
54 -7.530867106699266
55 -31.630464251577536
56 -4.43202193541264
57 -10.175000723265788
58 -61.915901283923674
59 57.46521005668524
60 -15.272815181291683
61 4.427398815872437
62 -8.68932077908252
63 -17.106298153692958
64 48.03206792135071
65 -25.817439922963118
66 74.84955530549612
67 -45.498865027814794
68 45.86600576676241
69 -24.430056364807736
70 -12.716777793246896
71 4.458177705278486
72 -19.603316583513305
73 46.13271595217135
74 -59.59247286470687
75 29.65488408793145
76 -58.88110559154172
77 38.131650907173366
78 18.245752491488286
79 -3.6958238379599875
80 64.09289113662027
81 -25.087722456988683
82 -0.688462973314328
83 -10.691091475975712
84 -2.6382916747307044
85 -38.66251586172653
86 22.853986772107167
87 20.47756811602076
88 -39.94408179889838
89 55.52882034033127
90 -9.56260584255283
91 53.13601392469159
92 10.92149440695095
93 10.082693984947692
94 70.22860534818062
95 -2.3364798599843883
96 31.23416255784678
97 6.908680797896087
98 8.901571227220144
99 6.354215125999179
100 26.71769147867411
101 -49.226664018021886
102 -9.171371249818945
103 -31.541708187381907
104 12.09555054008616
105 -38.88599988131484
106 15.204168284792381
107 -8.99587388311515
108 -26.631111226345805
109 71.42080730744955
110 -72.3880990688591
111 68.16625920828822
112 -21.91681056376445
113 -7.86892076229016
114 9.141555126558467
115 -5.022371368573812
116 -98.89349306975534
117 46.68402996271914
118 -113.8745375955451
119 24.288187356910857
120 -44.48873519920625
121 23.470881261982765
122 -7.087725737946392
123 12.641477559571971
124 1.919105524562701
125 8.60191431497746
126 0.7258880736876107
127 0.0
