0 0.0
1 -4.609559791259839
2 16.114869165666033
3 -22.605757418742517
4 2.8878391867238875
5 -28.734469136136173
6 -42.887689406129375
7 -20.249809440676493
8 -99.88085054377899
9 30.235525706515155
10 -59.53122350622641
11 -28.866137691067678
12 -56.42135559983231
13 -0.9650299113218991
14 -81.0589563693687
15 5.728196148551681
16 -13.891856982867548
17 -2.9432971281747964
18 -19.265279305554117
19 -5.054863231137194
20 -24.342432346310574
21 -47.1608479686391
22 38.957458989488764
23 -62.532463556629224
24 9.725992545178684
25 -7.409781879070934
26 -0.9704232353018526
27 17.708468083116486
28 21.118308317925056
29 39.26378334672461
30 -10.192215315346994
31 53.371775792508366
32 22.25672105996419
33 -0.14037017058804688
34 27.42254345338747
35 -3.2232015643897776
36 55.23201478008488
37 9.068491430220634
38 19.74466960763821
39 1.6934707990644486
40 14.178524382595818
41 -16.13536480372583
42 -36.69198914938771
43 53.003452500851466
44 -19.6680493887062
45 23.370504452421176
46 -31.33523230541451
47 23.508455775155557
48 -31.089612298611165
49 -3.639277048100013
50 -47.07239168249078
51 -4.039421759468727
52 -53.77790124148174
53 26.797623949314634
54 -57.367822165805066
55 -4.401096301965785
56 7.56079703867324
57 -43.08125005219616
58 29.30696837230892
59 -56.19577845650824
60 9.197729334406848
61 -14.69488178183561
62 -17.862806887823087
63 1.9364954729755082
64 30.629687240852064
65 -12.798062019853868
66 51.42031869354903
67 -22.49217668885326
68 41.37457311843644
69 4.236145812840135
70 48.702220945951254
71 37.69944360306319
72 26.5068532580406
73 28.08798349654182
74 18.722076719278984
75 -18.695864864643248
76 17.994894092546364
77 -6.671065227159986
78 -0.5700883098092131
79 -12.17228583258316
80 2.752650418207882
81 -8.994187526346382
82 -3.6567402904563693
83 38.145982556899575
84 -57.069247999077376
85 49.27131504521886
86 -62.72089357071829
87 33.16779102895836
88 -26.402340710735597
89 -3.920102033475428
90 35.35421556157245
91 -17.562647379282158
92 -40.29585342680051
93 28.84265232767285
94 -12.745037872579728
95 -31.899521790690446
96 39.38831248669001
97 -0.13830372125142268
98 25.941141321653948
99 -24.94131709673121
100 19.24474273526265
101 -53.08244501370921
102 -6.386932113227681
103 -18.764060190871657
104 -22.736740262182245
105 8.781626599265907
106 -37.43396522390668
107 12.411390727555542
108 -13.83402252832191
109 21.494888299334665
110 23.06630076674869
111 -29.63144343660835
112 25.00131989367356
113 8.318095482784063
114 -9.942104151800628
115 36.975701241123026
116 -59.717893398017026
117 31.9141074698806
118 -32.52052002178643
119 -22.952958362191424
120 -9.065697969744559
121 37.63457635265507
122 -30.85245749185563
123 44.45130779620136
124 -4.148863905413675
125 9.633546138170264
126 1.8411811732663785
127 0.0
