0 0.0
1 -4.5723883608529485
2 10.498040500498185
3 -18.116518273386987
4 6.377053666904297
5 -32.98481618822965
6 16.158353737511796
7 -77.08050574434442
8 27.92710514137241
9 -55.06178460172539
10 -22.932114817679984
11 -4.794653238275161
12 -26.412520090336223
13 10.868963586058213
14 4.400463553732431
15 22.879245403906786
16 -10.363415971546436
17 69.9830559004592
18 -39.20172602176532
19 56.13241929461498
20 -29.401245570020688
21 0.1999600866921518
22 12.973499878731163
23 1.6951990541202828
24 17.464140124156877
25 -13.384403384868673
26 18.277056835007123
27 -18.95315735576952
28 16.177044810736106
29 -15.093132055066043
30 21.595969594733177
31 -5.137466237138508
32 -41.39168394865952
33 17.554530177518465
34 -19.917989322601155
35 1.5290228460200066
36 -13.732123263536796
37 21.02302969777044
38 -35.02099305734897
39 12.399706949957498
40 -14.241830323874597
41 -14.757461107255157
42 46.80862144521263
43 -21.702439736738135
44 58.27219734323455
45 -48.14876265347158
46 38.96107237206392
47 -39.34176989284093
48 32.82974260920932
49 -42.28649332777565
50 28.018692021680803
51 22.577154515983256
52 -22.55073563540616
53 66.70283896092026
54 -53.863902505893805
55 28.666812998541804
56 -27.450233218888858
57 26.779163963466637
58 -50.15068675739591
59 27.853973316947133
60 -2.7387096817150387
61 -3.422905992315484
62 -11.28592513292778
63 -5.971981606798293
64 -13.856417954880234
65 -7.957936317524957
66 -10.100435312092635
67 -12.721618975310943
68 -15.722959121153803
69 2.0359430372138863
70 -4.408237186354531
71 -16.2267026411052
72 -33.76035672747615
73 31.197413578269845
74 -14.026496569896494
75 26.77354700023826
76 -16.79975907799898
77 5.230052854872699
78 -0.26957956079053247
79 -60.88358486518633
80 42.131256883067216
81 -99.45924728999307
82 42.49666882332846
83 -40.837642297070666
84 20.55519409222152
85 0.7817947421184673
86 24.875797675469997
87 -7.763645600036168
88 -7.803667517391605
89 11.34945956790029
90 -59.266387429621325
91 46.727185364936346
92 -89.97056204218596
93 21.689021176430803
94 15.488012515056834
95 0.7709741161531682
96 -5.347595226650556
97 -7.346636630240626
98 19.962260319888596
99 -34.86813043014227
100 64.66465520359522
101 -5.371187756672578
102 11.88234376115953
103 -14.989455974834543
104 26.39725093530983
105 27.612979011047035
106 -4.180405381130903
107 48.70124152493815
108 24.490341088294635
109 -22.36653373366703
110 20.36524945566917
111 -41.30037500348583
112 13.82953177350675
113 0.561072669836675
114 -62.11802890766348
115 76.92882030612004
116 -57.32129991691883
117 25.396299521465867
118 -33.042822908397376
119 64.04127827851872
120 -57.71676533805881
121 60.07251740539881
122 -13.152417533263776
123 24.216522373384482
124 -9.678571894485925
125 10.173036160263681
126 -0.99876324068916
127 0.0
