0 0.0
1 -4.503783278214345
2 15.242206041557028
3 -32.43208102592871
4 28.005558373908368
5 -42.72949343750066
6 26.49347505816667
7 -66.56133007476474
8 -0.0569900935532285
9 -18.70238776112237
10 -14.080571103356615
11 -2.9479996667611457
12 -27.741521731912687
13 7.098298537495869
14 -51.09779364302532
15 26.28269780714849
16 -31.232642603551973
17 38.60251395509534
18 -3.1191200930555407
19 49.64246983428864
20 -29.92159281805386
21 77.68789042225016
22 -52.24307149769631
23 -6.316719565828102
24 -5.052095779846921
25 -44.146287450456796
26 33.42775635962188
27 -38.30651287966076
28 -13.737614253402306
29 -52.35447856103217
30 12.622678709109605
31 -42.26359166354364
32 -4.79436170482808
33 -11.910873646053844
34 -46.26716028744341
35 -5.468052140994061
36 -30.05287542598366
37 -7.631989034863629
38 -15.45471482985866
39 -20.168663618308816
40 -19.981833591374727
41 11.227014522219743
42 -42.54684428378821
43 29.31561485719442
44 -17.144332637441735
45 40.91201724587351
46 -19.94247541937377
47 24.036213823940386
48 46.080525977626145
49 -12.879783205497297
50 -1.2397063044771555
51 -16.63436446545863
52 21.380292474886957
53 -37.94726199964856
54 27.67494370949789
55 -11.640100782890984
56 27.621039658757713
57 16.317524845169178
58 29.723430867976074
59 10.505713482674487
60 54.515197009237106
61 -17.416399487880785
62 11.049445048334183
63 10.585366798422491
64 -37.18942393348266
65 45.87911516295187
66 -53.115939177717216
67 -25.956930520734844
68 1.7264332719309563
69 -21.025424480584032
70 -36.398658026995456
71 29.212996825467012
72 -32.49511203058359
73 7.616793375933423
74 -16.068512659530942
75 -20.282090898542325
76 6.652851129144281
77 18.87175682208606
78 -10.13829258107267
79 30.755137300014336
80 -20.84146899830179
81 34.23641475438196
82 -17.208105151050287
83 65.71017502260783
84 26.311255163640396
85 33.593413165111876
86 56.05321368979554
87 -40.41428300726137
88 94.67906464316329
89 -72.35861426641212
90 93.97084180866638
91 -88.72397751470584
92 41.918064708687545
93 -56.91436273193929
94 -37.149188432306076
95 -9.931689624301804
96 -104.51073395295516
97 17.964883455496846
98 -104.67303634069197
99 9.971945085434228
100 -45.02974341469237
101 -8.33096336637661
102 -18.081698571334307
103 -18.902589092186016
104 55.93857753236131
105 -22.165381061501645
106 51.404205826046
107 16.986101414925226
108 -38.62929151524885
109 32.679644832519664
110 -32.18848045924486
111 -26.75613136460443
112 53.84203060097264
113 15.90532419191613
114 -2.8963866859590572
115 42.95004346126397
116 29.631862360134313
117 33.26715146656726
118 -21.000796946611178
119 55.56129096352604
120 -38.498300075696
121 58.25113910332402
122 -21.013688128003636
123 41.153643485558085
124 -14.871286264775268
125 12.595716532311629
126 -1.1592679417904133
127 0.0
