0 0.0
1 -3.509103924456159
2 12.687024427409339
3 -15.837458197580728
4 15.071285604233106
5 -10.531535144051727
6 1.2652034310976583
7 20.118053682912127
8 -23.15121490159434
9 -27.85027843151403
10 -33.91387168027039
11 -36.10062235007734
12 -26.113307895971726
13 -7.461132825732779
14 -63.37483614798709
15 31.507525854454254
16 -63.01344358282184
17 -0.09326886969726468
18 -14.402514834995408
19 -22.495285856278546
20 -18.959790347046678
21 -28.679561758432055
22 -6.856022088164006
23 9.962333957699782
24 -20.32679437799944
25 7.232400200164243
26 18.192399740567637
27 -57.885675707632444
28 19.368280098523023
29 -54.54013961890642
30 28.314701515227327
31 5.458237015873466
32 0.8945693638666268
33 2.107598251423759
34 22.535416106215685
35 -8.942269809326682
36 -17.05805960292848
37 27.149422529987334
38 -45.79306242963353
39 31.952071438601074
40 16.605656223904695
41 48.47380941679393
42 -0.04111937759505439
43 60.45665370207233
44 5.318184963644965
45 52.96606628568496
46 16.57165399709059
47 13.26928953084213
48 52.28452595322308
49 -40.70063472551921
50 23.72717074398551
51 -54.89234867224751
52 21.555683535323777
53 -57.74985199686747
54 -17.322646174485858
55 -18.262232960693783
56 -18.82745246826376
57 -29.44054516276856
58 -23.66274548171298
59 -39.10851462355117
60 -16.099806885806117
61 -38.70328903449963
62 -37.62119238210922
63 -72.38359889857291
64 2.8947033254782855
65 -53.46535705508457
66 -5.923489212068795
67 17.601642177156446
68 -70.53545488078915
69 64.32808012609893
70 -68.81103761288274
71 103.46872485340704
72 -19.481086518625485
73 43.26441728423397
74 -32.83628446201314
75 21.120888960990104
76 2.022642943059903
77 -9.579952212926752
78 8.899283378641597
79 12.85850206105661
80 15.885479626325978
81 -7.8310247458263476
82 34.76079867249103
83 4.086262165136904
84 0.5756896259263594
85 58.55330457004912
86 4.331571669344977
87 9.71756108297269
88 64.13102696184215
89 -60.370718924927466
90 54.164049487334026
91 -82.11193039530738
92 28.764521060594195
93 -71.7940720471203
94 11.994004264045678
95 -12.881219334404491
96 -34.95559856449578
97 7.63460455198179
98 -82.66503558935672
99 26.882067056071662
100 -58.81648377067993
101 14.482329023709502
102 -7.682749942253334
103 -33.33436262383142
104 11.81976475043829
105 -5.976859789187867
106 -14.501349445143566
107 26.236497837096405
108 -6.111251796993444
109 35.07165990091434
110 11.343892233088757
111 22.12284773104901
112 51.47809998916754
113 5.214562366052756
114 55.084951031205414
115 -48.74396193184326
116 107.10954187235842
117 -21.185250621192345
118 31.27343296349382
119 20.16275273192098
120 -22.454551841004164
121 52.425570186781734
122 -32.89582228165849
123 32.961740510721256
124 -19.42021031107181
125 13.930381332076061
126 -0.7761916250117741
127 0.0
