0 0.0
1 -4.379518229308668
2 13.599516488471222
3 -20.330762269980962
4 4.714033015963843
5 -43.98637738957773
6 -8.324301715726024
7 -49.180663860175194
8 -30.708882457554495
9 -62.93741923423227
10 -51.37877341860595
11 -57.09023604068771
12 -79.6417726229576
13 -24.074164652962942
14 -32.95036478891826
15 -27.75719131642792
16 -72.83735890863589
17 2.5900415145705153
18 -37.27734136526522
19 -31.804212422848497
20 -21.40924346378758
21 4.650228347488881
22 26.08182650914445
23 0.5046813362275482
24 -2.23256435408014
25 25.983785967608988
26 17.667733930489934
27 30.9264134594092
28 20.122968077594354
29 57.56365091121567
30 16.264249479412218
31 0.5217392053017446
32 36.29506099992976
33 -45.04955879588553
34 30.520870393833004
35 -27.48085130638029
36 -25.333818649890915
37 19.783424349302244
38 -37.05781160792787
39 46.9175687652836
40 -40.78950832980187
41 42.187350810642975
42 10.470862393328625
43 -18.467542701291872
44 51.18013076537392
45 -7.261031723390957
46 -16.2963941386715
47 18.743764377048002
48 -5.87532416005924
49 -14.472209634087823
50 -3.384670226036017
51 1.0421503007454251
52 -53.84931778032567
53 23.1091813416121
54 -38.238782876006525
55 -16.717253631410312
56 -33.690466692649714
57 10.399314027577805
58 -34.5327942465696
59 18.986575026707033
60 10.737550502257177
61 21.578813504230475
62 -0.24987664325282452
63 22.01522694905382
64 59.37178946501459
65 -40.586077607796234
66 65.40761347552254
67 -13.654185323058794
68 42.73696142133542
69 2.771406237174716
70 45.50124837632058
71 -15.174611933683524
72 36.174074091067766
73 2.765145167111516
74 26.229072809290642
75 -4.098426778788387
76 -46.33191248086144
77 13.962677085819232
78 -40.40813827828787
79 -18.560968964192273
80 -15.034877020015886
81 -8.23517487339576
82 -16.53588508816365
83 15.82150543463373
84 6.5109479026656825
85 2.1633365814385885
86 6.419707147878564
87 46.014695127386375
88 -23.20654756339574
89 13.395505306881851
90 -44.50452458763677
91 8.531237485829772
92 -39.111467090687675
93 -2.6014829546313885
94 -14.964205738095535
95 -55.76527573090539
96 -22.56364170996473
97 -3.189499035205884
98 -30.38588563649488
99 -53.435576170403706
100 24.29268747864537
101 -62.716179950365316
102 43.46964528590841
103 -54.994540325977916
104 56.80627747388371
105 -31.898703253575146
106 53.98839825509537
107 -51.54206880654251
108 96.9726541485949
109 -43.91187087671954
110 15.342111270402057
111 30.888783534650972
112 -47.390711111324606
113 82.92245934341264
114 -64.5256746282823
115 86.81282328657974
116 -39.260738485628345
117 71.09139006287145
118 -24.825079799667837
119 52.022933122490535
120 -27.480260029638483
121 70.28597322930737
122 -31.966130338605755
123 46.42202170632585
124 -8.181660203563267
125 12.028703229052068
126 1.1407295983398424
127 0.0
