0 0.0
1 -4.523757101998888
2 14.363998697730706
3 -22.471533875280095
4 17.989310175211415
5 -38.02512148238404
6 17.777958801469484
7 -64.13763409903186
8 12.158529755458293
9 -34.6646830344836
10 -27.918251530485936
11 8.025480644192628
12 -61.44198865129514
13 36.247076531045366
14 -62.693386781212446
15 26.65027954440427
16 -61.52198044245711
17 59.29134543072159
18 -54.51137897235097
19 54.674742386059535
20 -5.551495787967886
21 -2.539311908198611
22 46.438964792481585
23 -22.670161190007065
24 56.16824641960872
25 -74.39173494200558
26 36.67236755581083
27 4.375705206718606
28 -18.628413159294933
29 30.474534808626203
30 -42.38895570728567
31 5.552269925315771
32 1.5237297189653223
33 -22.518667269817307
34 -46.74031981509217
35 -10.987219447521563
36 -61.576278212438034
37 7.421059579767967
38 -63.35907007607832
39 38.892754865747484
40 -11.387509127354267
41 -39.43295896891287
42 13.69985707754177
43 -13.214034791823117
44 10.570422559594434
45 -8.306061190853567
46 9.00744773938244
47 -28.354577884266355
48 31.909658150222437
49 -27.48288098208596
50 33.78967325245584
51 -5.068940259117633
52 14.980331329987115
53 -10.454177206199052
54 -14.355805189731353
55 23.280996483001964
56 19.160700216683544
57 9.51586202055047
58 29.129547984002176
59 20.232226097828185
60 36.52642246301117
61 -36.46571359818278
62 56.96899130950362
63 -11.121753548554844
64 39.77242986331612
65 18.100666535769363
66 -30.540293808629986
67 56.46506773692015
68 -36.22784150973779
69 45.05868788947876
70 -51.4132002066288
71 58.58218021917911
72 -29.77064194595859
73 43.7734326174535
74 -14.072044276711383
75 6.302332069415966
76 22.69519604959003
77 -3.73678545663848
78 15.849600684979295
79 11.951272817799357
80 31.678862668773768
81 -65.35739405225804
82 26.21389332416648
83 -47.71303958487161
84 22.92041370896
85 -33.4198209532128
86 -13.676784237328178
87 0.12909354369806378
88 -18.031891371778222
89 -3.1602263925037293
90 -8.641498710433618
91 -7.403609470338493
92 14.776761882122207
93 -34.328118887757235
94 48.44147584261843
95 -35.50174156115386
96 4.150872186183812
97 19.795129731902893
98 -35.2792486382711
99 25.373582019091245
100 -18.423249001684283
101 19.522701139810277
102 -36.93755956366288
103 22.382127310492866
104 -40.688369022414044
105 11.437420082168154
106 11.709328837778397
107 -1.679986115515711
108 10.020657243475005
109 16.464999990148648
110 -23.274291460915215
111 14.082609473177941
112 -19.133656059708574
113 -45.132065890126114
114 7.2017275812067725
115 -33.53726877186501
116 -37.873975223948534
117 -2.8744850709614416
118 -36.718897113025776
119 39.82473400846576
120 -51.43585908525789
121 45.524115336233415
122 -11.737211585486993
123 16.063426491536443
124 -5.99692522397506
125 14.020192014598594
126 -0.4867902259231742
127 0.0
