0 0.0
1 -5.963281267909623
2 21.91736415878381
3 -27.4696357607347
4 43.487808799060275
5 -46.48053774174077
6 30.268331512776207
7 -57.03701518193759
8 -43.14743645680988
9 -14.724189720072431
10 -81.04694227054942
11 35.253352203846106
12 -120.23147282885323
13 11.950150281730835
14 -79.43195873438877
15 25.952028435766746
16 -75.35321178457572
17 37.30920299058312
18 -45.474889370172036
19 9.93916351274616
20 10.127992373396117
21 -6.5381017971358055
22 -19.75670851349043
23 29.55062901763043
24 2.339224804566383
25 19.93135328112899
26 15.127780309446566
27 -31.778187723459922
28 26.024518640033385
29 -52.433141532793314
30 34.892508378002965
31 -48.62702205974278
32 34.975997222840164
33 -18.1761974578637
34 -37.134180386123404
35 42.00461703942403
36 -39.87789279984537
37 48.195542410067596
38 20.469971806312383
39 22.901061049618978
40 3.105676842723636
41 42.00852295331854
42 -8.834146217779615
43 -9.163215974232989
44 21.501363912544114
45 -34.55431359689168
46 14.327245376826273
47 -26.253764187097445
48 47.21285877370618
49 -54.70631124736196
50 33.0124457680167
51 -28.834988319569355
52 -34.036128372720746
53 31.24835723317334
54 -74.55573274854122
55 64.23946038590671
56 -20.39246365093965
57 25.828054319104012
58 24.777282447599955
59 -3.0103905659494963
60 5.670657590740681
61 -15.455308907770162
62 13.873536164069321
63 -49.89345461475875
64 24.492154715120794
65 -33.63259859165603
66 19.813753254844208
67 -7.625214328878189
68 -54.36420360437272
69 36.41749532392923
70 -46.09776719251732
71 31.819582617949795
72 -61.253249119668084
73 24.202214119977945
74 -58.289354771284934
75 54.86209511348231
76 -20.180023706407752
77 10.934587841307081
78 37.70089964651694
79 -42.88331693859663
80 42.02526583592991
81 -10.222797645578451
82 51.53873815925689
83 -42.651082993988986
84 70.2522390594124
85 -1.675323252413816
86 -17.925179649528147
87 0.8652245104873743
88 17.35226068882645
89 -14.582967302718522
90 -6.054309005626581
91 47.45683546089987
92 -72.08452659570065
93 68.95158408331586
94 -23.466256773944956
95 -5.7737521685406294
96 77.92832795726959
97 -94.08580546551215
98 71.39102048545203
99 -54.530940364249126
100 4.016781390552874
101 1.2397606801165646
102 -18.180605823988056
103 35.80354981593349
104 -30.371660416258795
105 21.5016279543156
106 -42.01050773681138
107 6.946192236448656
108 -30.36423473921076
109 7.767343546619691
110 -5.6797617879611275
111 -58.297880106627964
112 11.940394156329047
113 -66.92767095308379
114 -11.712638480385127
115 -28.8678771138691
116 -11.375532123269362
117 35.34897057676602
118 -50.88790683909876
119 77.7426860286096
120 -36.52728987210685
121 52.269307851514746
122 -12.966345052326316
123 48.587357743580114
124 -18.561422201313775
125 16.58206348966992
126 -0.30070609407626486
127 0.0
