0 0.0
1 -4.297435792833834
2 8.135126297646755
3 -17.841385831561713
4 12.812272815104503
5 -29.06681843001354
6 -11.368276232639039
7 -16.882317925311487
8 -38.8684975099484
9 2.5777691875641175
10 -89.78958391961648
11 60.139253152052845
12 -55.136236762724
13 8.518359308778145
14 -57.792818146372824
15 6.155677303586631
16 22.543511678583226
17 -64.66004258790463
18 67.58139342225928
19 -50.82186336441446
20 80.5053350473522
21 -24.46828123515551
22 49.850104633841
23 22.943684284335795
24 -46.422862345376245
25 28.614657078195794
26 -2.457276457361919
27 -29.78501074273601
28 19.553440725941602
29 -73.67715584152565
30 -4.007517689901494
31 -14.179624133903637
32 -48.14031932918885
33 -11.97236066549483
34 -26.977751493070876
35 25.179061462892854
36 -26.335085166445044
37 15.436421513309842
38 32.365471730540285
39 -57.476820696875855
40 14.101132905364079
41 -20.009881780255256
42 -40.13125613511994
43 19.27459701222936
44 4.462588518910167
45 27.857796598136392
46 25.62183869479514
47 45.37649038316905
48 -24.481525767100333
49 29.961067704672
50 -32.10011887043318
51 -10.340565677032453
52 -8.743019352527568
53 -6.063886920471082
54 -2.90946089632696
55 -4.2569706272973455
56 -5.471049829422376
57 32.029574027481026
58 4.205775082513403
59 -6.318421106184328
60 2.830830795152072
61 7.625499374757394
62 -29.445436869001078
63 11.35000953299075
64 26.068203584050803
65 -55.38333888493697
66 33.861303502713284
67 -25.969308277606373
68 -6.457549179349193
69 -10.76313292949515
70 -19.34325071259789
71 13.858791135530726
72 -10.559687767310288
73 -9.96774638787638
74 29.799039560057125
75 -47.67444689918992
76 14.853393706108909
77 -51.54267757248759
78 17.312047942058754
79 -16.261108045340656
80 24.399758308820957
81 -26.20532719999639
82 -5.279850075903899
83 59.11114972479866
84 -45.07392095172141
85 63.663217000849684
86 -35.03577401021814
87 53.9362995198704
88 3.5007309248035963
89 10.89082607933296
90 -3.7811599815155277
91 -10.20258510969534
92 5.36172294194182
93 13.941964137637846
94 1.8732691909195165
95 16.368125963069556
96 -10.24625807323209
97 59.79596053493138
98 -3.9955097120894663
99 15.267282830735939
100 -14.775208687548103
101 -20.559020771781928
102 27.14069412390265
103 -40.781890045307904
104 37.541025241459316
105 -46.09314818211375
106 -10.785708665411303
107 -24.25306643315709
108 -22.534309155404035
109 -51.65799772495247
110 -12.159114839962935
111 -46.68923127650347
112 -11.293678443033526
113 12.587050107577216
114 -9.674867236809716
115 62.14569902706408
116 -9.800478456171131
117 81.32481933393328
118 -8.53848590549934
119 51.363436323846344
120 19.394960200187793
121 17.22385850999394
122 4.274753577027695
123 30.739161701528054
124 -13.171055424179093
125 16.39303669181599
126 -1.2485734281303633
127 0.0
