0 0.0
1 -4.337323893257165
2 16.159802092151615
3 -27.882942879999057
4 35.78373947647663
5 -39.61496116698306
6 27.74084054486131
7 15.93773381227226
8 -88.21588886510227
9 79.30200241356538
10 -84.80126506020069
11 56.78001039281994
12 -59.76227071626711
13 50.87886866780118
14 -79.83972325986964
15 -18.484575915006822
16 -27.52904065879007
17 -59.77905168329207
18 2.715644046233482
19 -66.96167917425079
20 -33.49637009221569
21 -29.387940391787353
22 -52.2567576117898
23 19.847879686068158
24 -2.922134239634444
25 5.0291406943786985
26 24.234239786900968
27 -15.435867456407761
28 37.647152796671975
29 -29.507703305264737
30 4.935507709302959
31 -1.1403660695580908
32 -29.342319229476043
33 35.18378419456875
34 -32.09689077559433
35 31.213867989977988
36 -19.06554412532967
37 -1.612137210097243
38 8.787677071077926
39 -11.466924446415996
40 23.20637833249995
41 -2.359197828764867
42 11.328352742528171
43 1.6768784883230858
44 9.566564341111265
45 30.371139424746865
46 -13.422735609300908
47 24.61625027331807
48 67.0541535794739
49 11.394028782650464
50 15.097556541297205
51 78.25862777075582
52 -47.14235468119843
53 44.53850405010715
54 -32.5557219716894
55 -1.0721570045691111
56 19.758331357969105
57 -51.68790896527729
58 57.81016480659441
59 -25.242558418151674
60 24.611732063968834
61 -54.14718622290724
62 3.0013741973031074
63 -21.803981731590454
64 33.36037535815324
65 -53.3038251335743
66 -44.03893824691626
67 17.83645884976911
68 -47.94109878024137
69 -54.90945930965712
70 6.053091231593275
71 -44.54571443350325
72 4.471207807539776
73 -23.94128451021807
74 -0.2046818065886729
75 22.904113107391634
76 -18.093805032442468
77 -9.528771007470237
78 -6.918020182067701
79 -11.44931060890853
80 36.71519642349683
81 8.305357418706198
82 -42.20994765386477
83 82.10905456440439
84 -29.932770900454592
85 48.23886807980223
86 -14.47570474527816
87 67.16137569974222
88 -15.241990152719248
89 36.845086399060364
90 7.636321005008082
91 15.787698017003212
92 22.748361794571228
93 -10.268548904182067
94 21.64339357450954
95 -13.39864407998917
96 1.668092434134954
97 -8.669109732088067
98 28.404062681954873
99 -12.984782553400017
100 -4.800932937398683
101 21.5072834195757
102 -3.3345931874792916
103 -19.44443579052186
104 23.771333046319327
105 -68.77716003430133
106 53.81655640379505
107 -69.41704393851026
108 3.245918668656586
109 1.2648222830335407
110 -33.40743270477792
111 32.03317843702421
112 -53.44040885270159
113 25.797828742961833
114 -45.734680299656134
115 47.69568649704724
116 -75.1548190344458
117 63.61490836676754
118 -80.71157376318313
119 45.545729778281526
120 -38.55877573389577
121 6.2868675139367065
122 4.3328525632753525
123 1.1253866809859394
124 1.3589012768143311
125 7.404092848107299
126 0.6900196445846876
127 0.0
