0 0.0
1 -4.18143779068325
2 19.013735909262312
3 -30.882244709114133
4 29.42843757487363
5 -32.15963614827226
6 -14.858883513058831
7 -57.23026901041326
8 -18.570411679128473
9 -14.189250700907026
10 -43.37263904280584
11 -20.7295925308184
12 -15.511780411462572
13 -47.074143628969
14 -67.91466937498977
15 25.405111628085024
16 -91.7159945319315
17 50.24453837812846
18 -60.64448968246995
19 9.94088803599962
20 24.43699642650733
21 -18.815310976956873
22 17.905587299903726
23 -16.709893873413183
24 23.253211027611666
25 -26.273830500034382
26 8.93633989999626
27 -34.097676490545346
28 2.6055826353915563
29 -54.04720840680361
30 25.034753753893906
31 -13.051317355102395
32 -32.9572735809123
33 16.41217189683415
34 -8.365536754231512
35 0.9989072039719237
36 21.821682163075007
37 39.58653660498025
38 -35.88655926099408
39 50.2449451052989
40 -19.62808692606596
41 -0.42651348889498514
42 -14.166253811720562
43 -5.443722537862175
44 2.1776712193202252
45 -27.125444065348066
46 4.61526532092972
47 -1.648305396490449
48 -13.719467502969112
49 18.229022197943724
50 -36.270937736876654
51 62.32563172971036
52 5.935207661941811
53 61.9178693294281
54 21.75228857022939
55 34.331711691106705
56 40.29506123826453
57 13.683826365476152
58 43.38870702630978
59 18.87376639510719
60 19.506906998968578
61 9.749011986906337
62 17.103407903090726
63 13.763507198364726
64 -25.087254862957973
65 8.49300448375742
66 -25.859660768902796
67 -11.704247563864953
68 -3.679535033022458
69 -21.15686902426504
70 4.466529877108653
71 -33.05996124144069
72 15.91953801241082
73 -12.431788425490314
74 2.1653414691656696
75 -1.9553831213172534
76 15.212154472127908
77 -13.306458650609311
78 -0.24069574972036506
79 -35.20103593241132
80 -0.7055144766251882
81 -32.898886515472334
82 18.37256270932209
83 -43.598202829942075
84 26.627022127481787
85 -26.50884208972015
86 -32.03027233582967
87 51.361263149729375
88 20.871860257003313
89 4.442702208277432
90 61.84338702599836
91 4.6535899455595695
92 6.465310686861609
93 14.43593899363661
94 -23.335510583901655
95 26.032892048446417
96 -64.18344726053441
97 36.12175467210273
98 -8.523236663143223
99 -32.91353731439238
100 -12.913806148721042
101 4.903998063546487
102 -27.872679349125804
103 11.214323232431259
104 -4.004712980062191
105 -8.456226948046671
106 -24.507785768403053
107 14.491435525342945
108 23.19425772376741
109 -69.81092627478432
110 35.1609954057995
111 -57.4455756054239
112 34.02261403260636
113 -15.4040609996589
114 -47.63610075906879
115 29.20102646571392
116 -27.764272827452952
117 2.451971940085222
118 -45.511298765572064
119 12.216947764121318
120 -45.17900034897848
121 56.60322555266097
122 -33.333922503690296
123 52.86255348188928
124 -12.916398859840102
125 14.923358693447648
126 -0.10903988211092008
127 0.0
