0 0.0
1 -4.629232693409961
2 10.667290707640376
3 -17.017659827157324
4 4.5960884893981095
5 -45.226677144897536
6 -36.35678222974829
7 11.44747684439798
8 -78.50634728603941
9 38.28442311590568
10 -59.963589918009504
11 -5.218244652565685
12 -16.960080517775513
13 -14.010911286716572
14 4.704061723242073
15 -80.0871527157946
16 7.1743436014575686
17 -25.740442657974413
18 30.18722479908657
19 -27.12721084277934
20 1.9305540263645238
21 -10.30060257275201
22 -31.171534982464845
23 -11.560919745279778
24 -3.5460214540505697
25 17.709725579375625
26 -6.226055055917399
27 53.30397589385903
28 -6.616237161391536
29 -13.147898451301911
30 8.876923821623455
31 20.15686037832567
32 -19.686257961900033
33 74.68765100708718
34 0.7804519420795573
35 -0.7391194788960549
36 -2.8362520099450133
37 -34.94876721856561
38 -8.176919890230328
39 -26.694276309049776
40 -2.582270457087194
41 0.40252402705848006
42 4.47011698267989
43 -3.562256647705138
44 -12.918967171173911
45 -10.520092391176282
46 8.05501494677006
47 -6.990486882589067
48 75.0820580037403
49 -40.050556023635615
50 46.30098753599818
51 18.67601828061025
52 -21.030264124901866
53 63.74004579323038
54 -83.97608145279504
55 73.29738293623558
56 -56.932164488915106
57 23.114984220768967
58 -32.12586613654014
59 1.3977486924899543
60 -14.761518954106293
61 -5.979300036245414
62 -23.90151964871935
63 -80.36095900238234
64 25.792108742611408
65 -62.95236212815606
66 -11.864313104604593
67 -5.729844881614856
68 6.171293944621057
69 18.224833802304573
70 -18.86455410536933
71 46.69334035047653
72 -20.82642384267213
73 43.61954925752089
74 50.9023413173679
75 -13.991634778001549
76 60.625567274820455
77 -49.78723167260404
78 45.00831825407064
79 43.351638284025206
80 -28.00413330758989
81 44.352607956683286
82 5.320978349740151
83 -59.60646493328499
84 83.70783399887044
85 -51.03535525810676
86 6.401597718160499
87 52.73340931170026
88 -59.782867171960206
89 43.45445212610903
90 -13.693727966553364
91 14.088161983422035
92 -70.40450167339426
93 7.7047548833353146
94 8.647646769132116
95 -57.046540306455164
96 46.63049670170945
97 -103.55557005395964
98 13.595646733945543
99 -71.34446229403893
100 7.925783982951906
101 -37.832245732506124
102 15.610960044992105
103 -62.47163620803754
104 65.46376877469471
105 3.110493895576036
106 42.10506473734575
107 34.86496512096916
108 -30.010472642985253
109 54.99081603197071
110 -25.53870915206974
111 46.507403800712446
112 -89.37669522859385
113 97.37688840909206
114 -93.33169485284672
115 89.2162295876217
116 -66.95616487914445
117 47.61499635755509
118 7.698932354315599
119 -0.6884444758073733
120 -0.02518237530296231
121 17.599636162853997
122 -3.4999202720808817
123 20.71621969259351
124 -2.9153318475421357
125 8.914824467304559
126 0.08822984200375064
127 0.0
