0 0.0
1 -4.825811058224549
2 8.614160436734778
3 -20.791556854683687
4 -4.594574165240024
5 -33.47757915551263
6 -36.137293748347496
7 -24.337995862103302
8 -42.33121235816004
9 12.275491443777355
10 -35.45713042004137
11 -17.514084228611413
12 19.92312531485408
13 -16.021225478543577
14 -14.834273220066127
15 57.129880781924406
16 -34.855544491855746
17 -3.0657812804293063
18 31.643576362022216
19 -53.87597440475131
20 18.026939023525806
21 22.49648955426827
22 -51.196499107367664
23 49.649160237974655
24 -83.98080095574612
25 62.82564062676814
26 -67.8833375347562
27 -6.682293635978855
28 -2.74967252840776
29 -21.999814724979267
30 5.357062630740652
31 -13.001904104057076
32 -31.886870498205536
33 12.00238450284505
34 7.548157871086049
35 -9.691127468162588
36 34.916408079578645
37 -38.557575065226516
38 11.372428376546102
39 -10.755587287523873
40 -17.649595902645864
41 14.43016242966687
42 -7.668230888950356
43 16.255876848027107
44 33.75602047000862
45 -35.56962526676237
46 55.32278351465684
47 7.7308270835492525
48 10.46020732318435
49 20.574707422751263
50 12.344324103940108
51 19.754808745488337
52 -10.081563207587978
53 22.510174117320993
54 -36.37447874850572
55 -21.11916183905875
56 -38.55680994480874
57 -7.4554763112604725
58 -26.508527857035013
59 -11.290394003737065
60 -38.50222922206372
61 -42.143300144893345
62 0.3419457003601559
63 -44.517771595509814
64 -6.636451126195049
65 -21.18918622355157
66 0.8677819428976037
67 -2.433564960680402
68 30.968516033610808
69 4.589744587005105
70 4.139831564918782
71 71.1198306224446
72 -18.631649638357366
73 32.74459990252504
74 4.182381220977837
75 -18.62076388580746
76 28.699080765476758
77 29.105815804302487
78 11.054669319258416
79 36.80839609553269
80 1.207438353624357
81 52.971465598415385
82 -14.696733374601335
83 -36.00346620987748
84 33.540529840359405
85 -55.75200683213782
86 -13.095601645736558
87 -25.75207800290982
88 15.962272489620926
89 -16.56337974757722
90 -45.58910059900105
91 -30.58429224418754
92 -9.18416514475232
93 -38.738487772735745
94 6.862317133647682
95 -58.184504327591924
96 21.51275278953531
97 -48.9244949333708
98 35.1970993269303
99 -48.22419770724294
100 54.71645065319209
101 -15.458579869185291
102 40.13296174572335
103 33.23237284577861
104 20.546027671881603
105 34.19097414810208
106 -10.185278386200176
107 92.09645882800373
108 -99.14430541775756
109 69.73571820078597
110 -63.30240476354687
111 66.81689672969661
112 -85.74043005467566
113 57.707280346141324
114 -57.144125407370055
115 49.15826124495061
116 -5.274471716163875
117 58.0208713463083
118 -6.013407193420975
119 15.248613747585907
120 33.054911422675765
121 10.04023498774858
122 40.52984016311305
123 9.524225207283337
124 8.49726602021284
125 6.006867058899126
126 0.43273390241503484
127 0.0
