0 0.0
1 -3.63796266785887
2 15.332404911430178
3 -17.084458757521006
4 25.789730821375766
5 -60.80419669725568
6 68.22521879812943
7 -95.51154005511675
8 60.89336635320134
9 -68.74335907829573
10 -11.924347640995215
11 -24.68550603114858
12 -35.204400117298874
13 -0.6514928542320858
14 -52.53428933583389
15 16.299331609014008
16 -57.47391316474182
17 33.68805887577772
18 -57.81671008179813
19 38.09656680397283
20 -21.52192460383203
21 -1.4469160233714848
22 -17.550732684735106
23 28.931039995268517
24 -13.447124766663332
25 27.423095184245337
26 -2.0490609366559376
27 2.471008570644408
28 -12.312638340522865
29 -17.571723826902137
30 -29.591815838860132
31 -37.43176277058513
32 -14.43685687546116
33 -7.566170102618898
34 -4.874472975422014
35 3.8315213140724116
36 10.379583875231857
37 -67.96518712618888
38 7.157007590515211
39 -14.741718125701759
40 -23.860363256371702
41 17.271277925753044
42 -35.616999790837454
43 26.766264942232137
44 -2.0473427163171896
45 -3.33499393331526
46 41.54005214208254
47 -5.938766160382677
48 33.18007400870077
49 46.453557499237846
50 -14.87030903207548
51 57.67476382938345
52 10.76446562796914
53 1.5466212028670325
54 29.695553230776063
55 -13.34076882997292
56 21.522324665015994
57 7.52254329045695
58 -41.82101966721579
59 -13.126733154633069
60 -64.70219782125977
61 -6.631554482878119
62 -42.67228400984772
63 -39.71125368443608
64 -24.34986060832984
65 -65.90581442878945
66 -25.54009373008047
67 -43.53117192248722
68 7.129512054542621
69 -24.480011144286017
70 -34.08277022758264
71 16.511075642829947
72 9.832575715885543
73 -28.373888356694113
74 69.80205204927263
75 -30.66999641123285
76 19.913597179292164
77 43.901044070214056
78 -12.63782932744813
79 55.72994508696902
80 -11.951808636505062
81 47.4297569447881
82 -17.466132239336137
83 17.300886136204632
84 4.869356385095344
85 -16.050755796163575
86 17.223390703157108
87 -12.743867715171987
88 9.584746392147137
89 -6.616494799052362
90 -1.178688910511922
91 -30.387042817671826
92 35.757020118430326
93 -17.682206955977897
94 29.466759118996396
95 22.192473178665292
96 9.606647975851368
97 40.4609073569947
98 28.49826651622963
99 49.37863967244379
100 13.357575373879481
101 26.65038520633794
102 34.07332651603381
103 3.848723208883923
104 38.0523026216456
105 -28.91669068081135
106 40.45367033281921
107 -68.27788561704273
108 23.618797971865494
109 -103.67200843385126
110 -17.763649461365933
111 -10.148941852222183
112 -76.14435788605951
113 1.5670426306755696
114 -82.22044250070523
115 27.16992084890715
116 -98.66968511648484
117 53.678685000675664
118 -91.09534725882207
119 69.59205323966233
120 -64.4987514658544
121 23.20648911758278
122 -20.508700724100937
123 35.53822512068377
124 -7.219777859784441
125 18.70716189475768
126 -0.3475458021753901
127 0.0
