0 0.0
1 -4.31627039556127
2 16.49728172952924
3 -8.908587349171905
4 1.8291089038518626
5 1.9155217789517422
6 -42.694620952603046
7 27.30258031643918
8 -89.77049677997394
9 22.175771623781092
10 -77.4028477583292
11 -29.958209445652102
12 -49.13445159884466
13 -66.88040243800168
14 -30.828884298851236
15 -63.94322219780074
16 0.485753780141849
17 -56.57207997076378
18 23.084283892495538
19 -58.60995432415642
20 -6.470233470623081
21 -47.216333808129654
22 34.67389913487006
23 -44.7446922697572
24 7.691413317408727
25 14.021672185550965
26 -39.2981598496782
27 52.10030984924469
28 -59.92964606708317
29 53.712560946836106
30 -34.495231714922674
31 94.73941735718013
32 11.253712566851902
33 37.241706431877645
34 10.606472880221201
35 -18.944328697190937
36 8.132508084064256
37 -0.0369118360336444
38 23.967962014704852
39 -14.241496770749894
40 13.884842793609556
41 -32.558471993170414
42 6.4516499773536635
43 18.40678035211612
44 4.761150808576131
45 -28.84566411412063
46 9.385758986076395
47 -11.408776419607484
48 10.518006902095363
49 0.04095442081193077
50 0.9820914484502556
51 -39.790830445829634
52 -23.91033548389243
53 -9.79662254708237
54 -60.63695786156825
55 20.364772016538012
56 -30.1034427697135
57 17.556690095287696
58 -74.31277082966803
59 25.457861728000733
60 -27.342295719242315
61 23.854368965279342
62 2.393481491687546
63 40.49460854954226
64 28.858127879998214
65 16.661276810720317
66 63.32954325540277
67 15.70432226900235
68 -20.25200489424859
69 13.239793232389822
70 34.32720916757589
71 -73.43572290322719
72 24.24021767966007
73 -27.397868432336885
74 9.545326794649105
75 -16.020161657307447
76 23.96864158908127
77 -30.84684645398795
78 39.62942414074824
79 -0.4898019283225252
80 18.3488986636693
81 -10.332450468115024
82 46.8775306339532
83 -26.93140832879972
84 -9.324216047618295
85 1.9009942669153281
86 -12.98259167346585
87 31.098734169273214
88 -38.70157373719096
89 73.94301672193325
90 -59.251160437249936
91 52.63579631792523
92 -77.73636546880144
93 51.78732688525875
94 -37.3639666855932
95 32.21207835173973
96 20.190841539050094
97 -13.250268262154277
98 86.87281115220324
99 -56.70511817084864
100 77.80552042531812
101 -58.76559076111113
102 -40.26715247938856
103 -6.148806687736909
104 -19.756685009856167
105 -55.49337005233398
106 39.78778255277813
107 -38.09096806469485
108 54.084998929902724
109 -33.93071060311234
110 3.5247944530245863
111 5.505336684501902
112 -56.37007582643362
113 6.008185012297652
114 -42.2446267506385
115 2.7397008152772497
116 -45.08411824275786
117 23.54178897939635
118 -52.21958470853735
119 20.64800525763542
120 -3.0088610874400867
121 48.431318522809526
122 -22.85852607950637
123 38.628420653797754
124 -7.256679483546264
125 12.745561817759501
126 1.0643931334297951
127 0.0
