0 0.0
1 -4.350197031630164
2 11.793732972219349
3 -25.864756199812163
4 23.789838138774726
5 -34.92919227449326
6 -11.38104092545346
7 -32.34030016503408
8 -5.687892228740622
9 -14.54210384968406
10 -17.119393369607245
11 -34.63968237680113
12 26.995786351738563
13 -4.8033459913814225
14 -36.237715400261344
15 -24.044814105019196
16 -23.30394038903396
17 13.9067104759161
18 -92.29222343047863
19 68.04053209334819
20 -119.7858076883768
21 30.64539416265543
22 -79.18464087024151
23 16.92315901107904
24 14.300345249372365
25 11.47479637625226
26 -29.819657190706888
27 34.06352805406896
28 -7.362560858167784
29 5.16012752016125
30 45.052324596651474
31 -47.984291108110575
32 58.08777819181699
33 -42.42444061566385
34 14.961790977045744
35 -38.6818682069266
36 -1.5554936681339337
37 -38.19099503227826
38 -22.96536858561263
39 -20.041325012430335
40 -25.816215329526376
41 -14.696376824310441
42 12.342693984132545
43 9.185586753881308
44 -50.7772090776203
45 13.458804558320185
46 -37.64017039519275
47 -3.0426621160562672
48 17.932761634230392
49 -15.422882583309638
50 3.0196259055833785
51 5.650765156768149
52 1.0934344304123418
53 12.742199427518688
54 0.6488650534378337
55 11.294963909447603
56 -0.37095413773340574
57 26.504203226630487
58 1.1230316575195385
59 32.37408387364451
60 -9.166339312640696
61 18.686367125124576
62 5.541507076924143
63 -24.60138775331272
64 44.70275428954003
65 -31.627805036106704
66 88.00573745666321
67 -22.326645324819946
68 38.86160561264711
69 -10.089465211134394
70 -35.25137571592242
71 63.86823173242081
72 -64.1240984964339
73 57.65024095817378
74 -42.81420140254305
75 15.83438421392322
76 -30.21258484483101
77 25.839536129296505
78 -18.557909811381766
79 46.9464257579066
80 -36.24900065141102
81 -5.666216513222347
82 8.621098210552736
83 -50.5941429335872
84 47.63512935198437
85 -53.30850382799903
86 11.88820968555774
87 -23.450882160785536
88 6.288629366052155
89 -20.16955390435992
90 7.608730537755649
91 73.29787394126633
92 -5.956247107224356
93 -26.13318667927459
94 66.87407075960473
95 -67.5295555358343
96 71.14621389006476
97 -73.21069911114974
98 56.97724860718178
99 -61.09773404433594
100 13.351504664275387
101 -32.48967668470774
102 -58.84326250835194
103 44.356271353954924
104 -63.85855655568918
105 76.41105802975123
106 -92.1626832517623
107 58.85869356673826
108 -117.32647097080621
109 35.119827835114286
110 -103.29998726561145
111 24.591546834618555
112 -23.165292251210325
113 -9.599298947593715
114 30.064478569574053
115 13.879684335293149
116 35.20658192366566
117 54.599837998802336
118 -5.119378750640812
119 54.90379249526466
120 11.304445189625307
121 38.26306738730494
122 20.803545051613423
123 25.731473965075477
124 3.271848078711706
125 7.348105025982673
126 0.8459562608843051
127 0.0
