0 0.0
1 -5.284479601447855
2 10.507761425434577
3 -14.68750182045725
4 -11.841994864109163
5 -10.286259741188763
6 -31.305980517439256
7 -17.43249767585779
8 -37.965192768244954
9 20.27846058698261
10 -48.40969945634171
11 54.419254032823225
12 -35.39129211890644
13 42.31260189048949
14 -21.563888989791803
15 18.584394536718083
16 -10.654591609442344
17 8.339994961089282
18 11.199465106484174
19 -29.750594170984176
20 16.941184105450287
21 -14.312077878766535
22 -3.7560304289658997
23 -7.421548103164728
24 -26.783973887678375
25 13.66193969336059
26 -52.23073623053171
27 11.79672697461311
28 -31.86143302005847
29 -37.38992262542068
30 -29.341719725882655
31 -33.44852772477546
32 11.177366406721823
33 -76.50343296959933
34 6.374483381908613
35 -70.90882766763993
36 8.296808374625257
37 -2.3168012680769197
38 41.65673275744033
39 -16.343056713419074
40 9.055571019215423
41 1.9236885647133157
42 -63.962394959829496
43 28.509664856316782
44 -52.13620768943202
45 17.39170203272203
46 -62.345298279429024
47 0.7956457699491697
48 25.533960663388218
49 16.40991641403378
50 -5.1170267822186295
51 78.35867250644822
52 -34.41355027283512
53 48.84098003453385
54 -44.561457144392534
55 36.50797378188832
56 8.043452213364734
57 -22.088644171650948
58 -7.770356993532527
59 7.480745614300762
60 17.317533739384757
61 -7.605328804340623
62 -7.998430228913567
63 20.93615559331056
64 -19.454701437046964
65 8.397432844641777
66 19.87637922356713
67 -17.2288753773432
68 26.311623930489425
69 -39.19627674498462
70 21.123600601894275
71 -67.49474552775071
72 79.50537520908378
73 -36.20057641330383
74 48.998312530146215
75 -2.963996838054944
76 30.326037297538132
77 22.20668852557662
78 0.7805533501793085
79 33.5517760373594
80 15.98819718998818
81 34.81166386506493
82 -8.101651299397579
83 37.8804152190171
84 -26.34812188757059
85 28.049694041778483
86 -5.207020465867745
87 -12.242880363766506
88 34.116348395302836
89 -24.98664166482051
90 -18.427870152254638
91 20.97291310583466
92 -1.9514981620265734
93 -29.28391982126118
94 39.881529854601354
95 -25.55765737690809
96 -28.87341283707188
97 34.877236976053254
98 -93.88820158866807
99 29.08515511428527
100 -10.836423246964127
101 -62.733798401730745
102 38.832980214754166
103 -52.55577416156679
104 24.35864966941562
105 -46.147972178140456
106 -9.744843389437444
107 -16.183899670851734
108 -17.885214240485013
109 24.024876879153666
110 -29.84700383383167
111 38.95783062549467
112 -30.777174258733595
113 39.54959141969218
114 -30.87649999115995
115 46.90520162519834
116 -10.123007768794436
117 48.7793902623631
118 -18.092178202165375
119 48.883845127485856
120 -13.35983702927176
121 16.520277191772077
122 4.607693029680608
123 15.7137909021968
124 6.260199316379674
125 7.520367920212359
126 1.8422222196630444
127 0.0
