0 0.0
1 -4.4990508559956615
2 11.183968837000455
3 -30.324370286758224
4 21.038867492806144
5 -64.25166062398786
6 -7.029926666468536
7 -27.97031727503145
8 -102.21908987741088
9 53.00386499526521
10 -113.58067948950867
11 -54.236104973090974
12 -43.12714210849364
13 -49.20518857207564
14 4.284967318359149
15 -40.49461249863368
16 -25.3015216450755
17 -41.89144759981695
18 -21.2636463702034
19 5.730380285811218
20 -28.265265368016777
21 -5.0584429378704945
22 17.254041653916264
23 -12.903771026530048
24 6.485056125998642
25 -2.1740131033542847
26 -9.270890848369943
27 17.351184646009788
28 -25.414995383275002
29 11.112117134830276
30 -42.80897892360767
31 18.895353282819286
32 -33.84469986668524
33 18.082616225383163
34 8.98034443137663
35 35.29644012867657
36 15.545302950490212
37 -23.732837567692055
38 68.76728819479808
39 -4.5377342087131325
40 0.23410645401499972
41 -3.58845499048383
42 -0.61993879679945
43 -32.096835640081395
44 -18.882544246360098
45 0.6251204722687551
46 -91.08823269442335
47 28.92632625406991
48 -80.5057699214005
49 -8.538837720476485
50 10.586368875778195
51 -31.84206555915451
52 51.37536994144714
53 -42.48385038697709
54 9.02532611026683
55 2.4390757220591293
56 13.460912896846263
57 -19.34119255890996
58 -22.776307847737904
59 14.922635556871102
60 -9.928947775975827
61 50.35437269858254
62 -5.714919783531863
63 54.70437622030743
64 52.3940407907833
65 -7.744709559708707
66 35.49909977747017
67 -8.169225174236157
68 6.55493460374062
69 14.033222269531828
70 36.72484752016536
71 -23.58689174009281
72 31.45861099361072
73 -20.51551641585897
74 -6.212411398163165
75 -34.137630360331215
76 -11.661964597384529
77 -11.61650840008713
78 -42.50733781149108
79 -10.506213906760358
80 2.50402806095455
81 23.57788708506081
82 -28.889854008930815
83 32.48330162740496
84 -9.695349414408446
85 -3.244367566487849
86 10.210166236044968
87 -0.19637873339559198
88 19.88795776409339
89 22.56203139919015
90 59.35241478691965
91 23.14256306121769
92 43.9504125755351
93 11.576462813096507
94 25.772945588572295
95 33.08162701770048
96 -53.28159849022826
97 12.994912141469326
98 -46.97149060094866
99 -31.06266939529932
100 -20.123199917950352
101 -83.49818293259791
102 45.13406951041606
103 -56.56217271113746
104 13.720852765561004
105 -9.751439482636856
106 -6.859141294580191
107 -20.479037254251935
108 -15.741572082963607
109 -8.369174775532377
110 -15.6035326441109
111 26.206813288656367
112 -24.434822015489846
113 68.8415402632463
114 -49.33709238561096
115 69.85761148926866
116 -32.28063926755563
117 39.0206893972041
118 23.80786048340407
119 11.545387686738689
120 3.3551455816874793
121 63.112898507323685
122 -24.869103601497837
123 52.526310395818875
124 -1.747283191662771
125 14.865120033657549
126 1.4997022223605538
127 0.0
