0 0.0
1 -4.198225389693978
2 7.170481311150756
3 -9.290680847231823
4 -23.33487130561009
5 -6.961847852568557
6 -22.528507251640296
7 -2.057327017700676
8 -5.654185996275232
9 1.6933347383849484
10 -13.210470478909556
11 -29.331324946156744
12 -10.795306090197043
13 -27.031081683022016
14 -32.27268506039033
15 8.947825740384781
16 -9.802384305634167
17 -12.210582814093536
18 -15.866662084371773
19 -0.9123698159604048
20 -28.778345955237793
21 -6.2474711867638755
22 -29.42397609880267
23 -32.1878538452463
24 18.87635781227699
25 -40.09653267891964
26 19.735630926988136
27 -48.613530299493775
28 -19.978908963610067
29 29.395241452137544
30 31.92440804902298
31 6.340095862497335
32 32.88473253539771
33 -10.662004104376402
34 37.18765523793789
35 -11.14626366257608
36 13.234815564619263
37 17.732028547326742
38 6.594754297793384
39 16.095845927230272
40 -25.492621364074438
41 26.05065706364013
42 -39.590039607715745
43 -8.21119305864157
44 -28.294091555312605
45 14.936592858697374
46 -58.60503180214283
47 -4.497219478552461
48 -32.52685390147244
49 -45.79398806793078
50 -15.947658848443115
51 -47.76903611511381
52 -18.194793668843516
53 -19.86713454811705
54 -3.749632558203568
55 5.019923731900819
56 7.243057791469452
57 47.836492867889916
58 -22.08165866546827
59 28.793217271681097
60 18.088070298575676
61 4.009037105370368
62 19.5042197654932
63 -11.46981544896244
64 10.725481916818705
65 -77.4749326082302
66 27.534069177364884
67 -35.0248982344082
68 14.927526562125935
69 -15.743050734056656
70 6.844874483851775
71 -8.389303390869662
72 7.299538690711754
73 -11.845607654702748
74 27.401022992609743
75 42.963626263208795
76 8.13273469273954
77 67.80996252490462
78 -17.62442255489951
79 73.72848781677487
80 -37.546663235044754
81 39.221533972874425
82 -12.925925137972992
83 13.132965041612842
84 41.030965870332956
85 -45.71141530078979
86 58.2093311759848
87 -2.5507847346149
88 4.10738862659326
89 25.426156100743036
90 -25.60393790570019
91 8.692580187715201
92 -27.44647629678313
93 -6.440745627549035
94 -15.374101235118982
95 0.32896078941782986
96 -4.242689682815598
97 9.70043593000636
98 10.312910336909898
99 -0.8627754664559324
100 24.894629082149006
101 -1.925731726001003
102 8.496633169652426
103 -21.62707937324744
104 58.88494277858145
105 -67.99946718519905
106 43.037886346545505
107 -17.93576380674589
108 -55.3066235950513
109 37.4432290626131
110 -73.1814809055938
111 9.839760480010302
112 -84.60543844359425
113 42.849725877150966
114 -97.25441940353411
115 47.07256750095658
116 -35.21017620590735
117 20.960736824780902
118 2.0695328913906486
119 18.97524663228213
120 9.709263311743948
121 3.8397157648042484
122 19.888842736941523
123 28.77772784823992
124 3.7742747986937584
125 12.064000707049642
126 1.0275476189081982
127 0.0
