0 0.0
1 -4.320014020607289
2 15.736605203088457
3 -14.12347127783481
4 -3.2487100082367233
5 -24.109515377091792
6 -28.0415656595981
7 -39.78992386830688
8 -38.93004366506346
9 -37.16820875079619
10 -26.10317806312277
11 -25.177305681092687
12 -37.51210047118978
13 -19.627369190845265
14 -23.671467419044163
15 26.84616957913964
16 -0.5243609964945602
17 -37.63971211373293
18 20.092803595325705
19 -25.172335149592044
20 -16.860453099370694
21 -1.5160013030843513
22 23.848758065891815
23 -7.732714654588256
24 19.3402701083748
25 39.350006863170535
26 -63.591122321567305
27 39.51167440951068
28 -12.804937142129054
29 -8.751958862983729
30 26.655637432922973
31 -2.150395685581286
32 9.105608760588323
33 29.490096565991298
34 0.24360698676464404
35 6.212095824779107
36 -26.157634350040663
37 13.06904540803286
38 -43.053802142598606
39 20.098763897220916
40 -41.83897013382229
41 -12.546324813585953
42 -9.132048826329516
43 -34.64892867595036
44 0.42921303233372593
45 -3.3534685031592963
46 -5.279657934502546
47 23.674989714287726
48 -34.133452713349115
49 38.65465013368256
50 -27.30148384867256
51 -29.83264630976525
52 16.796185104954255
53 5.616567227135176
54 0.7071789699392937
55 -15.567582151240826
56 25.081801589064632
57 -19.952573801835367
58 58.48516882646481
59 -47.38301894641752
60 31.40080658329568
61 -9.432795900149436
62 -10.92094341350742
63 16.27138818804022
64 6.734000589494874
65 -2.0107347146677634
66 67.00701207898058
67 -34.44312531603777
68 41.753693231764636
69 -0.9252191326286845
70 -5.1061296975384325
71 -17.468132696908537
72 -13.43875598437798
73 -9.655779798322907
74 -25.64307913374018
75 -7.193446982329595
76 -40.57382758127923
77 -2.32169460846699
78 -47.35765926475376
79 3.9736111342238893
80 -36.30678232247888
81 -10.680319955742915
82 -15.114865082275655
83 -49.04333463432056
84 20.985144707861174
85 -23.420802619114774
86 -48.57536098061671
87 47.69990124881116
88 -38.64012823649402
89 35.281991025448626
90 5.89215315514596
91 10.841211685441047
92 12.763789637674275
93 -14.451979456733588
94 54.43439161063416
95 10.87507597898984
96 21.05641680495632
97 6.079701075491225
98 26.325017287448716
99 -4.286494699968409
100 25.246995335439504
101 8.69313906559383
102 5.497746456195756
103 -20.078209579830933
104 2.605294803116745
105 6.6590679900760685
106 -23.242288325520917
107 69.01318527005496
108 -49.50466314036338
109 48.85015460141143
110 -13.08073167375334
111 9.140640216215681
112 -18.098160005174417
113 16.018323979416817
114 -42.995472406162214
115 -0.5441153864815884
116 -3.7484229180561353
117 18.703325828677126
118 -12.040972266784582
119 33.37379095779298
120 -15.60564604028451
121 32.92822208940938
122 -8.474799428044197
123 32.94374609326692
124 -4.5752826575971985
125 9.185209483626277
126 0.8772282987253025
127 0.0
