0 0.0
1 -4.3502013139208815
2 8.282659771226568
3 -15.661483561603212
4 0.01872515769026034
5 -11.942994228381252
6 -40.442978696124946
7 -39.58122735368149
8 -55.15085463674062
9 -50.128749031865205
10 -13.642669384373031
11 -54.61051873257295
12 37.24304944360638
13 -58.05643383721076
14 26.99177035597197
15 11.908817729431012
16 -11.52726492191884
17 31.02648433599119
18 -78.04143714925463
19 52.29021868428315
20 -65.14175570893802
21 15.986092872981978
22 -45.78320987716682
23 20.47803027382252
24 -71.93259459881901
25 44.71776044338261
26 -64.75632215868406
27 -3.362253341858329
28 3.0070934966456346
29 -49.3738225462451
30 16.633422200906868
31 -20.01595929096174
32 -4.113344708786525
33 -9.901229971298203
34 19.229050261243998
35 -26.567112520385663
36 18.19345868161752
37 8.509981592960036
38 28.14798021020272
39 -7.675275573986381
40 34.46886214642335
41 29.729231276039727
42 -2.4334475997107052
43 15.678759429506727
44 43.62966498994388
45 -36.397116639098186
46 25.950872492044656
47 -14.853689494559173
48 -24.604015884870435
49 -2.3601793076605895
50 -56.884811903203385
51 3.6616930118604802
52 -20.595013610086394
53 -20.959944663802272
54 -53.16097757116167
55 38.140249271085914
56 -22.37881363635928
57 35.77621257249891
58 98.31097877695376
59 -21.996782189995123
60 89.13885218978876
61 28.935006417264585
62 13.454394153860385
63 57.221146134520275
64 -38.09780991961577
65 -9.180087563006518
66 1.3984561092395158
67 -79.60279464944547
68 0.9920575862842186
69 -28.543593057558656
70 -17.30058246725339
71 -2.0917553883313915
72 -23.085660120291568
73 28.549773089435924
74 -2.7010328745779355
75 -15.572146062340444
76 21.50252203457039
77 22.066568555983004
78 -18.434183446294163
79 50.56749662323243
80 -27.620188472061074
81 0.36641067743357053
82 -8.38476776360594
83 8.124668155230381
84 -55.24102961295361
85 9.166802007520799
86 -29.46930097174569
87 -30.66258434678871
88 9.77076639014229
89 -2.5306048255166043
90 19.033964847128104
91 -30.11465413389714
92 64.31732568826321
93 -18.591823258382654
94 64.28727907791463
95 31.81050196786789
96 28.029299245473393
97 43.14205185358357
98 32.251340736479335
99 -30.087050202156153
100 50.50661350733298
101 -20.53996161364168
102 -16.789229506502192
103 13.939374137448505
104 -37.17418704162626
105 -16.816879571415562
106 -19.856276313506196
107 -9.596721630413873
108 -19.380374273300266
109 39.47695038676636
110 -109.48993765406871
111 48.01232677103531
112 -77.13976837362264
113 10.527564308020118
114 -28.640979487374217
115 22.995480116881335
116 -21.116081822481014
117 16.23056886737543
118 10.799078245393146
119 -1.0025453165476614
120 45.256336996918236
121 3.3749891782418
122 6.948368048394057
123 40.80481901443121
124 -6.7092427689935175
125 11.285297262643027
126 1.7317072315634372
127 0.0
