0 0.0
1 -3.4800805239118286
2 7.97917411897764
3 -7.994218895310991
4 21.360289187120983
5 -37.314411045691344
6 24.345916696306507
7 -41.71712810789651
8 4.303746462611723
9 -44.70440437166093
10 -15.804233308611856
11 -49.205715530253514
12 6.21524589839754
13 -55.529664993075855
14 33.339327367514116
15 -68.60104870222298
16 27.544319639081046
17 -55.23043926727192
18 9.330733331800312
19 -5.771244405926185
20 -51.427409823048514
21 3.709732703892685
22 -91.17495947388115
23 60.37700135616929
24 -73.99285158076191
25 49.68471673703779
26 -57.21620831662343
27 76.31344981652892
28 -65.32726303650433
29 75.87105707613388
30 -8.799283397991383
31 16.049370225786294
32 43.761335752863
33 -52.533515747318525
34 54.27227427788355
35 -50.82967044730948
36 34.01663325019659
37 -23.911915508599886
38 -7.939571664462304
39 -1.508768792375449
40 9.57472985586576
41 14.398185623066087
42 20.183327276342503
43 32.6110561810598
44 24.520628729529133
45 -3.1574916326834805
46 55.88271773706141
47 3.6366755843989527
48 54.255446448976365
49 -10.603788135242104
50 -8.166751862040377
51 25.662330922905763
52 -68.58420253961977
53 -2.3963233447617673
54 -21.67381963733723
55 -11.62587839962098
56 -25.763421043908572
57 -33.51633808304068
58 -38.441610483713106
59 -41.18781609628897
60 -42.69503575501712
61 -2.37378113588783
62 -80.28682681367762
63 28.159122439580802
64 -58.58808673162
65 -5.3526085822218485
66 -11.38163274035972
67 -8.335121508007376
68 68.49135345529199
69 -72.0895508827627
70 19.87502547409267
71 -2.2122697612730184
72 5.160359670859349
73 -18.692955025986425
74 39.4981571769471
75 -35.38564359219944
76 28.403652886448018
77 1.891562247031029
78 18.254682121539467
79 22.441726341028918
80 -22.780294730748096
81 -6.135399435170949
82 2.815449730765998
83 -39.328167190500274
84 3.661009712476653
85 -57.69042553008673
86 -36.10013170371481
87 0.8402667453900328
88 -59.10473243901423
89 23.43735479810693
90 -20.90090905274753
91 15.27033356335506
92 -12.406139779750003
93 59.66262817691364
94 -2.4412073105696326
95 -4.147320321879661
96 106.71041552116252
97 -16.787787630330772
98 61.25572908375635
99 15.646272682971496
100 6.558746738617051
101 12.594415158434963
102 -11.710512875082541
103 19.54707880870886
104 -24.962820641347164
105 84.38910366733323
106 -55.65366117854409
107 53.093655407838895
108 -10.97955608681912
109 0.09153051284801882
110 36.206544417225864
111 -50.00007061344155
112 47.41860388622526
113 -62.99686534935719
114 43.128667998270586
115 1.1435746745035538
116 3.4184698096664214
117 22.814142192619126
118 -15.278232724489952
119 65.78215297539133
120 -45.961665213786674
121 48.59865714960594
122 -26.117619183757842
123 38.97232363882981
124 -22.899503914374836
125 14.585139664049281
126 -0.9661140157992587
127 0.0
