0 0.0
1 -3.9044424648076363
2 7.298031054190075
3 -12.151675179541257
4 -7.588404877196694
5 -9.687538593902065
6 -30.7849517801985
7 -29.273569152384425
8 -48.11762527039297
9 16.89746539681416
10 -7.3862451108409255
11 -62.88244031782491
12 11.947395620502782
13 -27.85012986388805
14 19.86252090787363
15 -35.86193108941956
16 -10.032406324192616
17 13.997309330759675
18 -56.4900172783579
19 72.55874191033803
20 -86.97833554340981
21 83.98990818016959
22 -43.59476581061473
23 18.723024414887576
24 10.974707903210684
25 -25.307872069810617
26 30.489991780446616
27 -61.20095959536206
28 -21.042018751947577
29 -28.41010920708783
30 15.058099542814603
31 -44.65275958803958
32 26.707805487868715
33 -84.4096174030809
34 49.914172054152125
35 -84.31400667198699
36 -24.10532981422158
37 -53.825575446846464
38 -33.38432011497999
39 -25.670418160704358
40 -67.89914365095501
41 29.04949712500015
42 -65.11880468234791
43 5.232752627252861
44 -18.19388001161348
45 22.28778797221337
46 -23.129241089840942
47 41.22016124346022
48 4.657141189492047
49 11.00844572567845
50 68.35273442969029
51 -6.425379798270267
52 36.38134445588301
53 69.89741518478375
54 17.30566491792438
55 49.48869128174647
56 34.10879954297375
57 65.74134814970968
58 30.17121068605567
59 66.71832371604988
60 -25.579349861551385
61 24.562605115870536
62 -30.58108605130752
63 -11.175604067387967
64 -4.670031274622316
65 -97.15980242569219
66 17.46882971617061
67 -107.92435989165637
68 42.01392859052811
69 -63.53882938346013
70 -2.9692731956615
71 24.95490405943646
72 -83.24543799954793
73 16.14649547837867
74 1.4957620529316065
75 -50.15463840603922
76 18.883701951005516
77 -8.896526399073093
78 -13.761655216387158
79 10.033921575564994
80 -37.7744340592779
81 -7.63857986385825
82 8.700233858850995
83 3.284200955472934
84 10.840435705868105
85 42.36140827854959
86 8.60555278424668
87 20.005526739754686
88 11.527687118553517
89 73.6234692311624
90 43.662164331359946
91 7.639944183407196
92 87.41610667666924
93 -40.69094661554568
94 53.86674384834505
95 26.283146596764137
96 -4.2854610633796755
97 47.34829820562476
98 -4.205199167081048
99 24.231024157868784
100 -21.14004439608441
101 29.31069026009215
102 -58.61760850003108
103 33.764621880100954
104 -52.540747783375245
105 -55.824486921666924
106 -2.101728742216357
107 -116.8964510445351
108 27.082239439544413
109 -91.0603151545805
110 -34.2732072450385
111 -5.572105185207585
112 11.905215553323039
113 -10.90086794779155
114 -7.977028876792998
115 21.256417224005787
116 -30.963977013204918
117 40.70634425402957
118 -59.21894196300273
119 92.09854632463785
120 -26.492549846491155
121 93.2388411859683
122 -4.548786300528476
123 27.08054815984346
124 4.903049487990844
125 7.5409789618185625
126 1.6013012604938341
127 0.0
