0 0.0
1 -3.3990156621851964
2 9.70405835698668
3 -20.141337045080196
4 6.425085002964918
5 -57.27309017771513
6 -0.7848004203307898
7 -52.18625569423215
8 11.198080808918942
9 -52.59869404511442
10 44.39067505387561
11 -11.458314851007824
12 19.90383702397293
13 13.526718848821147
14 -1.4118145824826214
15 92.18581820209381
16 5.9362185281503566
17 71.3488851309143
18 33.56587124835554
19 60.47527692033875
20 -25.536596160821443
21 57.11417026609535
22 -30.332132044545737
23 25.016715519997653
24 -53.15335253452408
25 10.616231522841005
26 -52.20279842954104
27 -7.360052411302809
28 -34.504449545114845
29 8.720499954211755
30 22.43161929210079
31 -34.998560738772085
32 42.39715795398288
33 -43.04681466350662
34 27.16072605361489
35 -52.57695707203681
36 16.0911873050997
37 -6.659793554978369
38 -16.80485097662773
39 7.252854849195303
40 -1.9390134738373161
41 1.9574888468407459
42 -2.527635736564444
43 -10.522139860249135
44 36.47602508024024
45 -47.972502249904274
46 18.41895785417395
47 8.558353166287118
48 -37.9059706411054
49 41.91669532080654
50 -8.128247064445008
51 -6.2245925139479725
52 43.83592262293703
53 -44.18622810329687
54 26.30370258126577
55 63.357830293342836
56 -69.8367383730045
57 79.75238440113428
58 -75.19536650468507
59 2.464421679849526
60 -46.531196201585644
61 -28.518898907996334
62 12.907296820222246
63 -65.7278609898703
64 33.44409825839911
65 -46.25033306485907
66 20.27591351821097
67 -43.51752749415703
68 53.39540743494756
69 -5.104181443090283
70 -33.55819521080194
71 48.50833293447496
72 -32.39463570384671
73 12.838015964513103
74 10.605249845071928
75 -38.63210192049848
76 28.589459128947297
77 -17.919657360639192
78 33.48670052046162
79 1.4203686666606288
80 2.1498319023452686
81 26.925699584998863
82 -23.676215291094667
83 11.290769657368894
84 -12.976919517533059
85 -8.612968548238173
86 19.4105460480206
87 -1.8922642072255549
88 3.9920624705686643
89 -12.728077789689172
90 1.7971027017101098
91 -34.384952344885036
92 10.165809830184768
93 5.574644207968892
94 -15.583904609625964
95 9.938009096818396
96 4.994322869158111
97 17.701816974182858
98 9.759131210318913
99 -58.09968140347042
100 17.452849339698297
101 -46.2264450451306
102 0.9197351141969551
103 -14.73159761630152
104 -47.41295732404359
105 -15.269514463007514
106 -8.087588637683726
107 -7.529315603607985
108 -13.521731644387119
109 32.4819361548878
110 -40.15986284357618
111 35.67905294754511
112 -46.31140297214386
113 22.02351914192165
114 -39.939562828914646
115 19.083791013225415
116 -54.0567609798222
117 17.997521526349846
118 3.5245258951321357
119 4.752194787301693
120 -29.19739435709906
121 24.538542701350707
122 -18.320499524148815
123 38.49477973649217
124 -3.892758430792495
125 13.171822586714324
126 -0.5229087767871948
127 0.0
