0 0.0
1 -5.409197127208985
2 13.292909949488003
3 -15.829111677439032
4 7.6778348670651075
5 -27.912799141442076
6 -27.480869893750995
7 13.07229104250244
8 -116.57479790324906
9 31.98698878650989
10 -86.65275442704095
11 29.56723331322957
12 -84.3593079707552
13 -25.406560093640653
14 -16.150391383517853
15 -47.76833670138442
16 33.902576080209016
17 -54.028672769209535
18 22.674451948649693
19 7.29143277163161
20 -10.800141182387582
21 43.850764930264845
22 -39.60369004133846
23 53.413472722488045
24 -8.46562357670426
25 9.70991781893416
26 21.79964307806885
27 10.364984526060484
28 19.609138735222132
29 24.209066957867226
30 22.022210821254205
31 46.524933572480094
32 28.13069869294782
33 37.06596264533359
34 3.4548431329939318
35 -19.593320760760335
36 26.912536761486425
37 -58.17210967340443
38 54.5611966014581
39 -71.50469436612087
40 41.0582357730685
41 -8.409658857129669
42 38.75188411252416
43 -1.0003035010969168
44 7.953211391189092
45 30.65729061699337
46 -75.76356645733837
47 52.196635617028846
48 -70.54792674639478
49 23.088312580573206
50 -11.951795384256956
51 23.068685457922737
52 15.01824872682919
53 13.413506320870876
54 67.98656529716082
55 -53.40700467977984
56 8.13410182334264
57 -46.840526865227375
58 29.16671531393284
59 -46.09590218507832
60 10.96447970229466
61 -15.76005035535815
62 -22.999314097781586
63 21.979256500543986
64 -69.01827092397916
65 -40.69445632192985
66 -17.937017721851603
67 -13.140412789624477
68 -32.48853957567086
69 -11.094750303441517
70 -12.451512624785385
71 -6.613260059561957
72 4.735926912218676
73 -20.356246239260233
74 -19.72398278535366
75 17.71938627717858
76 -11.993452600291794
77 -2.849078081146219
78 -7.872913299694971
79 26.123778213063858
80 16.321190004840304
81 40.62326993353509
82 32.42548998913764
83 18.36710400425692
84 -6.154785450880619
85 89.07999452912094
86 -79.58629719116044
87 103.7403121675201
88 -5.152055000459245
89 -32.806833623161616
90 58.58390874886339
91 -75.30504040278642
92 64.20109995739183
93 -44.90204938151274
94 56.097971508630124
95 -59.3456806799234
96 65.76818181755593
97 -30.241356578939378
98 60.35229138541493
99 2.71396620218951
100 54.050405244054154
101 37.77487070597399
102 -20.379437203111163
103 59.01350541727266
104 -65.0522929150644
105 48.710453243758934
106 -70.27470500417522
107 25.704676045729297
108 -39.857159605342396
109 -0.8498535552489884
110 18.15632750136912
111 -70.81218876606266
112 14.135893035369374
113 -33.67964947414905
114 -58.91869687014544
115 8.662463692595075
116 -79.79397205964244
117 44.15963784521355
118 -36.82206562297347
119 19.684547015605165
120 -18.918050900142855
121 36.93171349711964
122 -30.622409671774133
123 27.079668056001182
124 -10.272102622219885
125 7.737769888044135
126 0.28980857297487106
127 0.0
