0 0.0
1 -2.8947859224328782
2 13.463546134175914
3 -14.454018738101727
4 1.5576683063976409
5 -18.5147201417431
6 -8.970590911954337
7 -35.782705619921934
8 -35.92432615113256
9 -6.484105848872423
10 -43.12442574083415
11 10.248805885895806
12 -35.25322809847274
13 2.35862473783602
14 -62.051844896588996
15 -7.1654938854789005
16 -40.8522477719269
17 -31.381171275758632
18 15.203927046117283
19 -59.95927857351956
20 32.7841208958792
21 -52.16398136982654
22 -3.3813376347765063
23 -0.6968599292592572
24 16.487567501384305
25 -7.375775572846649
26 22.63559008269848
27 -12.988638738588708
28 42.861411875151234
29 9.925006981065296
30 -14.94359446666263
31 25.80593271294402
32 -24.80182611559299
33 10.034228051549878
34 -24.33008089112174
35 27.52398521462427
36 -48.41554285948009
37 17.47896202511797
38 -11.058095815183133
39 32.23086427030959
40 -55.250876929114824
41 45.39747178511714
42 -44.54106357015222
43 -13.035187358521497
44 17.97525595766882
45 -19.109951711169206
46 -8.819919836790795
47 -11.950250427777634
48 27.21186302970924
49 -27.341743000248943
50 9.884244899777064
51 14.579694034479447
52 42.05141420794795
53 -11.479266329030635
54 53.68605678033323
55 -22.106388476865597
56 70.51102689121174
57 13.16033471086048
58 -0.5411413245284499
59 27.375815248962677
60 20.058431188980993
61 -14.652007362414551
62 22.764946551827027
63 -84.35638652223146
64 -11.658819986079212
65 -40.49110151875526
66 -16.915399791377585
67 11.550918055580777
68 -34.663183839597465
69 0.5245584253476123
70 -29.812967101944828
71 -9.650090671422355
72 -17.73928168672418
73 -3.51598418604174
74 -31.111267162008797
75 55.55365232240181
76 -75.22450796968076
77 106.55795117759601
78 -39.10515913091039
79 1.1634243937368343
80 61.02511144005975
81 -36.537155738597775
82 53.31169342385001
83 -18.331840653113186
84 56.17915965158527
85 -3.681307367102159
86 37.34235502443449
87 29.374818574193494
88 -21.396139261562023
89 88.40226490343576
90 -84.27510964974024
91 34.66484431548033
92 8.005276378701108
93 -39.4226672538466
94 10.916453107637928
95 -39.62961149807116
96 4.6900915570511374
97 8.340207192592889
98 -34.198409239570935
99 5.778644554314119
100 16.32168535317953
101 -23.33874533098795
102 47.60579660444572
103 -12.358331673390392
104 -3.8486876420188767
105 -26.299389332143967
106 7.1300711874041145
107 17.42274092071155
108 -10.928153210364174
109 33.482035160466694
110 -4.180642383647844
111 9.817613098785285
112 12.364357133931987
113 -37.678416273902045
114 29.81545354952964
115 -41.38119711990539
116 30.993956163877787
117 -35.85239599066569
118 29.62605196823124
119 -19.592552932488164
120 0.46923334098457614
121 22.0735201923532
122 -39.30431085041626
123 24.665500477137073
124 -13.564914126669036
125 12.917093143169502
126 -1.7179234793408702
127 0.0
