0 0.0
1 -5.388108338154417
2 9.410909148784432
3 -17.665235133873914
4 -9.99677063449879
5 -13.04139856922797
6 -38.46705036730817
7 2.673317924436201
8 -15.372357868017415
9 0.27000620570823286
10 16.14235711590821
11 -19.062527060900422
12 56.80380684742558
13 -44.885413488741435
14 -15.640787200827
15 26.862879546063187
16 -44.544796076928385
17 79.50465201683953
18 -53.081609864471616
19 35.15485062498862
20 -9.86980971547878
21 -9.09620646921793
22 36.655106273206485
23 -38.64097437952893
24 37.220454153261144
25 -15.475260585065387
26 34.48893647550359
27 20.625379982910108
28 -46.65013852416946
29 26.959823463359495
30 -39.54114236410147
31 -37.20864145472431
32 17.954524430946385
33 -53.684883930057865
34 39.43352186157265
35 -70.60083370073536
36 26.689648931699196
37 -20.798977043587268
38 10.392628744716655
39 -10.154847412019746
40 -10.396155837935437
41 18.99227249041012
42 -49.940502063133124
43 20.023839440246395
44 -52.69561289013992
45 31.14639910997645
46 -50.508588550546335
47 56.545584148311754
48 -68.47957037896752
49 37.87972621227668
50 3.5251897434535806
51 -14.361187741761048
52 0.9048040715935141
53 -11.800861471107922
54 -4.603287724515205
55 -18.798230113527016
56 27.847284553891907
57 -40.609387554385705
58 21.992375818380253
59 -28.231385222571237
60 -20.379530226841055
61 46.734126717753405
62 -13.412896439501852
63 36.34963273020895
64 0.914885539876389
65 1.9397628764244017
66 38.379401449484675
67 -55.23694107355129
68 48.45982453244123
69 -52.67579566328611
70 42.06102217881651
71 -61.164980245493446
72 42.70269897281637
73 -22.091976931139527
74 -19.27267517355288
75 27.828552187769546
76 -32.40641191542417
77 65.14465114876157
78 -73.57519527441144
79 58.65889944154931
80 -46.08927419390602
81 30.018078965084573
82 -34.63579599100061
83 -8.08838632269433
84 -11.087757742464301
85 -28.767581145255726
86 32.94089275402422
87 -22.675897440673094
88 -12.780335970542405
89 65.11021198592319
90 -2.6179080441539173
91 36.28755113039657
92 50.0162392248748
93 -50.62757822561937
94 67.45520487803581
95 -56.58650992850565
96 19.517735900342302
97 -12.984443511253879
98 -54.989171729118496
99 6.3415516864051105
100 -44.86390426067316
101 -20.563995804526026
102 -18.80196721818955
103 -49.92522949850042
104 48.55699069994764
105 -34.587082478455535
106 42.51486410901549
107 -29.196229939095925
108 -3.4230203711500384
109 12.078053442128283
110 -17.35180934339886
111 2.9943818915408142
112 -56.67973424749797
113 40.35202204002926
114 -65.84472326329396
115 28.959568796604223
116 -1.2279566942795834
117 58.95588979842726
118 -1.2930700561862922
119 51.828663051843186
120 10.624977207559658
121 54.28250566630841
122 -0.21691318419806993
123 29.227456227862568
124 -3.4782372573063345
125 11.859132079209823
126 -0.14089526165482513
127 0.0
