0 0.0
1 -2.846906068892223
2 11.013699146726788
3 -9.039198596073314
4 14.065904848619681
5 -5.839907993506533
6 0.2906672600838037
7 18.131634799604093
8 -56.93174541382419
9 59.17193040739286
10 -85.78021096891239
11 -0.9098579349490279
12 -35.94204485049607
13 -58.03885621131008
14 -8.26681136254782
15 -55.24718211627964
16 10.106717882912452
17 -39.32629359104833
18 35.28496404468068
19 -23.48065306048014
20 15.495298860504985
21 12.62379285132668
22 11.736935980923318
23 9.20391433541356
24 3.500726923905546
25 -41.48523563624639
26 1.6989098156228153
27 47.73808482180845
28 -40.8343396697477
29 41.381074130929655
30 -12.361701829133795
31 68.3148635631623
32 -49.61874650310029
33 63.54556164906201
34 -65.24735784048647
35 49.2864189189569
36 -25.41173217514484
37 -25.25097939780169
38 17.43884198211277
39 -95.83928942676548
40 71.91688354418245
41 -104.8470160286605
42 98.19551214192549
43 -30.199460449461824
44 4.200361247831619
45 25.656221361385228
46 -2.366374588306957
47 12.292305624484579
48 7.753488407009341
49 -6.789014506408413
50 -11.564844241219102
51 -1.9685888178482105
52 -26.109002331507956
53 -17.662814295069403
54 -46.443487436891985
55 -19.13470998861094
56 -19.51456325927682
57 3.757514995105671
58 -31.851261337002846
59 10.419235179679083
60 -16.70436961922187
61 29.93885313585142
62 -0.3295606675772333
63 40.99355044452085
64 -28.500326402950815
65 39.98031246547559
66 -18.080771778442212
67 62.833228268088455
68 1.2543632710995047
69 32.408062127361475
70 1.3843232617239623
71 -11.834636674257936
72 39.58511430355993
73 -29.926148361859234
74 2.858060639192839
75 24.593087113601882
76 37.33545288332336
77 -23.994031332875537
78 35.942244166485644
79 -68.09858590251076
80 20.42842591267165
81 -34.0807853300877
82 -8.285161028049265
83 -3.9157571805323825
84 -19.28358779896747
85 12.501830626796597
86 -8.217027308046434
87 24.956736269085674
88 -27.703333721615746
89 37.4877552961122
90 -15.70162003694213
91 19.455709879531685
92 0.34026087992790083
93 24.82093853439268
94 14.005304891050498
95 -5.705889905501403
96 34.78222418297992
97 -62.009040231361105
98 48.01838344688966
99 -36.334102279162366
100 13.124530383788803
101 24.992880218081215
102 17.898945541869498
103 -23.26979416083477
104 31.846068584214017
105 -29.973357133245386
106 12.837565442277516
107 -49.7296094215956
108 -19.04283951746072
109 -11.547844925544243
110 -78.3255503845853
111 32.29150259145934
112 -62.941164932909295
113 17.342300978573796
114 -36.0026616814932
115 -16.014693280850945
116 -77.14911840880863
117 30.86409478484018
118 -97.73156091306176
119 57.24351988627861
120 -40.58295130505672
121 17.817866740179113
122 12.045592886587773
123 11.04855991743998
124 4.321965842383263
125 6.903593033751175
126 1.899045519757131
127 0.0
