0 0.0
1 -3.8259973783430916
2 9.155748330903455
3 -25.710911837348252
4 0.25479496778105376
5 -18.034220419599148
6 -52.49717509089477
7 -22.344589100652236
8 -95.39633754001231
9 14.277450669114579
10 -100.70049170439378
11 12.634852061038096
12 -74.2587373523156
13 10.96504666779985
14 -5.159070887977403
15 -13.511705419879544
16 15.005440655170693
17 -33.45807734156409
18 6.297816853188731
19 5.570004353711113
20 23.49148155286208
21 -14.627477623036027
22 21.89504791559655
23 -14.546327216253731
24 36.39409261610709
25 18.26805068292273
26 60.46330615795482
27 -25.39168212622804
28 46.420612595369896
29 -30.546088332746447
30 29.204180860730432
31 -24.312869753980138
32 47.867999988299424
33 30.53080715377681
34 -22.143706974700176
35 13.779836754050947
36 3.536558294325721
37 60.027611472465956
38 -9.35704324176409
39 16.744148286485952
40 -17.136274712748172
41 -3.0291119967728743
42 -39.78465696387491
43 41.204980265846146
44 -66.28994587392097
45 26.91973755985471
46 -40.13357918515867
47 -22.058429561136606
48 -6.713330765020319
49 -49.3349242422246
50 -13.915382632475206
51 -5.063383932899296
52 -38.324368860617604
53 11.214858297399878
54 -75.57849647250374
55 -8.508458397431529
56 -14.879250427726086
57 7.517722452723259
58 -13.686488704210616
59 33.43493469919911
60 -30.413738643265496
61 20.25240073236988
62 36.49917254205868
63 -47.05789520151632
64 78.58506972717922
65 -56.47756009511087
66 125.7771247784473
67 -85.96555795051707
68 73.85829236538508
69 -8.289655736498158
70 -0.13015064409786412
71 81.03440123889924
72 -28.52972143078272
73 45.92257261060275
74 -51.48740430352422
75 2.6650969827292723
76 27.988523638028028
77 -13.197904832326769
78 -7.48294062944694
79 4.5021588307454685
80 -24.318634814098665
81 5.561160582968594
82 22.792006879009453
83 -20.37076001313434
84 -4.720916693819172
85 -17.367589661371653
86 17.75679500107122
87 7.912072454527768
88 -7.837718207797743
89 2.88891592375375
90 -86.02277256349122
91 9.57512897951702
92 -60.428239859595365
93 6.656529794794859
94 -22.741971237893168
95 -12.914395013977506
96 17.262700778099934
97 -46.77231845274217
98 43.92317820105826
99 -15.10006365472541
100 54.62425419503727
101 -29.281075654204503
102 56.705272281664584
103 -46.750894901250774
104 32.53367985146424
105 36.34949272573834
106 -9.939344853342412
107 0.15945443267341405
108 -7.7344947014062315
109 14.404712072959379
110 -62.931378051576196
111 42.07016448882901
112 -69.14917486857044
113 60.39959778922252
114 -101.75089553835105
115 72.01032413585642
116 -107.9767906044991
117 70.80910427725482
118 -23.63215904447074
119 22.05682397404462
120 6.626255923291561
121 10.978142627723392
122 19.123412464875013
123 6.969132625822638
124 15.96392877244336
125 6.492976217026721
126 2.3354727712220478
127 0.0
