0 0.0
1 -5.304725348756179
2 11.829368670593253
3 -30.908543713254605
4 -9.96989107149334
5 -5.467619551987146
6 -46.94577790053299
7 6.7206056753319725
8 -54.01151047332155
9 -28.845818794473843
10 -20.775925924467504
11 -19.38933383385057
12 -29.58322948039291
13 34.02708086912081
14 -40.5261552877105
15 81.28167633111343
16 -43.69120715872936
17 36.455363091520134
18 -19.920925263346792
19 27.831163820491568
20 12.027642894069448
21 -40.43466631529048
22 17.41353517066085
23 -39.827962830345854
24 32.18890258951837
25 -21.059619334477855
26 25.114345295454708
27 -46.702105743453856
28 26.939490711390185
29 -14.421531859662936
30 26.295279806857735
31 -32.89426724566315
32 -14.999927832593082
33 42.48356792756559
34 -24.035183067416106
35 22.294909541148268
36 0.804691276965658
37 -35.729109286141245
38 34.77965904509921
39 -12.179654021424671
40 10.048255472633297
41 52.17300873978235
42 -52.144579450227255
43 46.201132547987356
44 -74.09323331484882
45 -6.652429232053973
46 -3.966660246341344
47 -26.108352570514043
48 -13.923137884045168
49 -25.294760534559927
50 -57.82375358457906
51 -11.831216884720277
52 -43.06796051846492
53 -34.58350062639084
54 -65.07513970321979
55 25.77336321526288
56 15.351166132804217
57 -39.83406468924399
58 22.084315395725014
59 -39.25684508826535
60 14.917366763570278
61 -20.1829677409616
62 26.611329117754575
63 -7.68634006726436
64 20.200699506366917
65 -16.483695281907426
66 79.40678136736297
67 -17.49896317077016
68 46.55797781872715
69 22.650548219519823
70 34.20148929953931
71 47.656165161654364
72 3.2241406337720466
73 39.11765878701985
74 -2.9327702223841747
75 21.799260924695478
76 19.05186727560269
77 11.941680974767456
78 -33.186592981421995
79 42.167671584328126
80 -91.72392957444438
81 10.415945911372622
82 -28.638623373640502
83 -18.470867006979496
84 -9.058949778250753
85 -15.779402470527636
86 13.453084629718747
87 9.51933558645455
88 11.503666248445068
89 74.00480233738224
90 -16.756872692240727
91 33.20791706021937
92 -23.229581660994995
93 -7.714992866336666
94 -3.819685378155583
95 -45.605679310946684
96 11.742384244843114
97 -41.256990118690844
98 18.204716721242978
99 -35.86103999934181
100 -6.536091670248591
101 11.068396566821507
102 -11.309015980371116
103 -14.577581161016823
104 17.544232899504845
105 -34.15393604903027
106 60.895963351182374
107 -9.684125027740894
108 47.73991733717289
109 -13.055362784654683
110 13.640257210448597
111 48.26800288189052
112 -98.63247842911701
113 91.72557683230353
114 -82.02995264480836
115 19.13186620990363
116 2.9464657912927286
117 -6.069170331282336
118 -20.517527851617817
119 8.339798494668983
120 2.945045591225639
121 17.9627797244951
122 2.8463928942703127
123 21.550595136460128
124 2.3298608711540196
125 11.416045135484719
126 0.9804984059789406
127 0.0
