0 0.0
1 -3.0846249326068156
2 13.302302601443364
3 -6.372230748751242
4 6.773498298815263
5 24.09933468797102
6 -23.003680483047663
7 4.634807790703573
8 -13.304760445804458
9 -35.1666355844553
10 -30.312735685116884
11 -40.199461725932636
12 -0.8635413178769044
13 -59.5752188576288
14 -55.11349961261169
15 -26.16855794114248
16 -31.957615825110096
17 -52.52032464891731
18 20.154365453757293
19 -31.577393004302614
20 21.657195577458136
21 -15.772390324839492
22 22.68600197827613
23 7.948759156146038
24 -27.75725489515543
25 52.47708741715574
26 -58.2067667671895
27 19.530281320500134
28 -48.40526875104201
29 -24.482449319207998
30 -8.673363333600218
31 -1.8077676771105469
32 14.313026567178696
33 37.38713390167178
34 -33.96445838449147
35 -8.239473830636632
36 -7.503722802904148
37 -51.51845276419771
38 -15.353930858915833
39 18.079375378812458
40 -18.378646567531906
41 14.559445260698881
42 35.36274903125191
43 11.153861476255551
44 3.3234065515206344
45 36.37679966135941
46 -50.08698032682987
47 21.088800972138433
48 7.666109779355664
49 -30.550792004705087
50 33.27977271208568
51 -27.742362778239514
52 31.279643224700546
53 -3.6257183119650995
54 7.4562074425463365
55 -0.13285595558536833
56 16.150901475000037
57 -23.199364987333666
58 -22.37989103393992
59 33.02017929648943
60 -33.23740609869671
61 4.8446093238166945
62 -17.807237966970593
63 -16.03231805815773
64 15.976844693164605
65 -56.69712678687689
66 44.072496776985155
67 -58.9821338562203
68 -20.64571244595286
69 23.80510794646401
70 -54.78888453388336
71 10.115811943671355
72 -26.60245590204
73 12.644328492360657
74 -21.65552845549907
75 -4.664100666359581
76 52.03117065921612
77 -58.96588543089351
78 32.44708051860302
79 -45.95566095986815
80 14.453780577093665
81 17.285661614503883
82 -31.689903481753458
83 28.644513774171003
84 -6.236128517824752
85 47.74639322994296
86 -38.28357160226423
87 41.11949444049849
88 -4.891944420141048
89 15.83139010270837
90 43.39448188089403
91 -44.54210931603649
92 78.06172207375035
93 -31.21752283844595
94 25.371497068102375
95 28.360640155334664
96 -20.216872872587075
97 29.698748004981944
98 -3.4933877541117
99 -23.03345191740845
100 37.17536751177333
101 16.85292618456645
102 -24.73097974373698
103 51.91710566422437
104 -51.43606934878637
105 -25.041055092906053
106 47.30701438276511
107 -73.59221642587829
108 -1.1414784832463116
109 -10.911489903850343
110 -50.77483289919344
111 -12.790336364038616
112 4.272598763463128
113 -51.22820658722715
114 -30.610905430466506
115 17.09597243482744
116 -103.25518826858746
117 53.17882869292237
118 -56.3010824469039
119 16.93129835566872
120 -9.364246163257395
121 22.27947957469704
122 2.1284717630763397
123 27.108438041694782
124 8.98749399764816
125 13.675150050638806
126 0.8944017500678692
127 0.0
