0 0.0
1 -3.5038385512246513
2 10.43584027451372
3 -9.408396614611696
4 -11.510838714998824
5 -8.596217153142637
6 -8.966946905326727
7 -28.257403831946363
8 -1.5360487896422361
9 39.05208194450175
10 -37.70047618942801
11 84.96047168614231
12 -8.45250070281954
13 32.75760286547885
14 -7.532770199417662
15 -32.25665846628371
16 -30.323117918669368
17 -43.862093460470845
18 3.7601931958012704
19 -79.85569861387359
20 27.541069853672514
21 -99.57375309181467
22 12.555189748573046
23 -28.308153694285068
24 -18.94340029816265
25 -10.678830261913419
26 -58.82534351280381
27 60.409777905661066
28 -78.8885525688799
29 34.85190976730122
30 -55.80247469558616
31 47.12899815072658
32 -19.461971819416522
33 7.993597409971284
34 15.156369426506616
35 -55.822041877013504
36 55.029160004075116
37 -34.68346018502225
38 23.043263522130555
39 -13.528461043107106
40 18.205191056919297
41 3.1852937407392368
42 28.347987895186968
43 -8.61018361240256
44 33.8188621760243
45 -10.636285253171955
46 0.9565624782106483
47 -20.700711422505996
48 -32.418262989357345
49 11.327360590129604
50 -67.91903883431053
51 30.44474942343613
52 -107.61890239080158
53 -5.07981713294503
54 -44.650287107858034
55 -15.3411379063571
56 -31.147868412450606
57 -5.2542318074490275
58 23.53374605994074
59 -3.2551172364781533
60 9.746469216326316
61 19.591076597595894
62 -21.302058280709602
63 7.954778083517922
64 24.45327021128729
65 -14.858856515902984
66 1.9084396481759205
67 -4.718526074776559
68 5.713311570956617
69 24.452902557619353
70 -21.290723085757232
71 1.1296533016289303
72 18.870363208332623
73 -23.93529070330026
74 15.323554689796051
75 -52.88379986875329
76 22.480375341973858
77 6.276354158996362
78 45.44396789652349
79 -38.21329702195651
80 40.548437459082464
81 -4.018226156157335
82 36.51102160426703
83 44.254818090861114
84 3.8446938264600097
85 44.37328361356808
86 -20.645229062779045
87 51.08232682269985
88 -68.05637746605453
89 79.98736480192291
90 -97.49715382968841
91 43.02883890540362
92 0.6182026950503443
93 -44.673960828841565
94 83.16675435753186
95 -45.93254751649046
96 91.80660924781233
97 -19.56586655587853
98 46.981920778152514
99 -5.640021062946526
100 54.63958706001495
101 3.637962969287788
102 -1.972578298740152
103 38.48131248325386
104 10.103340920729726
105 8.270193113718598
106 3.5445224563484485
107 39.05839923404698
108 -82.17691280146212
109 39.070306250176024
110 -40.242438086400966
111 -36.236740283046124
112 -8.415828650816051
113 -42.946622582716486
114 -46.98555269792379
115 -23.663710949049065
116 -57.128775579819084
117 14.880137037721157
118 -63.84095618811795
119 39.55303366372925
120 -18.571112006139426
121 15.964398478771685
122 9.053150962201348
123 10.810973895676511
124 5.367741408295149
125 6.571143931941047
126 1.489023771490207
127 0.0
