0 0.0
1 -4.470407427000485
2 12.668285493354773
3 -23.34652079841154
4 5.7122452201083425
5 -23.56225589268713
6 -50.4267803476162
7 8.878329270044567
8 -73.90879075892481
9 11.467750718739623
10 -83.64757411635571
11 22.754247401464678
12 -51.062718716063905
13 -18.537184765448753
14 5.256393824638506
15 -21.091054286725004
16 -12.263566031065643
17 -19.081880711381036
18 34.147220896495604
19 -16.262691121357957
20 -23.51757901930397
21 41.24466304866332
22 -47.74241316898711
23 27.893451713414812
24 3.570355671685323
25 -5.689478792792451
26 2.9507035532400976
27 -34.05623837171046
28 33.66843610011634
29 -27.907647986597684
30 42.74014969767479
31 -30.197604209070654
32 44.66885781531224
33 -25.952978674750387
34 -2.090795907864522
35 46.754972909919545
36 -58.8411163041813
37 55.887540795634955
38 -44.36963002489945
39 16.039920627101587
40 -7.228694745500406
41 -32.802508214644014
42 53.63283695962529
43 -1.00394188137278
44 12.50030008613714
45 12.020951583891907
46 5.418700046983915
47 -1.6029778526684018
48 12.863870795120304
49 10.482174745610047
50 -17.01596869442749
51 29.582122008202617
52 2.540397914566882
53 31.277087690660025
54 -20.552045136852463
55 36.519825611971044
56 2.131151526005595
57 32.034178017867944
58 27.419918282306487
59 25.701426626509072
60 -34.86750163301529
61 -27.389622216145746
62 18.80109441384761
63 -56.14136212041431
64 58.63170318019918
65 -21.72852415779178
66 -17.598789672747824
67 55.11311373838164
68 7.549290600574427
69 58.860232808111085
70 -26.96467120998667
71 10.027966929780003
72 -12.652032829546197
73 -50.77354215835442
74 0.8125192189318019
75 -69.2638078925844
76 30.973709664894848
77 -61.8334244466261
78 11.327808708262596
79 -39.31583329311279
80 10.044185763878835
81 -46.76022149481523
82 9.14484515008207
83 -19.140469959120956
84 -33.69810425415421
85 25.85375141151135
86 -55.27446647827984
87 -11.496821046781319
88 -26.119368090067482
89 -38.84298154286266
90 -19.883077987270294
91 -32.181454582232185
92 14.07673311836531
93 -29.344463928929997
94 20.075520990683312
95 -13.85431386300221
96 -66.73747066467392
97 57.38308066272435
98 -38.70699296630725
99 44.58999034590699
100 16.506774067270012
101 71.81684722696454
102 -28.22494778014663
103 66.13550864106519
104 39.54495318936196
105 24.243694710028706
106 14.13440898225777
107 -2.9895998217972086
108 41.721908392214424
109 -16.678925232127096
110 -1.4907148836770854
111 14.948874081927547
112 7.470890664287207
113 -9.895044581519077
114 -36.19087160658029
115 23.318488602999167
116 -66.64285853931693
117 64.010600422539
118 -32.387457552856056
119 -13.267578264040365
120 8.388903845819446
121 5.542232714864054
122 9.518991117078917
123 14.559929258732316
124 6.716927624026072
125 8.03389321228381
126 0.2179831683103958
127 0.0
