0 0.0
1 -4.002088288196694
2 10.248068953821427
3 -22.99117605953475
4 8.30413703453538
5 -36.48054302726754
6 -1.1074612283219574
7 -29.544445491383907
8 32.642257631742005
9 -7.765864690610739
10 3.1392316985749855
11 45.77217227044712
12 -30.84802998970203
13 69.07645355056752
14 -34.07939631684023
15 3.9926962803182273
16 -32.451427290602695
17 -31.6964584274212
18 -33.10132048361795
19 -45.70134763926766
20 30.199948328349812
21 -36.14710644654492
22 17.616286840503797
23 0.7547008571305808
24 7.944825588558363
25 23.784963912744633
26 3.6658550113600095
27 23.06671549815168
28 -12.876920646716568
29 39.06221083098325
30 27.02199427744411
31 -29.48895812413154
32 53.57650187057398
33 -31.397197367175252
34 13.315391693879429
35 -4.201657479197533
36 -60.42673114929139
37 32.6000925893142
38 -17.819096292099637
39 -20.09399129431232
40 40.37699844611241
41 -42.57948413375313
42 47.35931036236267
43 -21.62269736799909
44 29.86427857339968
45 -13.908805011736092
46 -1.7906311182360208
47 4.053854394683328
48 -25.316939648018568
49 44.23619784972091
50 -36.41614569697078
51 14.20349542201109
52 -15.518755763563528
53 24.254693274325057
54 -32.737249072997365
55 41.54611715095952
56 18.33502263464695
57 -16.70670536066326
58 24.48312308813065
59 -9.465929821918763
60 -2.3411465831192184
61 15.177275530923037
62 -31.738780382554193
63 31.14645851891001
64 -66.36521016312358
65 33.42979812091582
66 -84.93427058858863
67 -4.252927563296225
68 -34.53394268628065
69 -40.439754155006106
70 48.2907160351612
71 -56.69517975445641
72 49.7404277100318
73 -15.761395139752553
74 6.137809981544987
75 -2.171789697077566
76 29.188678805285388
77 11.782079159640688
78 -8.531582536186804
79 18.610826589545052
80 -33.72729597712614
81 -20.354303259368443
82 41.01948180146277
83 -16.617205040107855
84 40.33648174635931
85 3.6005115259376286
86 22.140934655090767
87 -23.487158063414928
88 39.39955282682575
89 -49.37676191182535
90 11.19832511301837
91 6.2718769106690315
92 -36.359039199825574
93 32.62600783539103
94 -14.6268572576911
95 27.67598186690388
96 8.441764305853159
97 4.4590356207099475
98 42.07653362814399
99 -7.802693582038175
100 21.788714887123355
101 9.34332608292128
102 11.739967672951444
103 -4.906837733207249
104 43.94588788156885
105 -18.454193722977337
106 -9.952386691116562
107 28.667462119312514
108 -54.322237749358784
109 35.16214940565275
110 -42.44749172185373
111 18.41519338355922
112 -32.02671166924412
113 -18.25460671582473
114 -44.31249776246394
115 -10.284830097420494
116 -82.73377304907672
117 57.7371344562817
118 -89.10297222333864
119 32.43913895129912
120 -47.87743753409109
121 35.43030780824456
122 -31.114981432348337
123 26.334885837575897
124 -6.391826034590535
125 7.367029100497011
126 1.0901180170172997
127 0.0
