0 0.0
1 -4.336640092701164
2 12.639171688797736
3 -13.976373380423883
4 9.701133737820367
5 -18.400379158088068
6 -35.05052352866669
7 -28.056683206158972
8 -37.39281020637555
9 -33.73265539897952
10 3.0943837063181396
11 -35.54010974209198
12 -1.4499567039535017
13 12.857415333773684
14 -14.370575014014381
15 27.191933567288515
16 -8.356934615188258
17 38.03312354274806
18 14.463628573454162
19 -4.547676158808646
20 22.738742442225583
21 12.03187259568906
22 -43.91938852964417
23 31.176125646324408
24 -70.43510636879331
25 30.576921088004823
26 -24.78207965336563
27 -63.88671677641924
28 5.33742755502921
29 -36.49327814908057
30 -29.279690945728724
31 -14.786363792149473
32 12.008272805683905
33 -29.860635602639018
34 10.991433099399718
35 -25.2000786719744
36 -26.99370705092772
37 21.54606215589358
38 -4.097225388414181
39 -5.975116045622015
40 1.1621086850273659
41 -5.514746275242188
42 -2.885965949663805
43 -6.094690827258435
44 51.24586527571434
45 -3.4048468241074867
46 -0.7196493217595429
47 9.715802568695588
48 -17.164937311568533
49 -35.25971684414278
50 17.72877114494089
51 -7.869175488702452
52 -18.089918797698825
53 12.59777163785742
54 -16.047921035081433
55 -34.25419220910395
56 41.8826159976291
57 -21.690825849947842
58 17.061522170299135
59 18.796275444068076
60 -45.62320543033499
61 44.78727974889625
62 -50.7723828405395
63 71.601357750814
64 -41.13609122183679
65 7.670957419703617
66 -33.45162189317285
67 3.4548511430730504
68 56.56319656125591
69 -32.62765843281987
70 33.30748151538536
71 -26.70789908971013
72 9.452462955934342
73 9.173788921212484
74 -27.879925041746482
75 -8.561429577843443
76 29.86606651024266
77 -28.655692720880637
78 14.640302146911916
79 12.953466582257251
80 3.865064373268195
81 38.75758259135501
82 -2.5958079066901165
83 -8.240326542285958
84 82.90486910086702
85 -60.72717847799191
86 60.113557490447995
87 -27.430777647117225
88 36.962024757816195
89 -18.767826710909475
90 -32.594830691803956
91 42.353558602300524
92 -79.17869599918794
93 73.31126243879247
94 -49.237310161392536
95 37.15236374323823
96 42.663035605880566
97 -24.64755963624385
98 45.33272328211728
99 30.07606734457674
100 -37.893790062421125
101 55.2853472234137
102 -65.0864827188517
103 49.756944276755746
104 -39.73920012060077
105 -10.244346414307413
106 -2.738162345158387
107 -43.16647329896672
108 -0.7759084505937631
109 -21.36851483921617
110 2.544239744467919
111 -6.5050471361512425
112 28.256997584067854
113 -42.89026512974677
114 18.093443319502477
115 -63.54586873104077
116 14.767241977710144
117 -50.86511822368815
118 2.9572922387817826
119 39.99200178828475
120 -80.5862803974775
121 80.3859703844815
122 -55.13810285415166
123 45.539010480481686
124 -14.483327781988734
125 12.545519381427823
126 0.565265343060226
127 0.0
