0 0.0
1 -4.7867208966997605
2 17.861903190728707
3 -16.38903392454113
4 9.637331014710524
5 2.545573719681124
6 9.437432204004239
7 5.781515072638074
8 -44.65618931503758
9 -14.93187744354113
10 -78.04939258850688
11 -30.961829346540995
12 -37.42613389936702
13 -42.49833811044534
14 -22.328860739367997
15 -52.011997733555276
16 -46.38787042904525
17 -3.213154947914096
18 -69.58789228232945
19 24.450588411183297
20 -40.03313655183988
21 36.09002977939239
22 19.730616001847697
23 33.240707599378
24 -6.981193617793197
25 65.13460250755887
26 -12.188487381632536
27 21.59588218534091
28 -3.5919557095858963
29 -18.991897271750968
30 28.132891820480793
31 -42.49448430530385
32 87.99800697139695
33 -79.10391383454879
34 45.40867112710074
35 -41.213268878230004
36 -15.973186660415578
37 9.041352225801578
38 -51.88078957736549
39 16.183252594197203
40 -63.709117192332926
41 31.373028285518632
42 -57.168214261307085
43 90.31522463178607
44 -67.37950242021832
45 62.315475097124505
46 -24.353140738890893
47 1.6811707734990669
48 -22.93358641235062
49 -8.072051769579687
50 -0.9702919508026209
51 -7.324990116809038
52 -2.5685762788807707
53 -18.287388663345947
54 -10.180331425806742
55 -9.836827809155407
56 31.93941893925297
57 5.147960272254283
58 84.89107555210197
59 -35.57532459379157
60 70.12989173185632
61 -51.3785794551791
62 65.91543636235438
63 -46.70913184055249
64 26.429428249107296
65 -35.30716390961607
66 -28.61913592308434
67 6.545415635497836
68 1.257147344093054
69 -20.703561060729534
70 57.413401578565875
71 -46.338395527790546
72 77.91537541622279
73 -54.099542667324044
74 46.23990474553368
75 37.1406136571901
76 -35.86441027502934
77 96.50898127796856
78 -108.9305561252631
79 81.00248699343499
80 -114.26938982750453
81 63.3401269284975
82 -43.84253881734999
83 -4.510191293554998
84 -27.817666294012454
85 -9.381661243170099
86 2.0923712134852717
87 9.711248364468679
88 13.304763817293361
89 -11.565608050593962
90 30.399534207028477
91 -46.430101506107924
92 25.027434714492305
93 -33.543181699026434
94 24.861701105578415
95 53.09426990397649
96 -27.7884880788169
97 13.209975110151413
98 23.23132836544555
99 -9.745489348385298
100 31.97500090017184
101 -31.5010170501377
102 17.887902456652824
103 19.1339806568999
104 -13.351767553521137
105 7.525859105329677
106 -29.95961828089074
107 14.276110642633071
108 -57.83755970665902
109 -13.38852970194397
110 -24.476989652335227
111 -73.54765617567688
112 15.260242265697926
113 -43.804635066202366
114 12.044269908037716
115 -11.408306664934605
116 -45.818727168893254
117 38.904960281176685
118 -49.38365014654177
119 47.10430411016205
120 -38.311880763801206
121 48.65511784415485
122 -25.163872113977767
123 24.49807908966645
124 -8.8882039262689
125 11.850203826505759
126 0.9035232232174073
127 0.0
