0 0.0
1 -7.466827237915761
2 20.33616867039248
3 -29.470029163343046
4 1.2654906388575582
5 -26.7770552956507
6 -33.779887865535954
7 -17.212307456150157
8 -40.802916277230935
9 -17.134253193269757
10 -69.56617889500106
11 14.80858146904469
12 -67.84458530987354
13 34.07549182714391
14 -143.1543228447293
15 61.57431213908679
16 -99.6008473839822
17 48.28632341373541
18 -40.28715741784371
19 35.4840863201769
20 -39.290188906046204
21 40.675332775995535
22 5.702813576816374
23 22.56286716572766
24 20.175999932141714
25 27.15708655227334
26 27.562358862528633
27 -30.1432765282336
28 65.94113071822424
29 -12.757565803848358
30 35.051206449864054
31 2.6858727747899658
32 34.54526678898057
33 -4.406678324528587
34 41.04796433116988
35 -29.016158013916588
36 56.1887097713974
37 -23.116121156611086
38 52.41894718992755
39 -23.25662200911693
40 0.10447826883705336
41 2.5864833369180027
42 12.56660979943161
43 9.653294947864554
44 42.61148817626101
45 -14.354024948441978
46 27.001569051908984
47 32.907577551376754
48 -49.245064474870325
49 22.809861466913738
50 -35.549724875050465
51 -11.85780435216995
52 -42.54389380435636
53 -8.286139853600924
54 -14.6436523951578
55 -9.11150968494801
56 12.496099944464712
57 22.754898223450052
58 -51.896186833954225
59 9.634499336786144
60 -40.8628392397696
61 4.760679164332493
62 -22.404458244201408
63 12.616014894372281
64 -35.77947839895785
65 12.155808308795972
66 0.6849468042851051
67 -14.284883284780785
68 14.249250067949637
69 6.886056909456338
70 45.42650033756677
71 -34.00000280963713
72 47.32138457207091
73 2.7648804816626966
74 4.332611705678383
75 16.968014701819403
76 28.366793418718594
77 -0.06754010555834493
78 -24.118443083474244
79 -14.8968393601538
80 -17.839042128823326
81 -19.821090317377013
82 -7.97364531130912
83 -56.81216865534421
84 -1.5548094409830593
85 -20.718079077431323
86 -16.28351747960081
87 12.91042696112468
88 -12.360190226422157
89 -21.29912889127505
90 -4.914668057452685
91 -1.3956811555492465
92 -55.4061157756721
93 -6.146896631167233
94 -30.912567402466927
95 39.97792722046552
96 -1.3467429937827615
97 23.718556244719984
98 2.0858559386332804
99 24.927836001820474
100 -0.916264069238703
101 23.717351251734716
102 -84.4507921637821
103 0.20068846810810226
104 -33.700068260008145
105 -19.0686583729582
106 10.688178504687215
107 -53.637249267612084
108 36.56560758922285
109 -43.76563971705971
110 36.36688693755887
111 -13.05325870017912
112 20.379367326098837
113 9.358154128397628
114 4.207369400905984
115 20.472834032478215
116 -30.69495399726806
117 47.736236072813064
118 -31.76937634653669
119 59.11961672928607
120 4.0560807411577775
121 51.91367288097801
122 6.164531597764908
123 28.922942990087737
124 -2.143515887639651
125 11.693779707081518
126 0.049859917768015904
127 0.0
