0 0.0
1 -3.5546594772244196
2 7.641841351721147
3 -13.895510718151057
4 1.766516192222213
5 -8.722243404311834
6 -16.086898764173675
7 -29.2080123048043
8 -16.015549527006986
9 7.928339379691636
10 -4.906349761602402
11 32.457093667733545
12 -44.67509931846309
13 20.37910422798666
14 -7.243298412984849
15 -31.213087252772677
16 26.139654190608322
17 -41.8514717499324
18 2.3696516769632168
19 -42.97203401416242
20 8.101532734275485
21 -53.260200750209556
22 -23.993767786940836
23 9.594775887432592
24 -44.60138497541319
25 17.61827363175225
26 -8.818197531499525
27 -14.155781818551967
28 -49.408732120756426
29 42.67396751057968
30 -63.59199492187136
31 2.9365857724895066
32 8.689011859954636
33 9.813182267266347
34 38.880515560927044
35 -39.92242343483531
36 76.19745264900473
37 -36.695365368655764
38 14.527976837875517
39 0.4092694389484729
40 -18.36361702937758
41 -16.672169093876505
42 -24.36000810769939
43 12.510904304156476
44 -63.4388803451789
45 3.387702408216598
46 -34.100899990850145
47 3.9540593367516066
48 -14.464882682008586
49 -33.83319888673807
50 -17.2333497519777
51 -2.8293346155335177
52 -47.33561476211021
53 41.03982901271859
54 -38.69823226837835
55 12.22201778120034
56 -1.4274278326178202
57 -8.683081272941275
58 26.105196896114006
59 -16.759828134981188
60 47.69225317935126
61 34.973152900545735
62 21.76833857266922
63 10.928116236141975
64 25.1794377157817
65 5.203930501193679
66 18.593866257523068
67 -22.228728108619418
68 23.96236026742251
69 13.123278736201623
70 21.799693257414468
71 22.00578500579042
72 13.146926684128823
73 -17.375458377603767
74 65.09769386934505
75 13.256395372867374
76 21.291888355613207
77 30.30551642489007
78 20.360939266815812
79 -32.13307577395795
80 -12.643685641239662
81 27.796249469598695
82 -55.3764720574938
83 21.588758483486735
84 -74.54283049316913
85 50.161207305731836
86 -69.91755070101698
87 -12.25044410199115
88 29.12418637653587
89 -68.11821913718023
90 19.831138895507557
91 -32.59001637029072
92 -19.11995838824371
93 -2.1899178468687657
94 27.51498437575848
95 -26.359549076789058
96 65.07934802015549
97 -62.62510322122303
98 24.225653351649783
99 -37.404458534001485
100 -0.6167395619304863
101 -36.07168268803826
102 -30.62306118748499
103 -20.33519074232576
104 7.009230923150883
105 1.5291044764455586
106 23.75535037443149
107 11.112961733476245
108 28.15862459991494
109 17.08416898605347
110 -23.351390447605354
111 28.071023274825972
112 -40.6905476084239
113 60.77300631344261
114 -80.95423193963747
115 64.72856943832834
116 -96.7121885444492
117 40.901386312059195
118 -44.57243540047099
119 40.13323389450926
120 20.492961874186744
121 15.916554715975563
122 20.182690820830583
123 18.49307769471246
124 3.715870595355831
125 9.984976786310206
126 0.3048050002969437
127 0.0
