0 0.0
1 -4.661737142698074
2 14.006011594546875
3 -20.492033106898635
4 9.779877775172132
5 0.42235059404445713
6 3.3273525354961224
7 -76.50850365071086
8 48.87158367506556
9 -22.76758510648542
10 -38.8470592592924
11 13.229612670856095
12 -40.80201941739726
13 -10.73792952082784
14 -65.76272358246561
15 56.55416981075443
16 -99.10112418798232
17 64.1802284643414
18 -68.2521797027961
19 -23.099387107559156
20 -34.60408219814193
21 -41.22999014659799
22 18.45829714571481
23 -25.65634196316596
24 40.6708526396485
25 -13.559275986598484
26 41.749308080348655
27 -17.160446984154767
28 13.793545290339868
29 -31.737066443803275
30 -3.6799504562777057
31 5.25264962577495
32 -24.775858269985257
33 10.538963402134966
34 -15.839818701290943
35 25.04335154112895
36 -64.93827309991121
37 22.204633914376394
38 -23.997049689673567
39 48.658545078617266
40 -38.812773756917885
41 71.50884850845694
42 -19.503855514696795
43 32.85469156404388
44 0.24808913174648609
45 -44.45469867008213
46 57.59194252799563
47 -53.65229868027931
48 47.61280326246262
49 -34.264051230691244
50 5.497836992094679
51 -0.3910268703400315
52 -55.74418109633744
53 14.964116325978267
54 8.749306465618254
55 -27.92008255328857
56 37.367898299159855
57 -48.44181071131006
58 45.254391939318054
59 -31.38890151146227
60 7.392566217134054
61 -26.276588311511233
62 -2.1412677030529634
63 -1.029614771900237
64 -35.24037937546556
65 -5.7083053245531215
66 40.2072926743473
67 0.9564252221519287
68 -49.9097770709576
69 55.70694763967069
70 -26.029174662659308
71 16.660557288502176
72 -4.158149030942398
73 -14.790843809067539
74 -24.52910541780594
75 10.899022981203405
76 -50.74162435294178
77 29.410346696120303
78 11.713793778315917
79 -9.136023845909476
80 44.79696736544486
81 -54.02605025732013
82 39.40928703728451
83 -57.66300316203419
84 1.3597991686069069
85 35.67367571998723
86 -29.00183070177621
87 10.208318095264499
88 -6.0746019756270195
89 0.5830542302541203
90 20.026896060492938
91 -8.444366999801952
92 38.95754562679586
93 -32.13669575684295
94 39.478917290972674
95 6.451533880162852
96 -21.904239073098367
97 73.06179114569858
98 -45.41376120127395
99 34.44569169548874
100 -92.07804911993063
101 62.31316552358386
102 -65.06513814585593
103 34.99255768206842
104 16.794407684529812
105 -42.78321491971625
106 81.08167521198328
107 -52.087178405916276
108 26.710616643310157
109 -15.975971679422745
110 59.25147531994512
111 -16.831952729816337
112 18.695605550438586
113 13.634122883487558
114 -17.451368132341898
115 23.600408709738417
116 -35.29435441920453
117 26.09507861508597
118 -40.92476888579472
119 28.62047436492808
120 -60.791559530251156
121 54.230756989250885
122 -20.89206447213136
123 28.995862634939176
124 -1.9636511600575335
125 7.883079476839883
126 0.9393188642365883
127 0.0
