0 0.0
1 -4.201183965610186
2 10.444606418293297
3 -4.835306199783583
4 -0.3644252892938049
5 -5.507917279494869
6 -14.773275148361417
7 -5.400318423190684
8 -59.69026516161401
9 8.217863670026533
10 -41.2364366513455
11 16.843368628511946
12 -38.50012263773071
13 10.935763983820697
14 -42.62687494498987
15 7.540381275827275
16 11.71302679862279
17 -35.551427554348926
18 35.44804496567205
19 -15.888662506398173
20 -16.8124721128589
21 20.82666334486755
22 7.264234852662749
23 -60.8829296924767
24 22.37459239584257
25 -47.380657329355245
26 -55.80618933998171
27 49.450088118920235
28 -87.19365167709724
29 68.86461827713525
30 -18.855151313486022
31 -26.601438716336244
32 73.6841460420597
33 -0.9365774860403219
34 48.816665964195835
35 4.555056168832366
36 42.108900015128015
37 30.591862343844525
38 -11.601256054026923
39 -2.4340328152419652
40 6.312211420092491
41 18.173954255985397
42 -42.751689138103835
43 73.98418064287442
44 -39.34934529696432
45 62.508623206627526
46 -18.621454509816306
47 11.61029028572656
48 32.17991284302765
49 -13.468340952731769
50 -3.3932988011472283
51 -38.41085407110006
52 9.26566066588575
53 -57.89879450096516
54 16.063775633109156
55 -36.67047559132682
56 -0.6514989271908007
57 -15.508876682312655
58 10.73449596464106
59 -48.54596806338458
60 21.100407429740137
61 -20.778844103035155
62 -47.323473675055034
63 -19.97520733758694
64 5.41897612417485
65 -52.064092054056836
66 12.057852437726039
67 0.7788226875337889
68 -41.387686022393986
69 22.54905132795944
70 -14.000427446609807
71 -20.67552991525207
72 26.949654538405383
73 -27.688918643668284
74 26.404499102528373
75 2.177042692651613
76 16.35173743215195
77 -18.492329403136367
78 6.834670595526979
79 47.60465866411934
80 -11.238103185761387
81 46.07276989847149
82 -31.602650098685597
83 77.29096404413299
84 -16.9213800939119
85 20.516189712982655
86 51.103878667052214
87 -25.059568121473774
88 20.79675980081005
89 8.242826523271308
90 -13.324442941614747
91 -16.15581207341583
92 -26.254409081743223
93 -16.857573244116484
94 9.276962544711036
95 0.015234375539063797
96 7.326315386180626
97 16.584698109629564
98 -13.123187613276555
99 33.082882162666245
100 -25.22392940431409
101 34.787671108086165
102 -45.32434212684724
103 36.07669302589487
104 25.881742039288575
105 5.654159563548783
106 -1.852090595875493
107 16.857794629995453
108 17.924302737574344
109 -46.6884560757523
110 36.56973402214271
111 -65.5850320518214
112 28.407433259672715
113 -42.93166498061631
114 -13.12259520436319
115 -1.0100262759364587
116 -18.545579297053923
117 -27.538544841329827
118 -15.352583109019541
119 0.9872604445177343
120 -4.849341725088257
121 -2.1526255216681487
122 0.6266622313238589
123 17.92085727978219
124 -16.09240110436262
125 13.442311933040562
126 -1.0490030452304098
127 0.0
