0 0.0
1 -4.017038672436437
2 4.87167790483772
3 -10.890060461451768
4 -28.88383699812928
5 30.05567615742873
6 -46.30184621491374
7 18.2765646336092
8 -59.75093354971706
9 8.892887972289001
10 10.53484191955163
11 -49.76000075806525
12 80.37978760544463
13 -32.9274811596172
14 55.470887822016984
15 -7.707510422590395
16 39.89128070116924
17 -23.657249294355402
18 46.46469080586163
19 -63.709542772985216
20 21.06788214253364
21 -6.62317664852304
22 -14.896926597210758
23 49.27911347673218
24 -45.327569290092015
25 24.89223787487368
26 -39.1809855145204
27 2.8280613921053948
28 -63.97943455488129
29 -20.720635653220622
30 -38.19956896367051
31 -14.57798167057647
32 -37.77545823449623
33 8.878937030749885
34 -76.07466565973236
35 43.99557112733545
36 -47.85384158087816
37 -24.64267705271861
38 -8.563141412774492
39 -51.63405888659901
40 13.135545575874612
41 -21.693617046873754
42 62.786562006125386
43 18.29991753776288
44 20.65794309652437
45 24.842034543352334
46 -32.42354869449794
47 17.62060948210785
48 -19.563451205598355
49 37.43265420705593
50 -33.567716657092674
51 30.27945403499494
52 41.54024109653757
53 -34.39567348749601
54 58.1593339264703
55 -62.20715927366021
56 65.36994910203596
57 -29.121219512822048
58 37.30894977090885
59 31.198027127254196
60 -19.979990004444524
61 76.00366961966033
62 0.0560451085585121
63 7.2227549077853315
64 1.9705691608724871
65 6.256104417070235
66 1.987573831140841
67 -11.292391975396598
68 23.872630156703163
69 -25.40722972904699
70 32.540216563160286
71 -8.907191458841107
72 13.560159690718258
73 23.34244255132501
74 -16.39380996404665
75 3.5995752590661865
76 5.971011908602113
77 2.47296613750905
78 -1.0863763096918615
79 17.209145872709133
80 -21.557250913946262
81 11.225838571458297
82 -68.65168204780649
83 60.94987370227399
84 -33.00737251164894
85 -19.17571516268174
86 -6.687863600957544
87 -48.37165327151862
88 -17.981701653174188
89 -6.341824370783785
90 -35.728110375334154
91 -13.76157768064213
92 23.29653606405389
93 -48.72163064586244
94 8.79228082205971
95 -20.987697869327057
96 24.784324113938467
97 -67.55731495159846
98 25.901492769229037
99 3.580896143240434
100 8.108223648315466
101 -20.158027286527037
102 19.150103028090637
103 -34.02460142591086
104 -3.6802316552753447
105 -7.088369351132448
106 4.009406516846042
107 -35.54257013038758
108 26.834995035429493
109 5.390441596033925
110 -30.563115276941616
111 64.26162496380338
112 -50.47563465218095
113 69.80647268403375
114 -59.14908754649847
115 36.77462251813839
116 -18.839143194835515
117 29.951953735197957
118 -21.294905397762214
119 58.15166323794759
120 -16.381870786690452
121 9.61317860493554
122 9.48109003338938
123 12.195732627475895
124 6.827938324583072
125 7.809440148410677
126 0.4121006665339615
127 0.0
