0 0.0
1 -5.227900791156926
2 11.358604803381553
3 -31.898367250463263
4 14.64179787816572
5 -52.18172119620324
6 -1.6435072319880029
7 -27.781090884580987
8 -1.7767237194512004
9 9.493086436706129
10 7.617640481217746
11 23.229653506653996
12 -6.8530712741826685
13 1.4496955496459552
14 8.39165590074124
15 15.25062406239195
16 34.35076273600516
17 -21.178832447343837
18 66.28411293998369
19 -70.15880492437014
20 30.024705829474776
21 -7.80060696570463
22 -21.85511795669739
23 -21.46327405380042
24 -21.79122245765672
25 -2.3136691393187188
26 -18.550707954568644
27 54.04265972766576
28 4.9952208247633205
29 17.196528202933848
30 23.459555373990607
31 -4.589574393937874
32 36.42760855385598
33 10.36778353488507
34 -12.610773008720258
35 38.64109401995646
36 -50.318852502592435
37 40.02300967708114
38 -6.9540762990039156
39 -10.82682170630742
40 -57.30193007229518
41 6.210097370915453
42 -66.64043736853667
43 -3.0113607417510724
44 -78.38223650365813
45 -20.283632770679322
46 -15.148571600510838
47 -22.185205414133964
48 -13.289905989239095
49 -21.212725091887403
50 9.370146659133866
51 -18.646504573530024
52 3.5874162378081134
53 -18.00181379173261
54 1.7875332755807547
55 -12.141576693467274
56 33.0874170830679
57 -15.879844710258027
58 48.32402009191637
59 -40.844122529725766
60 51.35298309082048
61 -6.436529216667567
62 22.336590528362567
63 30.457737117550636
64 -19.173448768491287
65 59.36802846349707
66 -39.765404608990444
67 36.704320667821925
68 -3.3067308644836233
69 -35.275484182698904
70 56.31450878112031
71 -65.43287566987357
72 14.585296320329547
73 -11.53760790760473
74 -43.872573185458045
75 -10.557081706300824
76 -59.82165743416713
77 12.237554369901966
78 -50.387341914692506
79 23.715006175608146
80 -33.02713662294038
81 29.702941352437378
82 45.0314252494081
83 -10.299856209868397
84 57.967995235782155
85 -0.6224715569196759
86 36.28199755172139
87 37.06216208085702
88 -2.5098599656794267
89 22.57727968514855
90 -10.241749104468486
91 5.268357402230441
92 2.994589166708935
93 -28.30069337118578
94 13.470911161495149
95 3.3125575234818805
96 -32.4887822939182
97 -3.119258224962364
98 -34.98823936835595
99 10.83065874335392
100 4.0395977869991535
101 -0.04035367659341532
102 -6.370939859296831
103 1.8153406706293775
104 -9.11085887217203
105 11.266229442809273
106 -41.65003088581753
107 -13.046892836900325
108 6.273497840854652
109 -48.291802133684435
110 35.38488001831929
111 -4.134033608978716
112 5.5595332815973855
113 5.9893450284814085
114 7.880595740038958
115 28.73784972724938
116 25.149017718932935
117 28.808065017796633
118 16.95353034972412
119 33.27899422836313
120 -29.291151248726226
121 51.35727234254556
122 -50.47100614843857
123 49.9780673180688
124 -21.93184018225094
125 14.058965759837271
126 -1.3123426957226705
127 0.0
