0 0.0
1 -5.686452265861121
2 18.445568830014874
3 -31.684410156618206
4 23.80170987442259
5 -51.656868407444136
6 2.4812142139365423
7 -31.422385476924024
8 -32.68508411289906
9 -1.793474334270574
10 -50.258272911188655
11 0.32023646129831623
12 -84.363420307025
13 12.24545411919791
14 -99.66714987535624
15 18.69312104613769
16 -74.02796737743229
17 -14.456782397293187
18 -25.328366265818698
19 -5.881193115321821
20 -51.3401175320054
21 42.29397068830478
22 -23.736804970042247
23 16.103739938432685
24 1.1428625324802812
25 0.7819404916001059
26 26.09383441755391
27 -17.75671107803294
28 21.914955976466754
29 -33.08764446488261
30 6.708596978542987
31 -10.407584591211483
32 27.805845491412573
33 -56.69323910001382
34 88.80028297473156
35 -25.962894293319913
36 36.90514809726372
37 70.17370295753214
38 -29.511455378389932
39 61.040955542928366
40 -16.11778055211538
41 -2.565781620438513
42 -24.16307040484238
43 2.47217465763225
44 -41.28349166609299
45 19.803870497277707
46 22.265551547129448
47 -8.066215303703888
48 36.559078225807156
49 -48.216210349555666
50 23.545036814952407
51 -26.883005481545283
52 -46.173053623507805
53 45.784324826965076
54 -61.09230310446915
55 50.02030651305999
56 -59.8306955359982
57 -7.642768952194606
58 -11.068327802175066
59 -81.01411723327985
60 39.71711108137126
61 -51.987344920608244
62 5.661461292562828
63 -22.574004016083837
64 -43.81060147692161
65 44.474804742195786
66 1.400520388349969
67 41.831982047719805
68 -11.431182418457778
69 29.390984358476437
70 -12.634984156810543
71 34.256785701901414
72 18.412270851520663
73 -9.639664322371702
74 31.49414934178258
75 -36.92641028575722
76 15.532629016176996
77 35.612172330218804
78 -40.68485024855693
79 -19.662583836131006
80 20.31957812583572
81 -26.15219977967417
82 -32.65712235514411
83 50.39280617880791
84 4.2576068969720025
85 -9.264527465850898
86 10.826043969203571
87 -34.062455778496115
88 48.925622484585986
89 -66.67246314565165
90 18.790162019778357
91 -11.201398942896574
92 -16.86118835293334
93 7.730307151846923
94 -38.23637360058997
95 -10.053056651587944
96 -27.258473529948372
97 -23.97804758495154
98 13.070560275536723
99 -32.0155178936556
100 -14.158560510440852
101 37.50878580798734
102 -49.324535326302545
103 59.07202223781531
104 -26.62949664656528
105 14.877875612006697
106 -4.713946843807565
107 -32.61171120326559
108 30.99525303796499
109 -46.391706340555714
110 4.262146195691125
111 -38.526001479287814
112 18.331827785658973
113 -59.6538815292428
114 11.588821937713615
115 6.750009298404886
116 -35.30192785833466
117 89.15152137801577
118 -24.244669036809984
119 93.73755278286843
120 -38.43415175928169
121 91.0869921812898
122 -9.03636861174151
123 49.31059192636685
124 -2.930936055589821
125 15.437845898467083
126 0.5955442438812223
127 0.0
