0 0.0
1 -4.213495439095939
2 11.941771433045277
3 -29.432259947991852
4 24.604447293939955
5 -64.04926142323687
6 2.353963495235727
7 -43.39211422060886
8 -65.73908662137663
9 -32.01594473693697
10 -34.22051420335535
11 -61.88795353355897
12 10.97207984629117
13 -12.802422039265965
14 -19.70907781825064
15 32.496654561471395
16 -22.458297357449275
17 48.83922217586302
18 -38.87752214869308
19 96.60006828277088
20 -77.091304897313
21 131.30885405594597
22 -42.951761584732985
23 23.078020192297988
24 58.94758589393909
25 -50.100084713497814
26 69.60961089930326
27 -32.726554797840706
28 77.6701451162196
29 16.141195946430496
30 -33.48732675344677
31 96.10620007816165
32 -29.516928042055913
33 39.126857885418666
34 -9.516761445661414
35 -2.2479499603352178
36 -14.86954961928013
37 -27.352129791501895
38 -5.902176549361935
39 -67.41201553680125
40 -29.533824135426137
41 -38.76755841468164
42 -81.56294673350166
43 -0.7700773103048215
44 -48.125491093036736
45 -0.4595796229399197
46 -38.380154275433156
47 12.268687186416676
48 -57.625968556039716
49 -34.604106335029606
50 21.720568152006916
51 -50.91322356488749
52 56.84783039105386
53 -53.510825628055336
54 77.26688762169115
55 -50.480496875488626
56 27.364363805453202
57 8.149925390355149
58 -5.393463969701859
59 3.725585686936735
60 -18.512676409930677
61 18.39718618035016
62 -22.85611414627503
63 -19.88449811350717
64 -15.911338445615426
65 -71.88022970040285
66 -19.445147091980367
67 -25.668451174120563
68 -8.200841778683326
69 -35.38141958197374
70 -26.479438306382
71 34.444956091462075
72 -6.524544411705761
73 47.73017035844771
74 -10.26359507624775
75 62.21712254752531
76 26.64968432010252
77 27.72819149636985
78 38.872016934429105
79 42.2209773743254
80 4.95903550012202
81 49.889741289554046
82 11.772371064099524
83 26.748577843894505
84 1.252717973064563
85 -15.374136582621954
86 -18.88196823207434
87 0.1706181369934217
88 51.93098162625799
89 -45.49381418066602
90 55.50843936611108
91 -66.4527400981416
92 33.0864435866915
93 0.33821687336865536
94 -14.63996942178017
95 76.91411973934248
96 -66.4549449164502
97 64.54475963318723
98 -50.788527623621555
99 60.71111644842996
100 -13.22658865558986
101 -9.23216832663021
102 43.776566282729675
103 -47.6882548730109
104 -16.339076852268647
105 -19.13778489071819
106 -42.673708690780586
107 -10.70558554425859
108 -52.47021997723781
109 -6.472142917689171
110 1.8520251360187312
111 -33.71625532512031
112 18.074379401936223
113 -9.678585369705926
114 26.588533063840703
115 -64.54535116626134
116 54.069422842226246
117 -27.756790983790232
118 -13.175376568411597
119 19.48124536529873
120 -1.6063406431618372
121 41.89688454210013
122 -31.605461831174544
123 54.904646874463424
124 -18.92917189934089
125 15.74941595485541
126 0.38707375159317753
127 0.0
