0 0.0
1 -2.4781644425022407
2 11.089794962392178
3 -6.8577918610939355
4 24.420651878011597
5 -34.663958162196586
6 49.87565701496973
7 -103.10743605055326
8 53.53163667759965
9 -118.88065524508747
10 90.47885496589865
11 -88.75089088363653
12 9.374603115491274
13 -46.66237617162863
14 -78.27792084931319
15 35.14022799269364
16 -133.53832170747486
17 46.585000756010636
18 -96.12585874461057
19 32.65218432705741
20 -88.45324396380441
21 40.39013334482316
22 -62.2860081752865
23 25.796788420373854
24 -57.73425385114384
25 51.32231307019874
26 -25.784045228747402
27 -6.032903292218462
28 50.052106627400256
29 -51.34489181460113
30 65.42865521104423
31 -46.88794456724589
32 12.195561444260616
33 -60.0414233903784
34 58.11305615157528
35 -42.08820702074602
36 60.13565741406364
37 -23.43197479421493
38 21.882420928571992
39 29.738902765055798
40 -59.95866060410964
41 -11.379874211535158
42 -52.618495602219
43 -39.99379671164161
44 -62.070394933814136
45 5.910068240575408
46 -89.6406995111932
47 71.96884031201486
48 -37.06266707519919
49 7.339591573291046
50 18.972662935517132
51 33.431846835984274
52 -41.08677926585923
53 86.21334739088226
54 -2.547145425842542
55 2.5109028022349
56 68.29425136992657
57 -29.835061247498682
58 38.81919992873906
59 -5.082599953708453
60 -39.92201488486731
61 17.372059961283806
62 11.587951024463175
63 -49.776695764732395
64 33.42658722477877
65 -67.87937265884167
66 67.46879164200986
67 -45.90445222472211
68 78.27807376464106
69 -33.445338718102406
70 45.22094814385604
71 -40.45132624541737
72 -8.88967571720927
73 -13.613748079821962
74 -44.0436011456406
75 30.674043319018615
76 -57.978923772333985
77 46.236548124647506
78 -46.95237767594613
79 24.5473342836256
80 -6.994501166639945
81 27.085493539574042
82 -6.007620577833046
83 13.438043379002236
84 -60.79124236559988
85 13.438218988408652
86 -48.3676486397735
87 50.35452158487336
88 -10.076326495561556
89 6.444523057925851
90 9.683681189333322
91 -11.910092088131824
92 -1.1104583962332015
93 -57.791276299672916
94 39.43615550774393
95 -88.45396151292978
96 19.69620434320108
97 -38.79960985279001
98 9.316784485562938
99 -12.742471120545938
100 -30.17481046996403
101 40.90255672770487
102 -10.009103585505912
103 29.606808609195554
104 -7.245504024539819
105 31.729388644186088
106 -19.265411883203036
107 30.50388220025832
108 25.870343115283426
109 -31.28979769955619
110 28.745839734987204
111 -42.376586048049596
112 -14.53557140745655
113 -31.484711377695255
114 21.34281905492691
115 -38.70744855417776
116 18.041931696677633
117 16.664975335395344
118 11.333496522271409
119 52.093318559808324
120 -3.0982986632039298
121 54.980753092701995
122 4.93339982308646
123 47.589682334451766
124 -15.419906928038426
125 22.14316642944491
126 -1.75242134160783
127 0.0
