0 0.0
1 -4.821026512700419
2 15.949184356763121
3 -34.426945577297786
4 37.98721810612181
5 -44.157253949355656
6 24.328178261170578
7 -29.750445107004293
8 -9.369968796089879
9 -0.709397309799916
10 -16.99850965189841
11 -24.5319048260095
12 12.76934940076692
13 -19.611785107434493
14 7.042404279460198
15 15.700376177703147
16 -33.57356414634829
17 11.529176874543372
18 -71.19988614859548
19 23.83547610167997
20 -41.31396962513906
21 -44.45411442441608
22 -19.878945353571464
23 -46.9818272607822
24 -48.479846603631046
25 -13.471586402376502
26 -21.33027225406281
27 -24.816401513362813
28 -1.2693060687969198
29 30.246389868413253
30 -11.718773985858935
31 23.69349225488797
32 -23.37654890885485
33 -11.075727004235205
34 -16.415048009701515
35 6.584787595445195
36 -24.208343517204117
37 -21.30209030673872
38 0.9122535477968396
39 -11.60099381979341
40 37.76840933052099
41 -21.37496634945793
42 34.4283956359524
43 -4.901411487702391
44 19.16759915064954
45 -34.75122705260638
46 2.7496209409769534
47 -4.034769864968873
48 12.160226478635483
49 13.126881132581866
50 -1.9200070891188148
51 11.258440948413943
52 6.432742400427007
53 -11.353356229792315
54 -18.999067759272005
55 -18.725393159894516
56 -49.872015239792994
57 21.920908982438764
58 -74.44025971982539
59 65.27314422914957
60 -66.96906060291222
61 68.9793494406786
62 6.518701034174337
63 -2.6071247744631174
64 9.622012560143721
65 38.35296106465499
66 7.468342763480934
67 -29.593689332536844
68 22.95727640669038
69 -49.56177874216268
70 14.799782840841111
71 -17.867283475029044
72 -7.803306475951952
73 -13.45861462490794
74 -14.603117554112554
75 -14.198729394533322
76 -23.015726334509598
77 -3.578826461787987
78 6.514343530018568
79 -67.37530647239015
80 37.14215808200554
81 -105.1247021394827
82 64.69692734892666
83 -14.518734189547294
84 -39.26098896072452
85 2.939880479497236
86 -15.06627042801308
87 24.804103177360705
88 10.142912998238115
89 24.13167006246144
90 21.60922167110788
91 20.558873693937247
92 -14.745938779256843
93 58.81456871509529
94 -24.173743149611564
95 3.716610479026089
96 -36.8017999236344
97 16.34380057779321
98 8.259992861585625
99 -49.92341267698373
100 55.08431411668472
101 -44.960962779942335
102 -4.028356165021793
103 -8.916227760102666
104 18.391620270492204
105 -34.74620754204787
106 53.64482295812201
107 -29.78614677887342
108 42.978074085133436
109 18.786636868411502
110 13.893064618459174
111 21.355966277383416
112 31.200163469387718
113 -1.1412042703682685
114 13.330663980271725
115 29.054731756920276
116 -31.650614836721047
117 103.79558890720575
118 -79.65801068351911
119 125.42367785049619
120 -70.50955161674224
121 75.46166040514193
122 -39.024818426620115
123 41.86326839669114
124 -16.419701429856804
125 15.259291399336627
126 -0.7296282598399645
127 0.0
