0 0.0
1 -4.392345784373924
2 9.997938017121385
3 -27.401793579627267
4 3.1254675555827385
5 -27.10173989331936
6 -23.658926022505344
7 -33.68281713928151
8 -38.689080310858074
9 -35.54436791702547
10 -18.01461638541715
11 6.4682332938797
12 -39.15242010959226
13 19.577363687932827
14 13.303235448441086
15 19.9784958077809
16 27.49380380109562
17 22.589156170931016
18 1.1228892418668535
19 35.162139147323664
20 -17.509687091664848
21 46.94447554359244
22 2.4382537779917914
23 -7.456699441960803
24 11.431893713262122
25 -0.08051857510082852
26 13.53555514313218
27 -24.925765832030628
28 12.925438474404217
29 -20.22795987254768
30 43.35405927851628
31 -27.836416665238925
32 61.77835740217712
33 16.94022414866727
34 29.572635728807967
35 66.97999125570843
36 16.66794462331389
37 11.046047151295577
38 -24.93013567605179
39 49.826918081499265
40 -74.53215357258934
41 37.815368267871975
42 -50.84824848164496
43 -31.525586893894957
44 -25.65055786682084
45 -58.635662430054595
46 -12.512015763044522
47 -83.59365195283755
48 15.819835198500275
49 -36.757783353680665
50 -39.68542960879567
51 58.90880572625507
52 -112.48871708147672
53 36.256676098614584
54 -77.05985941025219
55 19.618457087445346
56 -22.318399861284902
57 -12.973079461755201
58 4.158204898358082
59 -19.339337370775777
60 27.58874747271043
61 -100.8933182171619
62 101.40263581184418
63 -67.29727303135813
64 2.15199801344664
65 35.659546284743385
66 -27.43256123084572
67 86.31230281607674
68 -11.657768448245495
69 76.51458226670323
70 -24.216060014680295
71 55.14507610085406
72 -9.566588671708148
73 -4.806210794069345
74 47.6710668425408
75 -55.60680179410637
76 50.70312032307426
77 -48.878354284030586
78 32.65871932298329
79 -13.096379079179679
80 -30.22710252448844
81 22.241560643247055
82 -13.873023313630789
83 24.54595413814436
84 -31.589431184400798
85 2.9224214553960737
86 5.246634795108326
87 -5.631226779257103
88 41.487007680736596
89 -8.642687673160463
90 9.823575716210263
91 -13.554275286297258
92 -2.1412186627263714
93 -37.847561925220546
94 8.505813673524106
95 -21.213557274870947
96 -21.532352673323775
97 -55.966054584183134
98 -6.259673965872304
99 -43.310178474014364
100 2.7443743255471382
101 9.995000243542545
102 -62.38584725706489
103 58.323075149574194
104 -72.49772804895362
105 75.1748057346255
106 -10.182868051752033
107 12.638597689483312
108 59.23183329889111
109 -33.64630268046902
110 73.01528331838408
111 0.5969406918736873
112 20.421968107977953
113 -37.33331728688156
114 -3.6628541963729373
115 12.360137120419596
116 -48.906413703879565
117 43.99941917869819
118 -54.729369900119394
119 71.28532292770863
120 -22.720192303009725
121 22.383390494122295
122 15.812510637012437
123 18.559059193624044
124 -0.7114347435327903
125 11.123676513719817
126 -0.46125718617091604
127 0.0
