0 0.0
1 -5.5001756751621915
2 14.655243689391797
3 -33.24143867797682
4 20.950575656020742
5 -15.449210042444896
6 9.402127069371492
7 35.152950757819816
8 -20.240849071290405
9 35.21532908427213
10 -11.776530973292218
11 -16.011596275139837
12 15.60739127015882
13 -19.918996141705396
14 1.3839490943673143
15 -22.02994802632665
16 -28.42305700399033
17 4.9266615584549
18 -85.31678070690762
19 -7.599678089446435
20 -33.31660626646214
21 -67.11655362709783
22 43.31667765769545
23 -1.8847296498809205
24 -6.534447518817398
25 48.35702503837142
26 -46.112846020852096
27 53.09774961530418
28 -52.37983897106747
29 82.48900928115373
30 -36.227773840091544
31 35.92381656574451
32 14.50039160580325
33 -28.0026832415381
34 53.507047826127284
35 -20.5867403701707
36 39.395952530257304
37 -40.240930552070424
38 42.54941785385084
39 -42.93121058039991
40 8.385991161218724
41 8.006315023159004
42 -33.694064319260285
43 1.712521975991631
44 -18.53940389065325
45 -7.363536326007397
46 -19.808879794093876
47 -23.913793190182886
48 25.53079636074281
49 -57.4816537680519
50 25.487464143160285
51 -13.01087577468775
52 -4.175236903786849
53 1.8545412033300301
54 -9.048444893293722
55 6.040053630453347
56 -22.676535753980605
57 31.25491556478793
58 15.015229433411603
59 12.809715529228171
60 27.0008628731635
61 20.193875465611917
62 -3.1756172210275153
63 17.86698233461094
64 -33.003431119007836
65 9.406214969325521
66 -38.567017917054706
67 72.08551308564957
68 -46.201866912732
69 26.21468014051413
70 -37.77045657227621
71 -25.241877719097292
72 -2.6843000425816803
73 -65.03491125199582
74 73.5921858960816
75 -26.940685708618982
76 27.982434858358882
77 -8.416076586241866
78 -13.871527640764992
79 17.607590427601828
80 3.224874071021718
81 -25.284087984832688
82 -18.281857668589442
83 16.319505577332436
84 -40.0190409041247
85 10.982724144260786
86 24.393495490244604
87 -39.795406037048444
88 44.95924334658142
89 -29.19520167235563
90 25.84261452060363
91 -25.577738948145196
92 26.86314371196013
93 -14.15476398208072
94 0.6799649419138776
95 17.097446299230548
96 -9.102290957481879
97 28.56882603481716
98 -66.95586143851128
99 3.8034459340559175
100 -12.164749319271312
101 -35.88477718656003
102 -27.523863468781478
103 -28.02440953668153
104 -17.769888921914966
105 27.414478896608873
106 -3.131922368661295
107 9.653975859832247
108 18.955169473700092
109 32.13769018879649
110 -18.221416165233418
111 21.491099118673894
112 29.37613349911816
113 -7.97281348416952
114 -1.9775514346372136
115 11.257327412853172
116 -33.99594090336524
117 -34.35910734431127
118 26.89425936536284
119 -14.68061864974858
120 26.657336893735717
121 30.369776881728683
122 -28.010796113358914
123 42.32641949353425
124 -18.275571062453437
125 17.607106656337603
126 -1.85634188407024
127 0.0
