0 0.0
1 -3.2054748194176224
2 7.5581151584691035
3 -18.31433971862513
4 6.0547718321644695
5 -47.4421325140528
6 11.634909210238822
7 -43.35380912527172
8 7.617696711331169
9 -13.316213543054587
10 -4.8045117597187055
11 9.380300548341424
12 6.397224434755767
13 2.3795172788246424
14 -11.61988563464671
15 19.75855388573056
16 -16.724662394729602
17 32.090547796390936
18 -24.394189634213795
19 -3.0483798022386996
20 20.09985247545293
21 -36.49945125826547
22 -11.64697049085679
23 -0.19217564376309856
24 4.837453659617252
25 -60.877397141857834
26 27.143617212870023
27 -25.045216240591365
28 -22.81882399236808
29 30.101466544957322
30 -47.14322944678681
31 33.91717176284691
32 -13.086005324538231
33 4.800610399212877
34 -34.553241690556284
35 30.817136274275455
36 -40.84942819707482
37 70.05469632612133
38 -21.41463724536557
39 75.33678812281602
40 -9.809809969752095
41 23.82701717338232
42 -15.98859089884543
43 29.226885828015355
44 5.427363754182216
45 -47.15649620737511
46 78.13513427427364
47 -83.16047230038716
48 44.26815944274902
49 -66.4024662613898
50 20.990868559852366
51 -32.03229852247272
52 -40.10296352414367
53 3.722927990595989
54 -49.14197786857999
55 16.491673036309685
56 -41.504091473952286
57 -17.90910064583165
58 10.689484795512291
59 -47.97701001517815
60 73.73159827084086
61 -61.066173601306396
62 48.91958530646751
63 -8.793023520937373
64 15.657002124966967
65 -9.922090576359079
66 21.37938219762229
67 -16.864952579428504
68 -8.366782174846897
69 42.926781041774994
70 -46.138424988058944
71 55.59706386439997
72 -50.15431587012465
73 24.080864838569326
74 13.988479900117259
75 -35.5890041191236
76 14.477526166479134
77 41.65181705207115
78 -21.87413014723708
79 35.07840647770279
80 8.859290408450786
81 -9.18588104444488
82 49.74819519523147
83 -38.85552435930027
84 -25.85055725397708
85 -15.554861685511954
86 -16.005516892550474
87 -23.338817444512102
88 -46.327330417043385
89 41.991562066500144
90 -53.32170984885454
91 19.346901996250903
92 -63.03071007970328
93 -4.655974257352134
94 -17.47006103794496
95 -27.338645751030064
96 -2.5160462390713714
97 -36.57953888608746
98 14.238256759407147
99 -43.25651483837463
100 18.290947294460615
101 -15.925300712211447
102 67.6850931197667
103 5.40244056664506
104 47.58929862545877
105 4.258022684947459
106 7.578396383198882
107 3.0142162823958083
108 -28.46348468785503
109 -32.047683527676135
110 -16.407592911700476
111 -60.06907421283811
112 -8.086998187840862
113 -16.29697809421866
114 -35.77016272922435
115 14.542801632960165
116 -5.4844019687871395
117 74.99831250119766
118 -61.48690405824456
119 96.07007935646462
120 -71.49428121735524
121 54.8394748597456
122 -11.260928611150067
123 37.0099980495837
124 3.3616878593945962
125 12.204677032281367
126 0.7092026452648432
127 0.0
