0 0.0
1 -4.6677668862854285
2 12.383573173511715
3 -14.450118939171636
4 2.885533870648798
5 -18.348386383754324
6 -10.091663953240774
7 -37.08539250434096
8 -30.63162160075742
9 -5.709921191531963
10 -98.24931907231263
11 29.27557984375607
12 -51.341446819827375
13 -57.45605448184107
14 19.745082511172264
15 -31.349977207997902
16 7.756181911997374
17 -21.384013175109796
18 -18.938818690684478
19 -3.7107915071435653
20 -15.998909505488362
21 11.353686627963528
22 -47.58560851219757
23 5.833269704574194
24 -8.616733513009416
25 -34.02141951179829
26 19.35708808483936
27 -49.86686325039661
28 -16.080882479496143
29 3.8866038460146632
30 -21.693956675317622
31 50.95422086679382
32 -85.47337975027966
33 67.83753664018957
34 -54.84352760555024
35 28.240987158836063
36 8.547602912823958
37 6.734569728340602
38 8.895507636234592
39 -13.711848932348596
40 24.816834576543044
41 -17.837528704383793
42 14.883634712632873
43 -15.868969335743886
44 -2.5838538356344802
45 15.619155999328628
46 -11.02313211956142
47 -28.670241990832793
48 -6.213972380531625
49 -43.42299002096993
50 -12.097549136085433
51 -44.49034055355478
52 -12.637894867201414
53 -24.089890175757983
54 15.893980646661015
55 11.303243782405982
56 8.057792512849998
57 33.74546085429671
58 104.23597067005478
59 -11.321360084824802
60 69.66351429174169
61 55.723401977931296
62 -16.137212262213403
63 40.08867813193497
64 -10.129182247719324
65 16.971635977383666
66 -7.523583311633033
67 23.860442968401312
68 -51.32485608265785
69 -14.554472675991674
70 -9.122003105728623
71 -13.357049550907224
72 -3.724307600409377
73 9.316804891062008
74 -21.748658912455685
75 -1.877213413921497
76 3.649269140551925
77 -21.46962800468801
78 40.49830348137676
79 -65.16473314809171
80 58.81676508490798
81 -57.63411301139776
82 18.95044198656563
83 7.7025687297567895
84 -19.9660641772656
85 1.659377714815245
86 -27.074660962112354
87 -6.252870402611727
88 -66.61813237029898
89 14.764487372738188
90 -6.8568206677461525
91 -61.39683096741258
92 25.509672561909028
93 -0.5406342226867732
94 -17.702863759603556
95 42.37736947932801
96 11.280347874989797
97 15.724207071318752
98 3.6218143404310825
99 30.581082333641728
100 -52.90458732682608
101 65.14981974865486
102 -44.07607662383845
103 33.93045482334108
104 -43.162334099320844
105 4.97151804034553
106 -2.2657328141663844
107 -48.7431113223277
108 -7.017655685920202
109 8.934730342270447
110 -8.93966830258103
111 -7.356909416086787
112 -2.4120628136350546
113 -29.07528894930368
114 18.216393461486586
115 -31.744784378357675
116 44.64969317232383
117 33.46952034563244
118 14.382377262579878
119 49.86663876030994
120 11.880242865444796
121 60.82402831502174
122 -2.760744948703864
123 40.05758678413852
124 -2.2381246553381047
125 9.929601006391994
126 0.34834491269437257
127 0.0
