0 0.0
1 -4.199771737436994
2 7.3568600270203195
3 -22.42082449898069
4 -17.097104301208635
5 -13.971628678987353
6 -51.2323564111594
7 1.403010816835261
8 -40.21497740676677
9 -16.142199084157873
10 14.896796945560245
11 -60.70371954680967
12 22.496050903254883
13 -2.38884210218447
14 -25.38974773291011
15 49.43165346405729
16 14.532462706134595
17 -7.054218823639204
18 56.21397535494681
19 -2.7268261362889925
20 -15.14936486092952
21 49.06469361201848
22 -36.54382542162464
23 47.20532388523399
24 -59.15179439983165
25 85.85303600686909
26 -32.54661814583101
27 52.3889231137772
28 -28.76517827506123
29 3.162421828831078
30 -17.792640434184356
31 -25.980337853538515
32 -15.136852862452226
33 -83.68713832488982
34 -34.78932771048496
35 -76.22369098447886
36 8.66635910064246
37 -81.34394972712174
38 4.2379361016727035
39 -32.139480445752035
40 -26.29150989079167
41 -2.1169167065342367
42 -2.9476386557592447
43 -3.2377201178372874
44 -0.19298897599263246
45 38.28427058639444
46 8.094202469450513
47 29.362451930989046
48 31.946225657830407
49 15.762032117284713
50 52.48532973479339
51 -1.4985107831049036
52 57.1831249958526
53 3.2443264257402413
54 27.246770949051825
55 -7.453593793161696
56 28.610219493871462
57 -20.089402070254554
58 22.17012820205233
59 13.218112032798443
60 -42.17162058723194
61 102.07699549239288
62 -53.98745768253391
63 53.8498624816014
64 -31.65038208144826
65 -4.206917053724197
66 7.927641829963459
67 -16.978784903531754
68 6.401226059553362
69 -58.6322549432979
70 40.17708942057593
71 -78.65139977336975
72 29.7833338086034
73 -8.307735623593885
74 7.364498444990038
75 32.01030020647808
76 -48.460324436961045
77 62.77699776087358
78 -57.72131874061147
79 58.717398162754925
80 -36.995039606593444
81 -2.9330335447528224
82 23.277939419047392
83 -33.048431421727074
84 10.303472434451002
85 11.856355976681083
86 -29.456558927057632
87 -4.496355184275526
88 -16.83429343305376
89 -43.783073418432124
90 34.909675099436974
91 -45.08345262920946
92 -3.9933721054264644
93 -18.58543793502872
94 28.362929282799083
95 -33.92766891152073
96 23.165449233999166
97 3.6499547507588277
98 -12.904191261283199
99 63.46900997559682
100 -25.909934703041056
101 47.84331623158959
102 -33.41547975613807
103 -20.268572346167726
104 32.175065781972116
105 -85.8872902340264
106 26.187126164996734
107 -117.39014655400258
108 17.30054134935273
109 -34.02388541132834
110 -86.19780299718593
111 44.61992532241353
112 -114.78540364049505
113 67.86815930303139
114 -52.70089809332313
115 35.67373701779279
116 -7.055660378827968
117 52.7530640452063
118 -9.858590880291532
119 74.47336137284898
120 23.325693843104872
121 35.24770807702666
122 16.040166870006473
123 21.687766683996312
124 10.598415190658477
125 5.7107627411361745
126 1.8503786460741412
127 0.0
