0 0.0
1 -4.2164672279272875
2 11.083274756676783
3 -28.007745545482432
4 2.967471833966019
5 -34.21317105145965
6 -36.93021959178885
7 -13.151559574351761
8 -84.22303459353449
9 -33.470237691981566
10 -65.786482960739
11 -34.99265789930625
12 -74.77249423413515
13 -32.653177040335834
14 -20.680864968804997
15 -64.1246031385723
16 -2.808166434423648
17 -32.78694544771719
18 -3.6091682640184453
19 -0.044036220344346254
20 -5.488176140661242
21 23.772823251371705
22 5.214917059646739
23 31.613846815421795
24 27.150873769840505
25 23.037255742472883
26 62.72236911814837
27 9.066367095029504
28 17.143669870691447
29 37.4481479652779
30 -25.43891830250161
31 19.3954820091351
32 8.886260747697229
33 4.2301307492418845
34 6.673994174299697
35 -21.820239983575387
36 26.81907550737829
37 -18.598085226199267
38 -7.98989884666787
39 -4.683723619873946
40 13.335260029498267
41 4.404123979822481
42 -15.08494393970747
43 30.399478955102772
44 -21.97389929153123
45 21.092815074668824
46 -28.280663612614756
47 -36.40697469801877
48 -23.442790413819186
49 15.993250395218071
50 -27.039733147702623
51 16.638578249104825
52 -52.5105922813019
53 56.895552538670955
54 -29.06571664601284
55 -14.196693540270969
56 20.32100459166592
57 -31.524396709402783
58 18.974267685567927
59 -14.759096608856574
60 22.001455364536305
61 19.64297711568506
62 20.67419544984766
63 45.55899261657842
64 -12.984738434258283
65 39.89452248347133
66 22.95760760450988
67 -34.88368668009474
68 41.29745838839398
69 -24.488582960215304
70 47.88277336525689
71 -19.298958282504692
72 -14.25630317441298
73 2.3213872707654963
74 -66.75375325857938
75 -7.299167624252676
76 -11.582149515516978
77 -37.32875794891755
78 -0.5543412701346647
79 -29.00872260814078
80 10.098266994952386
81 1.8136921108103092
82 9.93630133673442
83 22.619769958909547
84 30.380090133685027
85 35.31511173190042
86 -6.061911168962099
87 18.991946021702738
88 -2.611676642407872
89 4.638331058466463
90 19.135163545818823
91 -9.948984868051365
92 26.79293961573943
93 -19.231863369095997
94 10.385931468370805
95 39.7507578897175
96 -5.009489079646307
97 -13.062845922580427
98 0.6113254987588861
99 -33.338552824152934
100 -13.950381076943684
101 -22.4653769097375
102 45.165291684387775
103 -54.32869265626586
104 36.64661378305555
105 15.146692887597885
106 -51.05810023911321
107 87.23409519691701
108 -94.01380079542068
109 73.92768651050541
110 -47.51468386976259
111 33.54710370076677
112 -27.51867947982057
113 -24.197140542115363
114 31.320669027042474
115 -62.76722640837825
116 58.22443901416533
117 14.505179573029267
118 -17.836827790442012
119 41.02097132674752
120 -29.460538469630404
121 56.78566040643701
122 -6.335619644254408
123 26.815244618970947
124 3.516672319177708
125 10.23176254091015
126 -0.11885155152866131
127 0.0
