0 0.0
1 -4.081688761779885
2 11.867163240437344
3 -12.714605893800961
4 6.185709484974192
5 -9.555012957120775
6 -3.8286496766758153
7 12.308579233520044
8 -66.56822062587729
9 21.730153402438418
10 -66.72578561743637
11 -31.319587656871814
12 -45.26351884315397
13 -47.959814218420675
14 -9.607389925975173
15 -56.83066451025506
16 4.879325678910958
17 -14.345122854258415
18 28.079378306081725
19 -10.575002364431667
20 8.771538383396958
21 64.95486008539237
22 14.638387783625417
23 10.468045374003166
24 21.010941546155642
25 23.488899384974548
26 63.14840224604243
27 -15.370720473762415
28 30.503965702421098
29 -20.756183843640443
30 0.6436807495038482
31 -9.07172203636701
32 -25.314918709606815
33 7.193805483234079
34 -26.41296297536262
35 37.74495226397481
36 -63.68810531235348
37 38.835918035134114
38 -50.90926319388153
39 -17.73172768336729
40 -10.712740695621632
41 -32.20178141486726
42 12.623029869638524
43 -48.87005212250431
44 -15.26395916137358
45 35.2859279214233
46 -33.31999726495446
47 18.399655589523825
48 61.4491023735912
49 -23.709236344187996
50 67.96557592586144
51 -5.170680757652396
52 -23.529896437954136
53 29.441059149157393
54 -50.386225400394586
55 29.275409527011313
56 -52.011996733411834
57 15.559134587309204
58 -13.521691666442397
59 -14.41503823675263
60 20.226173482398085
61 -57.19784223877458
62 54.293590509109436
63 -74.52663677671137
64 50.13007901234539
65 -46.27188034484426
66 11.130445236549338
67 -56.51660141180332
68 31.690229227565514
69 -30.87711704781706
70 -34.04393134026246
71 29.072517926590944
72 -88.08615153446091
73 25.22381900439315
74 -54.653765902256936
75 -12.715877567605965
76 8.410888763845284
77 10.437682845089505
78 5.069326932169359
79 28.447764319995443
80 19.135289520174698
81 26.863146611394587
82 -3.0114132448859943
83 24.651265905123896
84 -29.055256067178775
85 16.635977809090065
86 -12.563141558567015
87 8.194664164178462
88 -12.086980503706961
89 29.488368328572058
90 -35.37731693413161
91 62.87346242561365
92 -70.55095820017652
93 75.31671296816221
94 -42.0570162760827
95 27.60100201442967
96 22.586316523099644
97 -50.30928344953037
98 76.70138924140538
99 -101.61014931840536
100 103.2627274476313
101 -76.05036207699474
102 72.37533212662599
103 -88.17183130375426
104 36.93173121722426
105 -14.018752104901258
106 -63.679791120800246
107 55.74398278356677
108 -88.94477205075701
109 21.876492989388012
110 -14.589378641827818
111 24.775365047645934
112 -9.6167012666847
113 18.38719699375119
114 7.9839248839371635
115 9.649329330830945
116 -19.559192613772076
117 31.76995526075082
118 -17.32433108843811
119 12.25003108907994
120 -9.210549224745687
121 19.499810160864186
122 -20.80289113727439
123 32.575302902271325
124 -8.054604294878596
125 12.803410590845106
126 0.5422516823230228
127 0.0
