0 0.0
1 -4.974794282865669
2 15.129479500848781
3 -23.45706543768167
4 16.560501491530026
5 -38.08825963641555
6 8.996145218298427
7 -60.92311195948028
8 1.5890256488503176
9 -29.837345454298006
10 -59.330022609232365
11 23.143465463797593
12 -67.75515860046764
13 9.934362925516156
14 9.505987473862222
15 -25.686325750113166
16 70.67638643031162
17 -10.547489957622387
18 6.29800737758797
19 55.13478578208831
20 -14.599803466734706
21 46.71911441498257
22 -0.7052521433427964
23 33.46549169622134
24 -14.23174288759203
25 64.22550233795418
26 -35.67875592849395
27 19.584859766990235
28 43.45690347974728
29 -30.32403201338024
30 -1.205961143973678
31 1.896092869850804
32 -48.2932717491622
33 18.709585646808865
34 -26.708545879308183
35 15.94649448770752
36 11.611529795805065
37 -3.8319064091450565
38 33.05265094361539
39 4.587622071270313
40 34.450823630772014
41 -14.198515176138303
42 -5.060783498455173
43 -12.415311563358797
44 -14.105498199606716
45 -56.874330992588355
46 13.113382775041957
47 -32.99250650781561
48 -19.43086412338411
49 36.09455724233337
50 -68.32798868837703
51 -10.834812460846203
52 -19.77080534479479
53 -39.37418978650116
54 -25.22332429470246
55 -17.897914154201864
56 -61.86671490141926
57 -21.566005752562788
58 -22.80156447934342
59 -13.622138124003829
60 -13.953286078308546
61 29.70404535505429
62 35.34707416984951
63 45.77914204925273
64 -8.339693698512871
65 66.3635425254862
66 22.097720932985524
67 10.784327047459488
68 29.867999782421403
69 -38.178375555178604
70 -16.548780520340706
71 -4.742677204301135
72 -61.41432614524423
73 -19.03374604182835
74 -15.025080231676137
75 -21.507793849227944
76 6.1019622922614305
77 -29.693297400150875
78 8.034988320401723
79 -21.78297656175968
80 41.96617146042458
81 -51.13995986540494
82 28.23196789307846
83 -7.307521013603385
84 -34.01385533049852
85 22.409291350221725
86 -18.282828920498662
87 2.4747378591203066
88 9.825774742898886
89 -8.301938273645602
90 -46.896137389034976
91 37.119924891459775
92 -4.6991820978270376
93 -28.489453108737543
94 19.586841843462924
95 -71.32835903503079
96 47.35490238602148
97 -19.669466030630346
98 0.01014148032046236
99 45.1829896698561
100 -40.47960570203404
101 64.88463808591382
102 -35.272631802058385
103 30.997188196882753
104 1.23580879468186
105 -14.141253117464515
106 -15.444150246460719
107 11.342770468579083
108 -29.3285500578939
109 6.974187686818919
110 1.982832751068374
111 -30.574185328878436
112 -20.832436509722562
113 -21.83768656205346
114 -64.13557274282465
115 14.078006171467404
116 -52.042562394996324
117 64.59798515391414
118 -44.34362839435831
119 48.58289894100407
120 8.01064079969242
121 15.856178566429554
122 20.788133417787538
123 32.48462093010548
124 -3.482354435455698
125 14.513534973617531
126 0.5169310463159507
127 0.0
