0 0.0
1 -4.401662627784118
2 11.04700729272964
3 -11.720564662055306
4 -2.3373864920105536
5 -9.647692097315696
6 -23.84935205943697
7 -31.603129956959478
8 25.37926572038668
9 -55.33280156840481
10 47.01451225715004
11 -55.27199189066809
12 32.58468400309768
13 -30.81804716177731
14 -7.252734937609453
15 -0.2157301739999824
16 -22.96405236796404
17 8.550807716466165
18 -15.390924005041835
19 2.848019712244444
20 -6.712888860128867
21 19.83101345374361
22 -17.434978033279005
23 4.698456437678406
24 -38.58255053557989
25 14.355874280794083
26 -45.864516759133586
27 17.307003997653478
28 -46.393377122011316
29 6.980022978161667
30 9.37574987539277
31 -33.45786966056664
32 -5.707423675307181
33 10.241511058010182
34 -48.49647959844195
35 45.97429043942185
36 -28.15111348795404
37 30.303208958592553
38 -6.755532584086913
39 -1.965381870326605
40 38.84762157495009
41 7.287111862721067
42 -3.598863214707389
43 14.36084253352593
44 -11.66560627017131
45 -4.825614456260044
46 21.290486662356273
47 -15.361027265791606
48 41.656225346715
49 -33.7004575660856
50 49.60692752738544
51 -56.30447967366666
52 11.92357252874942
53 2.8998180286130926
54 -10.725866055068968
55 18.914314435703314
56 -6.325887294689987
57 28.076681427672685
58 -60.28070117844858
59 35.64922284100002
60 -28.60138612375038
61 9.939662094717377
62 54.385058259547385
63 -41.93623295907912
64 10.771334462539985
65 17.83888112153313
66 -15.78546713318927
67 24.58520142534249
68 6.084997871232141
69 5.374293176841048
70 -6.86504237473874
71 32.21311235002324
72 -13.923079833793967
73 92.46210945475806
74 -34.79144185094048
75 45.131361491292374
76 21.06845455474903
77 -45.33223698132154
78 30.109907312540592
79 -82.90221330323807
80 19.91775880149701
81 -64.64254574829106
82 -2.6218946970790835
83 -22.246370633124375
84 -36.41304925186269
85 18.847738744817804
86 -34.962394767626336
87 -47.615087262205016
88 -29.83847890155568
89 -40.33966662142598
90 -12.73800916326193
91 -24.917035131906143
92 -13.207296243979584
93 -48.20219712206255
94 16.33685302677591
95 -21.365079970196174
96 -13.090501731261226
97 8.390235501684234
98 16.393646399219797
99 18.715442543210653
100 46.47244713157744
101 16.386629550027568
102 16.269360672448308
103 21.93129011993197
104 18.74131335193228
105 31.311165064197105
106 -9.853642157175454
107 34.92684159778527
108 -18.808991894070687
109 -7.570478394630412
110 27.615873151713984
111 -64.85679661641878
112 42.33794467769837
113 -21.72693307122947
114 -22.524444136449116
115 22.277632721657035
116 -79.78210424786562
117 18.554748412165495
118 -26.23990141040303
119 13.679817205247776
120 -38.44856590985412
121 62.00867457558306
122 -35.47524025548019
123 31.325370116127544
124 -11.185868089593495
125 13.51073232636017
126 0.4261880930980451
127 0.0
