0 0.0
1 -3.873803584910323
2 7.52928613222863
3 -14.789032432512709
4 -13.239853092515222
5 12.285215856348312
6 -17.860116628630646
7 12.375878378735989
8 -0.36253419963212635
9 6.062311811750988
10 -13.907458415073734
11 -22.90404448302237
12 53.84502354751055
13 -99.47146578905833
14 38.42410087755524
15 -83.19796685352053
16 16.879814438192657
17 -31.636630260431236
18 11.962912866187972
19 -19.8548958706232
20 -0.8657044371446481
21 41.63079362069036
22 -41.42436853904922
23 64.76863252377119
24 -13.121352551294493
25 17.518524248226417
26 43.2832797852176
27 6.153637004747018
28 14.05306479715263
29 37.958890960528
30 -27.642379733836737
31 62.456031324727995
32 -18.283232456898492
33 76.62671542524974
34 -25.57148483005896
35 19.094296153411236
36 -1.7842995235092638
37 -15.234793461290854
38 14.140734053836336
39 -67.0554081037937
40 22.0864656966664
41 -39.36022859455679
42 -0.25806868942761535
43 42.76449271480327
44 -33.89471605692028
45 54.685912371126356
46 -25.42213217767993
47 71.87419948062286
48 -49.285509623982776
49 50.90542348636027
50 -33.46319626590541
51 -22.16190271831662
52 -10.72653612844941
53 -23.475051263338127
54 24.030774505067193
55 -55.77349486966745
56 50.96824168883725
57 -73.63860956635341
58 54.11512983669278
59 -50.778913352797
60 19.667455008557358
61 -21.297211531947383
62 4.739142441562789
63 -11.708337235794312
64 -23.863170375825092
65 -20.670616978150175
66 -65.49829499861488
67 3.439064948125763
68 -59.30883291356157
69 -24.27367706695316
70 41.2136244372132
71 -48.08212911841284
72 74.96554655492119
73 -18.181332136249797
74 35.000610289053355
75 23.291961289688274
76 58.91374811555935
77 -3.619624206929585
78 28.247992058778664
79 73.34320502171784
80 -9.847903056424075
81 88.90280452144286
82 -33.1305931693782
83 73.60747774889994
84 -40.12408969281938
85 42.38329442069219
86 -38.74938830816854
87 0.3455577174631726
88 8.006681578337501
89 -111.80424805643838
90 1.9143285719375362
91 -87.4895223989095
92 2.892822833607551
93 -43.284913092956096
94 -30.54831900152047
95 1.090685201217291
96 -19.05901981033423
97 -8.356559657031697
98 23.902865176792318
99 -0.2672283994571534
100 -32.400073067781925
101 63.48025746753987
102 -39.376652144101705
103 -4.508106856770366
104 -16.090746909812022
105 -30.308165351064467
106 -5.115575882322349
107 3.2207767481462595
108 -33.806757059644596
109 46.97065919334939
110 -75.88511200644452
111 27.845430116543152
112 -21.3466799303449
113 29.051048094596275
114 -13.819398724561053
115 -36.940572630987354
116 47.66047492206316
117 -91.38872753981471
118 75.09993449032586
119 -53.83115450188928
120 16.44375740915025
121 22.73561114671767
122 -10.32425697972451
123 38.569526071293225
124 -8.473000240678095
125 15.42192252894799
126 -0.962615147049674
127 0.0
