0 0.0
1 -5.001530427897891
2 12.851637269645845
3 -21.791919622614667
4 -5.722808618423584
5 -19.137669565797896
6 -16.140016499162137
7 2.240966857827742
8 -62.49305944724731
9 42.55890989175005
10 -98.36698836190804
11 50.102263738117465
12 -76.51545983382786
13 10.784712837098562
14 -15.612567779667785
15 -36.921154254216574
16 17.72940250716028
17 -78.45381976176705
18 14.70434800596706
19 -4.857529532081725
20 -31.62483563983326
21 38.139441035869716
22 1.5039264323888544
23 -38.77140233474582
24 69.73132151989779
25 -68.16295296251766
26 15.489833735839431
27 -13.212133516702593
28 2.255494227239631
29 20.781357108777183
30 -21.326896388827077
31 39.40511878300948
32 25.553174874343334
33 -10.55851560019184
34 10.710496612462954
35 22.73308091456185
36 -27.528764701187356
37 50.83540632948861
38 -16.373657655000518
39 3.9811308879306195
40 -25.436070928238582
41 -10.02140527389097
42 -13.798665740938205
43 -7.425903456858827
44 15.130205047334805
45 -77.62573136554029
46 44.65968045746515
47 -100.62776391889065
48 36.71177553473744
49 -29.062143352392667
50 -14.873262921194474
51 -0.44146295331304364
52 5.4621576914715915
53 -32.263674586428436
54 11.077867388993063
55 5.231784270434416
56 -17.018248116942438
57 54.19367406841409
58 -91.38189378778938
59 97.00375195880385
60 -45.09697464881051
61 75.28980525532576
62 -9.224250571033982
63 12.678027508555493
64 77.34896178310147
65 -15.145817281517594
66 17.795025631592576
67 -16.19065035839965
68 -13.128890831761924
69 20.109928766675548
70 -28.766622751811507
71 64.26182696524742
72 -16.983861749055375
73 39.78381554791754
74 15.985221330853005
75 -16.878022453743366
76 -5.961941653977288
77 -9.726631086043138
78 -9.309990060348468
79 -21.747644655982636
80 55.13799604670139
81 -26.550181372069563
82 45.81904033462563
83 -39.42163076391016
84 28.526722834519692
85 -10.42970707274244
86 3.8717621216841445
87 -64.61285905239406
88 50.096463815437566
89 -7.22274967517176
90 -55.79548477569714
91 47.22906864806486
92 -44.16077099811559
93 9.652100700268536
94 -41.49022461985903
95 69.18622569215434
96 -90.79823631039955
97 57.30550100915135
98 13.514444102705566
99 -28.936420093868502
100 73.40182133923153
101 -66.28149118842894
102 99.02989111864063
103 -51.87914741322257
104 78.56595756894563
105 -52.02074807059354
106 37.29045430230301
107 -38.94726002233431
108 12.702259622045839
109 29.591727344100093
110 -24.86344130732936
111 41.37510606508109
112 -39.209565053537524
113 11.772361230667409
114 -50.64510820115507
115 20.518631978531317
116 -83.40290396537904
117 71.93929429212821
118 -79.28481838412327
119 37.172999444796865
120 -8.477612180184765
121 10.08716101520366
122 11.693608095451324
123 33.08022514083151
124 -11.733950466888645
125 11.38345364334726
126 0.016594330899365052
127 0.0
