0 0.0
1 -4.6693097862630575
2 16.940323114151383
3 -26.372394766984957
4 23.638149858815623
5 -57.46579769647304
6 -2.1202970589531125
7 -69.54288235304712
8 -24.164589819130452
9 -40.51345846411015
10 -108.44554170171178
11 -4.185275212330011
12 -81.02474576412602
13 -51.10335413442202
14 -40.56977965247951
15 -43.21045572283243
16 -21.870649504625884
17 36.14621165673375
18 -62.89131191669599
19 49.50704177445539
20 -1.4542695722097072
21 11.01697415342387
22 -8.333260955262618
23 -18.876573723485887
24 -4.73152188691088
25 13.338602594973402
26 -6.4713044567008815
27 -41.149694638851706
28 -14.819068992890484
29 -19.739394806794486
30 -4.362827977573731
31 -6.69913511091028
32 -28.51992461836593
33 31.88603965926716
34 -26.64493621996913
35 79.47479395676302
36 -18.963642304278206
37 -3.3728891720222705
38 52.7095767042813
39 -31.32855602066718
40 22.490760973003145
41 -3.886523365618312
42 56.50476139935699
43 13.308454325534816
44 62.312584542939625
45 11.381253655741569
46 82.00809479099767
47 13.589843425077435
48 32.55014353583872
49 -0.4617635772277052
50 8.652988341953979
51 -15.501549364504388
52 -8.28496106706666
53 -0.7054021375158344
54 3.9130035633334104
55 49.177527416112454
56 -14.64295898278923
57 45.08562577625694
58 -20.649809018120994
59 -20.072008138813068
60 -5.058939887315929
61 -36.57379392952951
62 -1.8402444530267057
63 -67.582992367826
64 -14.781369000504224
65 -64.13503484286258
66 -33.56090012645231
67 -16.978534959836797
68 -51.40503044117562
69 -19.91657588388784
70 -23.178313572202416
71 21.966826509794178
72 -12.660648210118291
73 3.2009528762434725
74 28.96424959580852
75 14.788818601610837
76 7.846750333936107
77 31.67306624119642
78 -14.458171346526486
79 46.42779369492103
80 -2.94256191634882
81 22.168068164406684
82 18.052642409145598
83 -43.92953297027521
84 17.05437575216119
85 -3.593631918958975
86 -3.316537779016515
87 -11.506996120900899
88 -15.26995802417161
89 52.87742001170105
90 -61.200887579333184
91 81.67059839614923
92 -68.97647119398479
93 63.575485356620916
94 -17.802799806268577
95 -0.09363730015480835
96 4.9441878124679555
97 -36.45675650417229
98 69.8224029836555
99 -130.77961963520684
100 62.540095500514816
101 -84.99965247411268
102 3.6731874371298776
103 -18.541884442817704
104 -11.65126849445163
105 -30.901704537930097
106 32.33401718168848
107 8.788976379697248
108 -31.22600216506644
109 27.86121319471831
110 -13.457910375709542
111 -11.713277423474882
112 20.56233309012837
113 -12.67611255469267
114 2.8389009631546527
115 -7.0196041609287345
116 -28.61659071573408
117 28.85338643323529
118 -25.903247583978548
119 17.605041860809205
120 -17.62949751416792
121 75.75677375805878
122 -43.4455178728775
123 84.77760472306997
124 -19.998596151174937
125 19.840810997675668
126 1.0128982826113415
127 0.0
