0 0.0
1 -3.118207423267886
2 3.624716208830139
3 -19.07046177238548
4 -18.38526731096662
5 -7.138348939009324
6 -80.63634632141941
7 -7.474483436071408
8 -19.453520612354843
9 -55.94226733459161
10 44.84043837821316
11 -1.5310881628977135
12 -14.64525619583976
13 -8.41340803697581
14 -13.110326784419495
15 -54.114613807483174
16 39.08837828982541
17 -68.94491925567348
18 36.5808614192361
19 -49.57433267373827
20 44.232591227184045
21 -32.02165544569588
22 -33.73405375499693
23 25.63891348608658
24 -54.95688732467239
25 48.017443800542644
26 -52.60146137657542
27 42.4377625383451
28 -69.57051797251025
29 75.95704483700024
30 -20.822034869380836
31 17.112972011557634
32 12.901823507582018
33 -4.491212511973126
34 7.230885342857708
35 45.6202434630557
36 28.89020666045929
37 -12.564226000377166
38 25.588955386288966
39 -19.7363033063638
40 10.37876573649359
41 -18.88737252070152
42 44.43416790028988
43 51.85148147059748
44 22.617112737137354
45 69.9440480313285
46 57.16777209414094
47 21.58146337248864
48 19.280811612096752
49 38.907451011825955
50 -22.291216208248947
51 19.624241623334374
52 -14.730687553592466
53 19.224247388360318
54 -4.486211110928102
55 19.69876618378999
56 -9.477184942862857
57 -19.382268017635166
58 1.4242232941613047
59 -37.812729055580675
60 25.308001272320897
61 -14.274041005579255
62 -13.713610046790073
63 19.643349167121073
64 0.9231465571796043
65 9.251803682748676
66 -33.51666414359355
67 -12.845360437367148
68 29.26378693427014
69 -56.12192453502892
70 38.793265922609514
71 -30.032094404772067
72 -1.3967338083027032
73 -63.0250143682907
74 -14.35451760620889
75 -44.52420971121039
76 -40.71451209460037
77 -31.300021368142875
78 -0.8906658848692475
79 -47.24647669458305
80 -26.102046510711325
81 -7.174859823654536
82 -40.398462035988096
83 30.668303038117585
84 -49.48382179295668
85 29.265497756505447
86 -16.698742671687416
87 29.93632953372307
88 -26.942869797959904
89 -8.633885557945275
90 -13.519318533083313
91 -22.486414845305973
92 7.817190730447728
93 2.8782678794587357
94 6.346554235426941
95 55.981066601785024
96 -15.5828303251027
97 -1.1860499835121285
98 59.50173949338756
99 -56.843385659505884
100 67.5311381032922
101 -51.6646844540803
102 22.784299328005343
103 -0.14214215203556751
104 -21.49059762514374
105 -21.580160921718388
106 -28.505255543954163
107 37.87437070009603
108 -56.65085392165671
109 25.034252185954113
110 -20.66077402354209
111 73.23522599910484
112 -32.08315440581199
113 61.24148564856137
114 2.181964205737198
115 -1.4413115342992189
116 12.668330620386426
117 5.595687146666237
118 3.9989209644325556
119 -8.510082392947131
120 25.069075616195548
121 8.387081135497827
122 -5.7409608196688025
123 20.470348256383897
124 -0.7019856009428067
125 6.222759388551382
126 0.6601074625039288
127 0.0
