0 0.0
1 -4.649710030908016
2 11.91670849007476
3 -36.30590571930427
4 16.338624500831337
5 -26.58340127089003
6 -30.006745645423013
7 -8.959437784803724
8 -79.70544901749615
9 46.75811257517524
10 -37.409807587305465
11 -7.883372581930736
12 -8.254174003620342
13 3.8285980224850507
14 7.234793752993195
15 20.659160682225018
16 15.08818398286713
17 10.014939044675838
18 14.818633780259717
19 6.732747740672852
20 28.053278131431515
21 12.141965762387247
22 -5.1950960123451235
23 3.583738938946
24 -41.54814136046498
25 11.243054837619958
26 -29.66485432197525
27 -16.5806371527141
28 -18.678429884620062
29 -27.34680911839085
30 11.658312425339473
31 -32.35748799653926
32 -19.81200972901831
33 -56.0737248845248
34 -33.00363783980624
35 20.120347297573538
36 22.616350532019915
37 41.283640717233446
38 54.52504820806765
39 29.014272074013814
40 46.81579536769285
41 42.640858714903366
42 5.657944783371274
43 20.50847874854133
44 7.941664333532014
45 4.74894533193429
46 5.504409219399668
47 0.31714636903735344
48 -12.53941474145099
49 -30.54547226767262
50 -26.590268938340042
51 -12.171101696274059
52 -10.25394566941867
53 -26.399920260636556
54 52.58991070574673
55 -63.16064217224037
56 12.320340187183447
57 49.357760170391806
58 -65.03235160920589
59 76.41262657859558
60 -12.781225224022663
61 5.777319398590068
62 -13.394565660480454
63 20.832686047896075
64 23.88004525004439
65 -36.28103634392774
66 16.90872982592635
67 26.85154456862538
68 -14.77380800996634
69 -24.597903873196486
70 48.803576706695075
71 -42.469833790660935
72 33.09580727947057
73 -34.94727559094765
74 -6.803863829820913
75 10.229165127316483
76 -88.32481407884154
77 63.17156983105442
78 -49.696911999845085
79 -10.263613414444695
80 19.683350335311392
81 -83.12039386688149
82 57.2908939346126
83 -8.145292162285827
84 13.79630558451641
85 28.340523341939274
86 4.211391834239417
87 4.893464001427706
88 -10.232420585833891
89 -9.783276337201297
90 -32.249009709946435
91 34.032359153571946
92 -67.81240273261535
93 47.25138073180612
94 -19.865060269658045
95 -11.611052822275854
96 3.790837053635234
97 -31.042025460594726
98 5.971197469598305
99 -18.372588030599555
100 -9.983954406096004
101 -9.522825375267503
102 39.14382514006729
103 -48.14753820148589
104 23.226119937337703
105 6.489860663660394
106 -20.780396529573252
107 39.98704972254103
108 -15.207809728582939
109 -35.797545585630345
110 42.33185468793408
111 -94.90940844476798
112 58.17416193519039
113 -14.398729443067678
114 18.420687186204038
115 47.2170895091796
116 -27.211742334756096
117 24.292520842885754
118 -44.96416990785756
119 74.93074561034157
120 -36.241096796457434
121 36.652006779302596
122 -10.01789437917546
123 37.52832595387197
124 -8.309980534194942
125 13.590067286809354
126 -1.0944391634203292
127 0.0
