0 0.0
1 -4.956243665257734
2 12.016237168841048
3 -17.773177988246854
4 0.2855954722803083
5 -33.14457652872588
6 9.234819892949401
7 -37.48577021708565
8 -15.366850328303133
9 -1.5947575514839292
10 -62.73861992235864
11 9.316743812322214
12 -76.63899102374934
13 46.53832649827211
14 -54.13120812445468
15 20.1627697601139
16 0.19568669965639324
17 -26.18159038937698
18 35.156842719582336
19 -14.783045292067051
20 2.7307106917393615
21 -8.518033153489707
22 -17.864302178535926
23 45.65923188458491
24 -77.84874517693481
25 32.25365419745787
26 6.346056280376998
27 -24.811197691725535
28 32.3118612150882
29 -3.4959110135831613
30 -19.087508527441912
31 7.826410261084716
32 -6.819743448416972
33 -27.66106743340659
34 27.96567852739019
35 -24.33688892700373
36 3.6046119129464924
37 24.97373932180497
38 -20.52919475808294
39 -18.52747194543916
40 21.531715155044818
41 -8.378321424182213
42 -26.263889703549577
43 -14.477410016240382
44 8.289887315122227
45 -36.82209077645846
46 30.736529542115644
47 -22.716609714254552
48 53.12275114026369
49 -57.72304167057099
50 20.515083328182968
51 22.25356600145124
52 -48.189173706397746
53 36.636697703696115
54 -47.35091499259659
55 84.03932988231256
56 -50.89290090860646
57 10.967699086883691
58 -21.897753907490728
59 28.45761890108688
60 -0.09016613846432883
61 -14.970903082837468
62 8.304656993619101
63 13.992954319001967
64 50.09498351510308
65 5.194353859634061
66 48.21210886420735
67 19.762311897100346
68 19.681505996137126
69 5.792768018852798
70 -15.85435534735858
71 26.981929639497473
72 -48.507719180998784
73 18.48927610613334
74 -62.22818396120371
75 -1.2326915586220535
76 -22.177681467479445
77 -62.43462639615557
78 23.138493711340548
79 -76.23983207279942
80 43.37378573219011
81 -58.7734721715855
82 15.105410944432414
83 15.289862574352487
84 -32.33800613131327
85 6.231905807184775
86 -41.38041691060711
87 1.0535621411770317
88 -28.11470909888582
89 -25.698375755417327
90 -36.94634795749501
91 -7.22866061044577
92 -49.36684644314817
93 31.803556214439965
94 -26.06180325719186
95 -26.61283178050152
96 50.071333760595856
97 -75.65436657701781
98 37.836693170414215
99 -40.3355499048684
100 5.795907483087602
101 -41.12928424806032
102 39.3912226941501
103 -19.965441668552035
104 -18.00338487873875
105 37.088851721969
106 -34.572513244174196
107 36.742691700633934
108 -5.682699678057595
109 -18.786966601651034
110 19.224809232948303
111 -25.30859371013548
112 -23.643114545858136
113 -5.313255794580046
114 -70.78169329174011
115 24.312629412272514
116 -57.173914705619666
117 60.508597830598504
118 -7.259450894103075
119 117.20348676194348
120 -17.861877895879555
121 80.80938652331088
122 15.684336546976386
123 31.012710130049708
124 6.981187379303108
125 9.913142734745367
126 1.8497680966656223
127 0.0
