0 0.0
1 -3.5110880620053466
2 4.63064757603058
3 -14.840983240488061
4 -11.136218929076
5 6.207269897318192
6 -32.75187183937395
7 -6.900041280496755
8 45.5548411852782
9 -87.38232858780619
10 92.43215755316268
11 -68.44092168360326
12 28.28898422664935
13 -48.01895130169686
14 26.46678772140491
15 -33.57420744986423
16 22.000556626581606
17 -49.65479119934485
18 12.85420855907986
19 3.8131976903375655
20 -54.77246545662987
21 43.91300901238664
22 -63.50202270880891
23 68.89487641957545
24 -55.65140427372239
25 49.874030946839625
26 -23.694838046842914
27 -13.818413712887581
28 -7.511914052896712
29 21.8343829961885
30 -19.887642671408244
31 -25.69517817284644
32 47.05202742025132
33 -65.70141538007503
34 34.281642388243704
35 -30.852146028726338
36 -46.65228789573512
37 38.84408771283188
38 -33.536999494190404
39 28.14425235629064
40 -21.649857927370473
41 29.971017822076266
42 20.21451801167095
43 -5.127973986581305
44 18.31748540750875
45 37.31228748155272
46 2.746722913864681
47 44.94648812325726
48 12.082266080302366
49 -33.466248510953264
50 -9.66896672555782
51 -11.496593343217787
52 15.573204854986223
53 -22.170964091628143
54 30.16411273532046
55 -20.292631232634903
56 -34.45671962986768
57 82.16242365182772
58 -12.604483186448665
59 10.340234072627043
60 2.626001471470147
61 -19.970153526527664
62 8.0100520251697
63 -11.306086588454484
64 -17.920005974991156
65 11.833045418020504
66 -27.283107770845348
67 -11.978436275012735
68 -17.410956085097695
69 -39.189724454537696
70 -6.929513966459287
71 -28.764638753482902
72 -48.27549366224948
73 -61.67234433597439
74 11.11622922887612
75 -66.04210556883812
76 -20.502417874572295
77 -13.0518193282202
78 -69.64357228459208
79 13.641955568573442
80 -19.77772943353435
81 30.932458372638667
82 3.4622615568804944
83 33.25153348070936
84 59.38149663048133
85 10.202895814508848
86 16.47937594202052
87 19.407333132061733
88 36.762889632289
89 -4.487778244827705
90 61.97216887639922
91 -17.982867334050994
92 34.905787070739166
93 -6.850568997288029
94 -24.824449498763386
95 10.379706136892398
96 -20.62632762337092
97 6.197366294314757
98 -9.848836848565108
99 33.63168744822139
100 -66.38872965261665
101 54.538988465612654
102 -37.82484428163922
103 -33.26033315811221
104 13.525499786669783
105 -57.46496751832488
106 0.30171279055633315
107 2.7501952718917955
108 -10.840638190480542
109 8.171481922486201
110 -19.447424230566458
111 27.07411987090514
112 -8.84466813102866
113 26.296517254198278
114 -8.928443920880127
115 -23.91094716897146
116 49.16683366948667
117 -51.50082757408318
118 52.19394062553071
119 -3.7230000189767916
120 22.286990314439276
121 31.890649268739864
122 -15.696225897764602
123 50.02499515870862
124 -13.003462436349189
125 15.056991691148689
126 -0.6923341790432934
127 0.0
