0 0.0
1 -3.5269846970594436
2 7.94711126549797
3 -15.500037612859165
4 -6.5313839157239695
5 1.3800069280967309
6 -22.838069138898625
7 21.044337544045362
8 -58.046708518484536
9 -15.260197662627611
10 -8.112244425745411
11 -33.36927403901861
12 -16.956532439837734
13 -8.176983243720993
14 -14.229865045158084
15 -9.375553305834739
16 -18.09275449443436
17 -24.465874897069845
18 26.147507067855646
19 -64.58699245858746
20 26.38504515185485
21 -48.856339770778995
22 55.97564278032724
23 -8.09579363720439
24 -36.95471427483925
25 46.46405778934956
26 -40.16396180008941
27 28.68165715815708
28 -32.94552774808564
29 46.311708147370794
30 -35.85156733476049
31 8.865521704212298
32 -15.583381863725572
33 -1.2443976862310626
34 35.24916919788358
35 -37.577545452169346
36 55.22688545512389
37 -23.242235538855557
38 0.5739652231774854
39 9.654657589031595
40 -54.494942505013135
41 55.68656811528806
42 -65.88826000031018
43 10.882171121539752
44 -12.462146506420336
45 -1.781259865960175
46 -40.043154196664794
47 -4.457701987709453
48 30.332310614848513
49 -23.588427550025422
50 37.90293795118619
51 -26.658293105992694
52 26.169006491620255
53 -49.35014536541049
54 -10.166148650256224
55 -4.864215467333328
56 -37.47745964764379
57 3.368497383205814
58 -47.08896596566737
59 60.80154101498797
60 -31.850066970451394
61 60.99593659984783
62 15.976386087314104
63 -19.324457160393152
64 54.80785027998637
65 -49.74744614399568
66 80.0918899665248
67 -34.83814654267796
68 16.595443603153477
69 -18.849147580692275
70 -2.6524306666243493
71 18.538377853306574
72 -27.939281394246713
73 39.37577307532615
74 -26.993771556447086
75 15.487113859344877
76 31.086146728226883
77 -29.856397760768512
78 23.167476713441722
79 -18.801011336805885
80 37.975617492963956
81 -11.061093261616818
82 33.87301226316276
83 -16.26288066210801
84 -15.437551200643815
85 49.844592088281765
86 -49.391508368039474
87 1.9516578536310418
88 -10.091343898264146
89 -25.676741536183993
90 -14.28600689552179
91 -2.859913858644435
92 -53.652774472964026
93 27.466501730920044
94 -44.0857356856433
95 -18.31857773479925
96 -0.37231985385747646
97 -3.0033946266463665
98 -7.859844190409868
99 -8.319924022862471
100 11.131080698530818
101 -27.345713409550278
102 26.07568055456363
103 32.03626791841431
104 0.6166888880814723
105 9.290329574487005
106 -2.823425024091756
107 24.683687201291487
108 -3.965292697388713
109 -31.196761625739644
110 54.56545627323764
111 -5.492033813108103
112 -12.90453367079313
113 44.86435736221476
114 -31.40386681127799
115 22.481206086682928
116 3.1772450626476454
117 -9.615986132035614
118 -17.477432019786228
119 -13.285851833930005
120 39.02902477557002
121 -5.651609581466743
122 21.506371172290784
123 15.28775605297082
124 -4.070210129277852
125 14.636942812272027
126 -1.013161475813103
127 0.0
