0 0.0
1 -5.865336408745445
2 15.729157879892675
3 -29.819387875343384
4 23.593730373672006
5 -35.98525450916393
6 3.702358874243333
7 -43.48465388106381
8 -11.50265594124861
9 -34.23516258878907
10 -9.173343205130958
11 0.40882119049575405
12 -43.31445259013129
13 31.776896985223072
14 -60.76150180922227
15 71.55030151198066
16 -96.82033242079073
17 92.71252285148111
18 -27.657807919038113
19 10.66609149514099
20 12.800819359436304
21 -6.885774903536827
22 83.54796751920331
23 -38.166902219549236
24 46.04808788733306
25 30.12816066888982
26 -14.81340749110205
27 22.110850301862747
28 -23.262581575572565
29 33.01997082527006
30 -15.021187408232594
31 65.72678989501178
32 10.23534409190327
33 9.951999199697715
34 -10.417791713148091
35 1.4921869141881015
36 2.294224002618095
37 -38.519226467397715
38 56.89529524617496
39 -30.899437263310805
40 54.88596263381526
41 -27.657130574728946
42 -11.129698369321892
43 -38.5964955911389
44 -21.627123671635303
45 -22.31457532004377
46 -35.633521210100234
47 -13.199737022438871
48 -3.640575957456907
49 -20.486155853391807
50 30.742523853300824
51 15.942372044635535
52 -1.0012226785361662
53 15.035129639818123
54 -26.976445477499613
55 54.76058058288258
56 -41.46916160450217
57 27.384603972525465
58 1.5280403977849073
59 -9.87778406954977
60 -3.7480974886223066
61 62.94223870207638
62 -47.96932024471725
63 64.93680022319907
64 -41.65333006637712
65 67.48085128382672
66 8.599964597425336
67 -59.521501134046595
68 61.67248839139236
69 -52.61480195693865
70 23.631515790284777
71 -31.800879963701895
72 4.573120396422415
73 -18.517935269514556
74 -2.8901634274182837
75 -11.868906330109942
76 14.72393193604141
77 -10.22716241236594
78 29.39646820272992
79 -57.95955675062471
80 55.26860028357988
81 -47.1559284532995
82 55.44504951354954
83 -13.66012450956802
84 -4.629509763669156
85 -23.468495032548688
86 -13.747165038562208
87 -0.205233797246434
88 -56.53096762058571
89 19.23027062851481
90 -45.02790360575063
91 -1.1083216649909915
92 6.472178150553621
93 40.07389406168079
94 -80.16261688959838
95 77.53617415001747
96 -45.07478595573756
97 8.86328532702353
98 25.743316389355616
99 24.33527600220209
100 36.551437499976544
101 1.1636051471388444
102 29.349939583181246
103 -26.436474935603467
104 24.496731425674685
105 -5.971809628719088
106 -4.976771922524926
107 -1.0062771173014076
108 26.555721728912772
109 -15.116190984165538
110 13.537019300894114
111 -40.69838925070593
112 13.232758360864933
113 -38.44621698421917
114 -28.027813229699984
115 -10.333960370653665
116 -41.23402229790645
117 9.641373457321388
118 -77.40702624942887
119 68.61412375474907
120 -106.85867359590452
121 66.13535601627868
122 -63.45556424526955
123 38.060757139745434
124 -8.523881180854156
125 7.002057691813067
126 0.6538360121581878
127 0.0
