0 0.0
1 -4.1711716803208265
2 10.63636045872279
3 -12.736797975411273
4 0.7270170233258415
5 -15.730243357328781
6 -26.461877642084094
7 -38.4409464852534
8 -36.45200804939807
9 -27.438060192790537
10 -84.46966253759172
11 -1.3904731376748218
12 -2.565940414134259
13 -59.391054777928645
14 -19.312160901316595
15 -39.29289146963539
16 -41.431930561203586
17 11.208384183801767
18 -39.49582906498002
19 14.058847236856517
20 -51.78130094254364
21 26.756040172917626
22 -48.91402484167903
23 16.78681411748406
24 -28.24784735634697
25 -23.39483895718106
26 65.03982562854996
27 -31.27921439209523
28 72.81836139749916
29 -24.34965748261665
30 42.06073351884797
31 -23.211193508320065
32 -20.51709149213918
33 21.57565679151136
34 -54.21690466407956
35 -7.547812353831111
36 -15.436070028455017
37 -24.847949010304877
38 -40.346211158422655
39 42.418077736147026
40 -52.68833461327358
41 13.701186115022617
42 5.238644789808643
43 -38.57078427090945
44 50.312420614871414
45 -24.101124444687553
46 28.53736325186191
47 -1.9997352475839942
48 12.39063253808953
49 22.04923011853146
50 -15.669629007060667
51 38.41086199445018
52 4.1631350447797315
53 14.581256175146004
54 -45.55351310556157
55 0.9812175127215225
56 -17.556063203775285
57 -7.973093889482284
58 -39.3967424381832
59 0.2742619937814253
60 -4.053877950139941
61 -40.11267912258185
62 9.182791450802858
63 -36.65640896040189
64 -0.7706332377532147
65 -51.742183445693605
66 40.70048072866561
67 -38.983724874077204
68 10.867256329723928
69 -13.64290435953991
70 5.430528630467061
71 26.372924146741088
72 44.42287206532216
73 1.266368992681381
74 17.191192416402693
75 40.284851988193516
76 -39.34451042470163
77 37.326516147071025
78 17.971441586548757
79 -12.21204563939783
80 75.01349107745249
81 -17.323671758969358
82 42.620565865854125
83 21.212199025743157
84 -23.657938221363597
85 68.42154021390843
86 -29.031980901270316
87 7.4414149794574085
88 -28.35169350728094
89 31.786887382500968
90 -49.933667675934274
91 15.84152631603098
92 -45.28903981957511
93 -25.62885152235376
94 -11.09702844701927
95 -9.075074462996975
96 -20.62198326277427
97 21.21507369877052
98 -14.611471294820735
99 -3.292056286865393
100 27.239932820102812
101 -36.612975759567874
102 13.553422097699087
103 -33.8585297619548
104 16.857922782819394
105 -27.388411569208632
106 18.759100114478603
107 -39.424878081812906
108 46.89267878707535
109 -32.93582856586113
110 1.0784732792761842
111 -6.692576369061029
112 -20.485897935369668
113 11.219863689165772
114 -13.277797206082134
115 10.77615245341413
116 -8.66133221109227
117 32.62871616916702
118 -37.07677643745865
119 80.83248852841628
120 -21.450853964962477
121 71.28475255481474
122 3.4739525421095347
123 33.97388827219998
124 2.3944455508281965
125 13.748451996922691
126 0.6643735262815911
127 0.0
