0 0.0
1 -4.484012484931726
2 15.845604805735565
3 -25.67601495207708
4 24.59283846007141
5 -33.966303031230076
6 4.2039565514394726
7 -28.84909195903388
8 -27.96314134344454
9 26.624046362224128
10 -75.83859817883527
11 -12.97167885940562
12 -60.79412106192119
13 2.723497569767822
14 -45.56430593307374
15 -31.468716174476608
16 1.009932944961833
17 -35.700384100855594
18 7.079031051431628
19 27.12652662251531
20 -4.944533124703878
21 25.69409338084238
22 -30.38663304315074
23 5.403503660174347
24 -23.959283646725694
25 -49.495465647300236
26 5.713929291810274
27 -30.542402308920547
28 -37.836529575933284
29 8.462022157230619
30 -72.66165879441937
31 -10.138417368725069
32 -44.92614868666977
33 -39.84283182611366
34 0.07342802127193945
35 -57.70606940469882
36 27.518039531001833
37 6.510899580069735
38 10.264228246996284
39 62.220098141538216
40 1.3418702051845863
41 49.67981803264215
42 -14.292817852199658
43 25.77117037925154
44 24.42077815007714
45 -24.334610328433705
46 36.2922709720886
47 -47.55306864201903
48 25.639747412596606
49 4.659820043069278
50 9.661539582612509
51 22.381536376747725
52 28.778598369691526
53 6.215072004176093
54 28.564957107544924
55 -22.18208088486639
56 39.53198725667964
57 3.8788521855245963
58 -4.279043251174719
59 29.249923050378065
60 -12.563418899106415
61 -9.814249994475567
62 -7.131512686406211
63 -36.025461122709984
64 14.90641729612342
65 -25.8770357116552
66 -41.09044601484301
67 25.556621547140928
68 -42.75208355628168
69 5.763181004779958
70 -7.753444521719226
71 -7.406808410868269
72 -10.78771215632111
73 -0.31726131841657956
74 20.233292621857082
75 24.125187275607523
76 -1.5299331338317712
77 6.928105550323139
78 -3.4562121992481294
79 1.185692386244328
80 -4.811474425778068
81 -26.639675890933894
82 -10.967605432622896
83 -7.325924166996062
84 -18.4543988516569
85 60.623314171097455
86 -26.426758101477944
87 -30.737198837069922
88 35.800462392332676
89 -54.684938904368366
90 13.410767748976149
91 -46.6476465531574
92 36.04590384724812
93 -22.04911810017282
94 11.687775728233476
95 8.88703086526791
96 18.960086877190005
97 34.836756316911945
98 -13.912305878913958
99 30.289653611148662
100 -24.025120951359483
101 48.257811870797525
102 49.44494933854444
103 -56.95298834331837
104 39.54650088070976
105 -8.703946632733274
106 -2.402948491876472
107 15.620767394651558
108 24.53298040600727
109 4.484720913235826
110 16.919112628235506
111 20.870978218684144
112 -34.77828176302934
113 23.43346171763235
114 -48.8334790096403
115 44.85103738759971
116 -78.41903313541583
117 50.23214432829765
118 -88.37068586284047
119 56.111837404251524
120 -61.807627568818326
121 37.028454625695666
122 -17.944126911702035
123 26.705684288707236
124 -3.065425525666376
125 13.308636747034445
126 0.3681475654171095
127 0.0
