0 0.0
1 -5.0688195219143335
2 14.665966565131452
3 -32.647816041888035
4 22.40606694294556
5 -57.052065447881695
6 -15.412218197240946
7 -17.73711257844063
8 -20.83845931264064
9 -36.31649958662845
10 10.345885743202892
11 36.84049067510887
12 -58.84471398964403
13 63.57507184388568
14 -96.62467317518794
15 58.26538123779249
16 -57.08392315780243
17 9.926520590199639
18 15.273280155814291
19 4.506066183801063
20 17.084417280662066
21 -10.985497951852789
22 41.91980497166157
23 1.1723275098223624
24 55.83883970513612
25 -49.743242284719635
26 -2.1386713772706236
27 11.606286276901285
28 -47.081477222807
29 10.57858553686001
30 -36.652836373088135
31 14.74669359859152
32 -54.66506398681683
33 13.419980706221107
34 -12.63518684257352
35 -20.68606033671307
36 22.47576973646295
37 -41.70062971281917
38 30.053671992357348
39 -62.25391228707471
40 45.692931794049876
41 -29.472610768084504
42 -46.364631623625385
43 24.981842485336795
44 -22.909426408956275
45 -11.163992355861634
46 26.111056000084588
47 -30.787480043639217
48 22.3507921521179
49 -12.541519859711876
50 -22.374908029819654
51 29.693867817814905
52 -19.940582296793192
53 49.92372974212556
54 -34.72325838053491
55 29.89910349402361
56 6.560340222048729
57 -26.984281930816742
58 -0.6747656162241885
59 -3.4058098159800774
60 -16.972943639090634
61 -26.63700406223476
62 23.01649103912139
63 -11.8192186124711
64 21.108305918555622
65 40.13770324272957
66 -25.32422172127532
67 62.34470345636055
68 25.275819432032
69 18.91032494760836
70 14.077659244665027
71 -35.362280340595596
72 43.220203113920476
73 -50.057438067654914
74 16.530420627232782
75 -71.67748043262978
76 1.5025806964928339
77 -23.162182048607416
78 1.8215597907677055
79 26.016052580092985
80 -72.7523991202787
81 -20.174075507675873
82 -52.02616997205051
83 9.13051275296715
84 -24.27922235477152
85 12.152979982409905
86 26.676862736228294
87 -1.742650172062169
88 23.323535793363277
89 5.419803987441953
90 23.582095506822395
91 32.819047059665365
92 -32.36500375805269
93 87.13278323899218
94 -28.042633518395526
95 41.18123492574841
96 19.713986024993414
97 3.861110267607226
98 -11.51398628466232
99 -19.852811121468417
100 11.33045970499858
101 -17.725468626750896
102 34.63421692410051
103 -64.2336144054918
104 78.98272155192545
105 -64.48362454987306
106 28.99103619702882
107 -38.6785803306092
108 -13.36924358778811
109 22.137944285210658
110 -57.682096199957485
111 37.8165996163047
112 -36.06273953831948
113 -1.0194177252464975
114 -40.28850454772965
115 23.601014316120672
116 -35.811492980782305
117 51.11792452081608
118 -27.011273273810822
119 27.293415596265223
120 -4.381329890249526
121 42.03469216381917
122 -19.741327696412853
123 40.26144438824565
124 -10.744986203221984
125 15.09908635068051
126 -0.10999709608207119
127 0.0
