0 0.0
1 -4.430622815207819
2 15.525070688419046
3 -23.7450894450466
4 8.032977052558145
5 10.269748205763028
6 -27.600307876575116
7 -6.56895004517272
8 -15.430861912018594
9 -44.83182683819804
10 -4.94609247018952
11 -57.41946928535159
12 -66.2899511521463
13 19.206954178310337
14 -82.27067908477123
15 -6.935515425258426
16 -73.64212629623587
17 -11.221394174380498
18 -64.73130837910949
19 23.293059188485994
20 -75.61666806864261
21 20.0366619019015
22 -11.530308817529095
23 -12.499838464916547
24 6.788547423773068
25 -39.072574039883065
26 52.03893708708442
27 2.8857250419002844
28 25.856129569016282
29 53.997216166557195
30 29.63596225543704
31 24.579269542395682
32 29.627211711771896
33 0.556615025925558
34 -20.875750268478026
35 31.05458604185236
36 -54.18535450826728
37 63.10529440757049
38 -74.61034803433785
39 88.69827636170474
40 -24.14754966224013
41 -11.780493838017955
42 40.43740223447451
43 -54.51585466708565
44 22.657692173099345
45 -36.22289045552962
46 -11.379917864841179
47 36.66249064184333
48 -20.192111320287147
49 22.05791765129066
50 41.08637450988487
51 -55.692339520845415
52 72.73279405323558
53 -65.12477234325753
54 65.33890547458662
55 -37.90587244357521
56 30.692074649574458
57 -4.103951097326731
58 6.739130537857888
59 -2.206015848033425
60 15.102149930315122
61 -29.81569709117499
62 29.14212051177244
63 -4.924310548366501
64 -2.3998945263640876
65 -23.37605172674505
66 -6.419184139388368
67 -26.161014881595396
68 -7.757227004911291
69 -3.119198538046784
70 -41.80287446265553
71 41.43408947169975
72 -43.90225325207162
73 43.8390336598386
74 -44.37578986603113
75 69.21539869388786
76 -60.23266739645248
77 31.18168703528368
78 -1.8837545905002713
79 -12.023440531654625
80 3.5807969914076265
81 -24.8992179431062
82 11.952243953720345
83 -8.3478397814547
84 -21.873222112968648
85 0.7020841742432337
86 9.743959276701379
87 -49.54967502382627
88 26.686606354047125
89 -65.34127255918378
90 50.42028712343284
91 -46.17831692480623
92 16.673841349291475
93 -11.088063828003499
94 -21.041810983924847
95 -4.204270632575073
96 -36.70731941595306
97 -6.076623277958679
98 -48.08963098753708
99 -7.4241386267467515
100 -30.80818992271283
101 19.41099720968398
102 15.66336063185403
103 -40.66121062618478
104 30.806473918663652
105 -9.556575213404091
106 -2.5225802922669054
107 13.276742330197177
108 -48.52815772452425
109 24.55214422436519
110 -38.15611790723361
111 14.23034564877887
112 -42.00352269028261
113 17.363901536372484
114 2.188163864968218
115 43.57283603300582
116 -43.21927104119084
117 33.76673424342402
118 15.779574337994323
119 31.559020698226536
120 24.017354001841202
121 41.83429629008592
122 4.747952768655636
123 31.88144801982902
124 -3.799885028633942
125 11.528331141470115
126 0.80136676487312
127 0.0
