0 0.0
1 -5.995753569040502
2 12.548059164500684
3 -40.84922435376507
4 16.698132093289242
5 -52.49318031999999
6 -37.887102423228654
7 2.9630198093514304
8 -106.1619066450139
9 -20.13557581607818
10 -66.70407401717267
11 -24.56769951895039
12 -59.038858840431615
13 0.9128599362941006
14 -45.62489430220671
15 28.958461869699704
16 11.414066091271609
17 1.0491706290823144
18 -7.140941281148805
19 24.51667303352554
20 53.56171293571976
21 -33.686079801559266
22 72.49231004826072
23 -4.29529248033862
24 53.728217691690396
25 9.45652716184463
26 41.427604726723665
27 53.62696861728089
28 7.16283856152828
29 55.66868334132293
30 -35.83949317812329
31 9.919198018893912
32 -50.13052664272851
33 -41.93985671785842
34 -30.84985516020436
35 -0.4088217592258888
36 -36.46383207643037
37 9.136879554176518
38 -55.38728262449374
39 -7.942076737593761
40 -33.67354509781842
41 1.9896170008625462
42 -38.464976461392595
43 2.8835456509114894
44 -21.197688914854954
45 17.076404905814417
46 33.74302563349186
47 0.5254253007189095
48 82.14308070177458
49 -27.479297682400198
50 96.85661442258538
51 -35.46215044117087
52 20.632280628147935
53 0.818356416222372
54 -8.172714740066565
55 40.49612782827176
56 -48.16519505617867
57 56.550838787841485
58 -106.79957270388117
59 25.5690016215514
60 -32.626720197824746
61 -45.335859416991724
62 8.948935624490002
63 -89.91637622004421
64 63.805968824869936
65 -20.15263130630818
66 9.547746374671537
67 48.120480020543106
68 23.418544334413962
69 13.843697737038468
70 -4.724554180410649
71 14.535407542868333
72 23.019156995496793
73 -53.90670109967819
74 63.67210703574326
75 -37.70601223872683
76 2.1425868558259014
77 -16.52025230599488
78 -25.448737217871376
79 -32.36823271151885
80 7.505472227016142
81 -49.1518228889624
82 21.79652466376801
83 -14.648979485677296
84 -31.604621702314894
85 46.082970220468695
86 -8.396690668392793
87 26.048770323061703
88 11.887692066981865
89 18.924979311767018
90 17.312020868309506
91 27.238765144122652
92 -48.266336299410014
93 80.43394371946901
94 -112.19145616417445
95 44.177433702456284
96 -51.22970695700619
97 2.9813701042064404
98 -66.52388120926933
99 20.382924638232243
100 -55.3425584407588
101 -79.84132800035678
102 -1.7123938819289575
103 -95.24218744764619
104 61.22256230690328
105 -95.86964404711148
106 87.5811660753113
107 -63.56166694647787
108 65.34806669588637
109 -33.206695326798425
110 13.954591880119654
111 5.247595279968029
112 -5.195321056257759
113 76.62795053418368
114 -38.62165955914478
115 97.92020595522257
116 -44.63379734977888
117 135.4675058383338
118 -43.742590707858405
119 91.09212150086805
120 -2.6077998899062487
121 63.66067259836406
122 -17.426534483405256
123 40.98103207802791
124 1.799059665242774
125 10.762624330299618
126 0.7605154966385992
127 0.0
