0 0.0
1 -4.294261309089991
2 9.192283914856318
3 -8.039123748735115
4 -19.918438128705986
5 6.3939855227777205
6 -38.02192927826003
7 -5.2836254246963925
8 -45.707514613800214
9 -43.425017133472146
10 -12.210688516110856
11 -36.335555994821505
12 -51.892658477829436
13 39.06463191907444
14 -59.154590473215656
15 -2.689694829775519
16 24.348348264763555
17 -27.55286259431877
18 8.664407114890759
19 -59.61679268680504
20 8.632771067696277
21 -106.96389089528896
22 29.61018720190331
23 -49.39759780789379
24 6.260447011600203
25 -14.719324091792855
26 7.850629094811818
27 9.399872828840332
28 -16.328280865172953
29 20.443706761294465
30 6.283393916838853
31 3.346628072552689
32 25.40323112479832
33 45.43518086873532
34 -5.860601784106675
35 51.494483251537766
36 -0.9852488509721431
37 -4.428846105776904
38 -3.6782775092447384
39 27.555185549182994
40 -83.3419373214996
41 36.71789027280747
42 -21.296855117559005
43 -51.61882578808566
44 7.484695158095752
45 17.37425530504289
46 -40.02918360160953
47 38.16834655053976
48 32.062276415463046
49 -21.743306550001556
50 32.574622087295495
51 5.39148069368287
52 13.398826859837193
53 -26.626325682196406
54 73.07315356216814
55 -51.4116629850412
56 38.92757293253703
57 -9.623586891371021
58 -29.740487138158084
59 40.87699652737818
60 -48.62549287185338
61 -13.87970212903635
62 -7.282079212324486
63 -19.8341487362386
64 -22.554486562685163
65 -42.483876738604025
66 15.450865442229786
67 2.332929184624968
68 -34.006734098121704
69 31.120604907934737
70 -15.707268794469313
71 20.326051232348966
72 7.972041401593902
73 31.336911500315868
74 -7.395794815282192
75 44.04804925490397
76 -17.528103295223012
77 -1.230417954528664
78 31.28175862300554
79 -9.917338774249904
80 11.102684268936029
81 -14.994997673042471
82 17.135160353198614
83 -68.63834362057311
84 5.727594655050024
85 -38.15595462602374
86 -0.43444842092789016
87 11.995599127371324
88 -41.8723183485074
89 26.21306736072342
90 0.04158831424197401
91 7.7509496742306085
92 43.07187649794101
93 -2.1214735284003483
94 34.711472554824226
95 -6.772985095600419
96 42.64864838688031
97 46.65875986249919
98 -14.979213916216452
99 61.457865268680024
100 -19.874054364266286
101 43.86577574840168
102 -33.98978523730602
103 8.480137436356953
104 -2.0475047919196
105 -17.28086897511372
106 5.653838345391312
107 -18.303551907559793
108 0.8008833031618207
109 -60.02126672881635
110 23.479988845637635
111 -36.80801620279359
112 -16.131799185094636
113 16.65621611015025
114 -75.2888270718059
115 27.110894809067172
116 -46.59979615881893
117 -15.559124042904115
118 8.910975221023456
119 -0.42902958166684413
120 10.389164872340581
121 9.656909607690944
122 -7.957918779582225
123 44.8660951129915
124 -10.012858006208704
125 13.466110954963725
126 0.5245585456954681
127 0.0
