0 0.0
1 -4.125398317677278
2 14.235374055482538
3 -23.37721154682056
4 20.027533106290427
5 -41.93699940341011
6 6.142966905062659
7 -38.48189492027906
8 -61.42704524360175
9 26.12308201447281
10 -63.959115710131584
11 -15.159677029841164
12 1.3889438409440442
13 -29.516985387264633
14 4.490379643927021
15 -84.95101179107452
16 37.44403533298358
17 -73.22797679732433
18 -14.491151271104965
19 -31.173434630593423
20 -26.379473755774615
21 27.044948005777883
22 -41.22100435471265
23 -31.411878823389994
24 -14.846842774186875
25 -29.407282225842845
26 -4.7128223001909975
27 -22.476856307343887
28 -24.602189919568552
29 12.790846857930362
30 -63.268111603693825
31 22.37070657434579
32 1.4553044620171227
33 12.343383205943335
34 -6.316368653085209
35 41.932078858955926
36 11.161273934681464
37 68.84934377080707
38 28.55605192978558
39 46.57817217531616
40 10.180377189500488
41 18.37434463912804
42 48.34882581453729
43 -9.899709185853267
44 -17.643624815330636
45 27.55551919106901
46 -23.02140139164712
47 -25.1429666194463
48 5.8939847551142375
49 1.408738852007464
50 -14.827776642627915
51 32.02853650760568
52 -27.901381176939637
53 25.838920008857734
54 -21.79781087501162
55 15.915758826997937
56 16.940480863554104
57 -11.922691502746524
58 46.07991348103675
59 -19.55892988703547
60 22.29612895947346
61 -21.753098146230574
62 -19.540767225893823
63 16.204619331569106
64 -9.300846714378045
65 -2.412345645992136
66 9.963082023846177
67 14.466176477135356
68 -21.795343788940393
69 30.335750733380856
70 -6.952577536200324
71 -3.760767939506679
72 23.172982682646367
73 -32.47691712676634
74 -5.35008078407034
75 -32.1758377865307
76 -0.14703508128153886
77 -21.855253932928086
78 21.56808575601843
79 -63.06135567098801
80 -5.124413801948795
81 -13.714742353535767
82 -40.74663718259141
83 35.0636668664765
84 -37.344686313938226
85 14.145399366635285
86 -15.585014139000272
87 9.072385951315031
88 -31.600728594672997
89 18.566246252256857
90 2.312278798410304
91 -21.756384041520153
92 27.18085986752733
93 -2.903067339613502
94 0.2517456741453686
95 -7.653172472309206
96 1.4719454556615108
97 -4.4549287505619635
98 30.345577443481467
99 -33.83677004126515
100 16.55395144245451
101 -17.671318104500756
102 -23.675180643488368
103 -7.056252526902037
104 -34.01892182765519
105 5.0716745559674585
106 -29.148410194096513
107 13.349261991006776
108 31.650022092684274
109 -5.496398570323851
110 68.48418980439068
111 -21.22381575243778
112 41.02364911574214
113 -5.904686696728037
114 27.68028691350697
115 36.97578967636163
116 -65.61880986565532
117 69.3598266610823
118 -45.573571895537306
119 48.79078978498691
120 -63.829059476221104
121 59.84520097408492
122 -10.085240773709513
123 26.161160852321654
124 -12.2439206154308
125 17.22688488062873
126 -0.5757153113408643
127 0.0
