0 0.0
1 -4.054162399103515
2 11.566377111815804
3 -28.04175075445446
4 22.162298725434376
5 -35.91151341622312
6 8.772257361914676
7 4.359968639965294
8 -21.404714740700676
9 29.893628368535484
10 -19.70575914454637
11 25.142798797144824
12 -11.807336220843085
13 -9.695830233005811
14 -7.6991395686026
15 12.299702163755631
16 -65.81422920516994
17 27.727841317034542
18 -52.78971725847454
19 -3.565722425889477
20 -69.43234658664221
21 -11.393705580423338
22 -67.17223514269551
23 -1.3440110948440882
24 -34.12317385631278
25 -28.425569885757092
26 -24.392136489359793
27 -5.812156722382339
28 -0.8704740976603652
29 -13.091435955444853
30 71.66341722388283
31 -53.71289927839582
32 107.01106989819878
33 -47.218426147184225
34 89.81839911606133
35 -14.66817562499354
36 -20.49074629568139
37 31.052973821564496
38 -79.67760606879438
39 60.524052863349304
40 -57.33031506357643
41 64.77457699823708
42 -28.65622352804943
43 6.859179028092099
44 28.186020880658077
45 -12.404640106552597
46 1.476618140266949
47 23.700704639489288
48 26.502220354802386
49 50.871955692889124
50 -4.351813902399654
51 85.35311094217283
52 3.323915030813965
53 22.027625792045242
54 17.024105813909337
55 26.260924429652164
56 8.498745623949826
57 -45.29168172571483
58 51.43648307799895
59 0.6881288198013075
60 -15.522780676163705
61 3.710432315937311
62 25.873588337446442
63 -43.659693975872
64 60.36373367117046
65 -48.08573549743727
66 27.2561248331449
67 -47.2351177029396
68 3.0584375563987085
69 -22.186649194332777
70 -32.21983023586806
71 -35.145484007029985
72 -35.38334169933216
73 -17.44255878585276
74 -53.34363611210783
75 13.869919276868291
76 -27.303403288029717
77 18.59001207206909
78 -24.37998883316178
79 28.35266924632279
80 33.74102250034512
81 -52.937840196845166
82 5.554513954740096
83 -8.078715734655022
84 -29.463359307790924
85 23.014196945388605
86 -47.30751498146251
87 34.45358582723337
88 -17.612261725840543
89 -0.47906034446965545
90 34.29481530281482
91 -35.19789975294366
92 49.42376836856726
93 -18.167295721218913
94 14.159139949122757
95 12.864218389239893
96 33.03625005744522
97 28.136186655687514
98 1.0827696524364108
99 38.71813570945836
100 9.04760277268967
101 34.37510231713701
102 -17.976609218368168
103 -1.9472596000773221
104 -4.693883108509629
105 14.56530739986883
106 -45.5867811151189
107 26.14521724766055
108 -46.020162548414596
109 -8.125716601352698
110 8.355892070664991
111 -30.23485251432454
112 13.110183844832793
113 -71.41034555776992
114 -13.60306864167369
115 -41.099241182837716
116 -7.264799138061673
117 -18.107344537712624
118 -34.212795423614295
119 50.83512203651334
120 -43.51221100748955
121 38.28805133543902
122 -22.64328158515097
123 31.075196152089205
124 -15.349933465697335
125 10.280477959472654
126 0.13958164058700945
127 0.0
