0 0.0
1 -5.632082418133175
2 20.92067518906099
3 -25.936041418820867
4 31.117660417111264
5 -34.69121834416149
6 -11.951698002742267
7 -13.015828019122287
8 -54.89818721965332
9 -18.06552614021202
10 -95.20248630756002
11 7.4075058653384565
12 -48.41535044783374
13 -29.9783419459141
14 1.8403573087529816
15 12.989994806794806
16 -38.93179220408072
17 19.905754047214412
18 -21.95998836873742
19 13.667737579668584
20 -27.141998457750212
21 27.5164230137919
22 -60.967227792436994
23 25.90095102601963
24 -15.331698359304527
25 -35.080056075990555
26 29.222274182066407
27 -56.90854183550521
28 4.019411728030491
29 -70.68691957889466
30 -2.584036429684848
31 -25.79304805327982
32 -27.573493522088718
33 28.345262379657548
34 -43.31806792594537
35 56.31768055246132
36 -27.827964294084357
37 72.392942248483
38 5.255576864039175
39 1.9582448465697684
40 57.33615827215983
41 -22.423349350817606
42 59.8127719756426
43 -54.87268384253327
44 35.2340318788854
45 -42.07482557129973
46 15.95682395401286
47 -57.41006144323331
48 7.6289789319696295
49 -25.036276256436466
50 -13.994409037911952
51 2.9892393970723097
52 -39.98360890741467
53 37.89732860310661
54 -22.40110972680897
55 12.201765366881757
56 3.5549124760760464
57 28.72218872583144
58 -8.838320153358463
59 24.29847129853239
60 -44.0795251248361
61 5.95084910797212
62 12.704603512221823
63 -13.54163448342175
64 23.45538552521332
65 19.15986340279339
66 -5.3679049473146625
67 42.3406763071091
68 -28.982871017635233
69 60.482024309869054
70 -22.645560852078468
71 37.36332524858005
72 74.91817854517328
73 -6.595235296240653
74 85.2788405011205
75 -7.262101556149016
76 66.95346090426517
77 -17.268125817532468
78 47.70908985404287
79 -35.98895371925332
80 2.1915074081279893
81 22.76743792122022
82 -46.139910538264786
83 -6.8611756192317985
84 -30.793075480332973
85 -4.3445828976185386
86 -34.208197484574484
87 -45.607945275214306
88 56.63449342300171
89 -57.46464138586982
90 -19.014724213337065
91 31.788497873195297
92 -48.38446563046552
93 43.915842376694044
94 -61.374466994659635
95 39.905095030780565
96 -33.35480572416592
97 6.662019566843984
98 -23.99669418189866
99 22.431749562431417
100 -53.03491650405151
101 12.079536430265556
102 -1.1972941751529025
103 -63.26375241411885
104 30.344630477808632
105 -93.1281713574338
106 59.27626506960257
107 -113.53995449217334
108 36.148500756492815
109 -37.249450909219746
110 0.7628960382804572
111 29.546117509135907
112 -73.72588271521963
113 23.03466296349814
114 -73.93083282145739
115 34.90660352625426
116 -58.025761600987956
117 58.34778847700965
118 -18.283244874562655
119 74.65016770959525
120 -27.84969842401738
121 59.044436292450385
122 -10.292482291626342
123 40.134716732449625
124 -6.997991318860727
125 15.173230217875952
126 0.27138897753314883
127 0.0
