0 0.0
1 -3.1077648304373025
2 4.67710681627702
3 -0.5617507721611036
4 -23.358514424883506
5 22.000761215406865
6 -39.12399966619955
7 4.217423513301734
8 -25.127917504326394
9 -70.34025883591667
10 40.21321905113026
11 -90.22031717012341
12 47.238215803107224
13 -54.77684012293538
14 8.765548182435479
15 -38.860800088260866
16 -10.078456020699186
17 -28.056368712977626
18 11.100203996415523
19 -76.39126761983346
20 50.8063649239482
21 -38.85154555326458
22 20.015926910133036
23 26.296885786520814
24 -17.814026941587702
25 62.04883123004519
26 -71.28842424234283
27 122.25875838429434
28 -63.7969748519784
29 91.78086052231765
30 -20.673909330997827
31 41.6713358663457
32 -2.5024259115065273
33 8.978457526072654
34 3.1928288999729855
35 -0.7296234270274025
36 20.95890676264333
37 -27.736495872576395
38 13.049710362613494
39 -29.3976888481958
40 59.90900352993955
41 -47.512052822908935
42 29.222645927213517
43 -15.792286090327838
44 -9.595757198826819
45 -14.91053508618059
46 -59.38484383457779
47 -25.460898977852445
48 0.9340296139339195
49 -65.42011389738563
50 41.80870670827293
51 -81.25322407767297
52 37.76787846146211
53 -50.4894199362811
54 16.141982992754897
55 -6.102141018836591
56 -15.49637300989423
57 73.22248204719065
58 -24.196745706285437
59 58.19694149214326
60 -2.629677441641413
61 32.88429942998596
62 -36.986478984846
63 24.314258350302968
64 -51.71813754755941
65 0.9466076586748965
66 -26.07505535696077
67 10.968144652158538
68 -58.84577905688664
69 91.91621173270609
70 -28.324376893898087
71 43.30986363800338
72 60.28034854686668
73 -8.389757752979888
74 38.62696909719774
75 3.3739714236776632
76 -2.4094891918021197
77 -17.916084142873878
78 -3.715848306367527
79 2.102632670496064
80 -22.0047526664823
81 -50.075583656866165
82 7.938647732814704
83 -86.2826886917205
84 55.22999546540722
85 -82.33452116281435
86 0.6431188978824239
87 -24.715095548206875
88 -37.92138384904127
89 30.559529610783514
90 -45.04356099523287
91 24.256662130939596
92 -21.275704743535194
93 -31.075275943502266
94 28.565993756432928
95 -49.67498691548171
96 71.564372723581
97 -65.89289266931415
98 72.39255927916231
99 -18.13052445795483
100 -3.7496618045481434
101 48.07186849053267
102 -26.85322374607122
103 81.97521616935002
104 -63.367265016219676
105 62.15380857922356
106 -49.075065074235525
107 10.71547917976624
108 -4.805225821736091
109 -13.709733600147503
110 5.524890610310093
111 10.608103243439018
112 14.175862411147733
113 -10.393814987625783
114 -12.092403686077448
115 -6.851561441061366
116 -2.3370381819590826
117 -14.458022996951076
118 26.745045564767477
119 -1.0387115134955054
120 14.278136327640686
121 42.21051115008174
122 -17.690072938864848
123 34.762774450462175
124 -11.961918046147566
125 11.966560481580249
126 -0.6053744893836095
127 0.0
