0 0.0
1 -5.267627040545795
2 16.556639481733107
3 -28.090130012370622
4 17.791638230981672
5 -13.384635783322073
6 -1.421946835206228
7 -13.026059747380085
8 -31.421022352152345
9 51.95545306260615
10 -94.54528343799528
11 81.44925446101819
12 -81.06652742430514
13 34.03014254657417
14 -64.64448688371746
15 -10.78077929889087
16 -27.255078423687632
17 -20.131918852188587
18 -14.339432468557238
19 -49.270814237930814
20 39.993969356646836
21 -37.07169389081701
22 -12.508598176858506
23 16.777931308252516
24 -49.30771886364764
25 36.03772286895067
26 -32.63749792953445
27 30.835717943402624
28 -54.88616101467752
29 -0.502843294994909
30 6.470167288568088
31 -47.98958317583623
32 -0.18236021597876964
33 -28.157002058380957
34 -3.375066085667539
35 -22.586037062432705
36 37.07852708905812
37 -43.00908741479429
38 66.47439561867228
39 13.51424870150128
40 -4.482600394031398
41 25.606559138076527
42 -25.173146746518086
43 -7.166054372073658
44 -40.357427435664896
45 -43.03554383683858
46 -9.34674852585661
47 -52.62313025518123
48 -3.8430312845400745
49 2.3346456125857227
50 -41.5644471338489
51 82.27538264854887
52 -13.283725277949506
53 27.383137008138284
54 14.699971351896986
55 2.8689077181846203
56 47.414763187528074
57 16.17583096260215
58 24.15158508871782
59 16.092298239801853
60 -7.013449243540374
61 4.917727799036886
62 41.41693773767888
63 -16.46679637900646
64 38.347883866369365
65 6.709731760375982
66 -29.22500016987351
67 32.10000194383791
68 -22.82615762455977
69 24.86629067695101
70 0.5434285339687224
71 3.0316518215795916
72 37.86371515030746
73 -57.39103404458028
74 26.781115183652144
75 -53.26769944888026
76 41.725754016371624
77 -39.104732875868045
78 8.477955802421317
79 -27.167453171122784
80 21.44758593242604
81 0.20574788638689495
82 -13.760877938471129
83 69.3277133385077
84 -61.41310573449902
85 37.99807269917947
86 -7.037671934085947
87 -47.86190503324531
88 50.21891956472725
89 -40.66623492380929
90 7.522536147733771
91 30.5340208701219
92 -15.949082779072349
93 44.409617344276015
94 -18.869232017762542
95 23.22635951703604
96 24.837706996194306
97 -8.21787173631662
98 7.159286772015178
99 -5.712688349113692
100 -30.078748278901887
101 16.325630143464164
102 -37.333499200488724
103 -0.027136981006852176
104 -0.5221846643186064
105 15.474458240849472
106 -59.08973362111455
107 28.91220514719858
108 -17.546285748378544
109 13.222940752956598
110 0.8177420632765808
111 -3.968586493026793
112 58.02275858219195
113 -18.847137088828724
114 41.4446530748654
115 20.629371342680294
116 -53.875009821814785
117 2.485223345660349
118 3.9333536535287266
119 -56.462025692674786
120 -13.832789417372021
121 3.3181912773267355
122 -13.359308154478866
123 25.862365256807646
124 -15.969831601846526
125 17.720038441580602
126 -0.9239269774006513
127 0.0
