0 0.0
1 -5.1092946529466365
2 18.372992189420792
3 -33.037263685523726
4 37.00925335549351
5 -43.40618581489205
6 -11.393574334050319
7 -34.06404569101923
8 -42.23874204080958
9 -33.21046818157356
10 -28.84254808384096
11 -12.781793975926655
12 -47.792190101577134
13 24.55350684533296
14 -56.62113066719128
15 4.247108278573106
16 -66.48627221056208
17 30.38412246057018
18 -114.40450770870572
19 14.85216520966877
20 -67.84619729916152
21 -9.33045802699445
22 4.329042043423002
23 -13.73101062086798
24 46.583965784639524
25 34.67643338345311
26 -44.90983739374751
27 44.689527973782376
28 -3.8366117927147023
29 -16.66523981043587
30 26.93188229588127
31 -20.77637495116158
32 32.059770390439326
33 1.7980100101786756
34 27.65080906958586
35 -16.26957302495115
36 30.703422372796652
37 0.08791592826791941
38 41.681829763821604
39 -1.6071059498541564
40 10.63786154527063
41 -14.79819902758336
42 -24.538473090327305
43 9.572223673018787
44 -34.99526327102404
45 11.7539912877806
46 10.718209829611537
47 2.5666658148837107
48 -10.635348997609617
49 -49.67604250690418
50 -9.540520672445037
51 -10.752745780090322
52 20.129029573128058
53 -34.391185564145346
54 -2.7990898598262364
55 18.711797565057907
56 -35.649476989615344
57 67.49339361052779
58 -59.7627009591206
59 52.25469318471264
60 15.721630989071132
61 -32.95070278203014
62 35.694151118490346
63 -43.91122433075627
64 28.889537429573018
65 -3.827980717283409
66 23.085301817772187
67 7.5150600567230015
68 10.253294807450427
69 -5.635513627375336
70 1.2696556935392465
71 32.4758486922684
72 -56.969520460462654
73 33.36880522260834
74 -23.060125929899467
75 -19.37995946102026
76 2.848539227409459
77 -50.80788036187165
78 55.36416538838983
79 -46.69457008417469
80 6.475250609937689
81 8.922282661452343
82 -52.09710817320231
83 59.85006621187191
84 -42.88298024623424
85 43.13073418487937
86 1.5030285107840846
87 -19.54963697840753
88 41.39764937967952
89 -4.464623241944574
90 22.084951770752326
91 -11.036393124176984
92 -15.75626860789176
93 10.56398568669663
94 -12.643134640989416
95 -2.495008158448993
96 6.554169439208415
97 34.132199442997276
98 -21.313043579439633
99 -10.009324638048575
100 -0.4468309224631149
101 -52.40787332544891
102 18.600935763312496
103 22.058039749142058
104 -53.319199526820675
105 -22.959769585880778
106 -15.05506382807691
107 -59.7031163804274
108 -0.07536514763749447
109 -21.917409810747387
110 -65.58643458786202
111 43.87665610295316
112 19.250999073053737
113 -89.45531177241033
114 91.12605096226834
115 -23.607470934364255
116 -23.322901702469498
117 88.68186175804502
118 -114.00560405982746
119 102.74358512275066
120 -28.146179862989726
121 39.666691748773395
122 -9.145060043202527
123 39.48691213416942
124 -4.634433438557163
125 15.084617053403637
126 0.7318712178899288
127 0.0
