0 0.0
1 -5.006387308082567
2 17.418269761607338
3 -30.18026760134477
4 34.165559598096266
5 -41.02575653880201
6 28.504138023740172
7 -47.46409300615349
8 25.70146067951674
9 -34.989004574952475
10 -25.402508465099167
11 -18.26140385410717
12 -51.233705574504754
13 -31.28035168228797
14 -44.078943649633054
15 11.197915221636107
16 -67.58190689939237
17 28.113192500037115
18 -118.10047548841283
19 56.88369065660682
20 -100.0441150352885
21 51.32677189001057
22 -99.28817586918137
23 77.17415172496547
24 -17.178138603570268
25 7.840247507858729
26 66.1071567373899
27 -24.383504669870252
28 38.698640980652634
29 -42.303455129223785
30 48.32550620871296
31 -77.2278840548006
32 5.623697055550829
33 -36.67677278258756
34 41.068266670583306
35 -8.883363343635832
36 58.72346331946252
37 17.898964437749658
38 -4.286983178140823
39 60.77663629147807
40 -17.56891934897139
41 -9.938843616690946
42 -12.313898827685511
43 -22.42521653951978
44 -4.785714303713634
45 -6.637264399335575
46 -34.13788728704888
47 20.800620493772552
48 9.431451868949994
49 0.7211642886176766
50 -11.684631826921132
51 53.018726525621915
52 -2.96950158648047
53 57.513880450517306
54 9.489748891855951
55 20.029182685368077
56 -11.786691626908786
57 30.250214396453078
58 -7.912126509487626
59 29.31083676892663
60 26.550260265842617
61 -29.002774757415395
62 55.089444106271316
63 -25.866153357311937
64 10.74591043199354
65 -25.47076345068903
66 29.220484804379623
67 -21.937271601012675
68 -3.48249654472711
69 -25.395277068549817
70 -28.586713971875295
71 -40.29045192536225
72 -34.85896921262279
73 -35.99103879759627
74 16.600330888484503
75 -48.44026446859155
76 -28.756717350378228
77 12.637224735804827
78 -27.07140173687441
79 -6.998905324391169
80 21.330804510244416
81 2.687205650871953
82 -29.965598228322126
83 36.6972708625709
84 -43.09412558951596
85 29.73422602613429
86 10.628526681361265
87 -21.838844492886498
88 28.342848805306794
89 -47.68815429363242
90 37.706981753506106
91 -48.398050614258096
92 -6.468670881520194
93 17.242958261124965
94 -57.318633255858714
95 45.15967092570762
96 -58.58510925962568
97 -22.800181580670372
98 16.426076515397302
99 -30.17761389672097
100 4.011603996432919
101 2.2367278072320347
102 18.85144118986591
103 38.87493834228212
104 -40.09781084608407
105 66.64905667488115
106 -25.948559826808495
107 23.050343698230705
108 21.77744678469096
109 -3.2790657638548617
110 18.84073192089061
111 -53.955657370162186
112 36.27007378626272
113 -33.15053149275587
114 10.758276763381087
115 -13.65681820030973
116 10.092214884811975
117 45.25543201712825
118 -38.21950966635001
119 75.7108812336535
120 -36.406000748685024
121 57.28621214977327
122 -9.791273853995307
123 28.67792081486653
124 -8.290260695052018
125 13.518595557081355
126 -1.3815456919474953
127 0.0
