0 0.0
1 -3.4094977627071197
2 10.72060559828527
3 -20.903583579903025
4 19.995865074867517
5 -28.851701049120795
6 -42.227884565173554
7 -6.141478464593359
8 -55.81225185884737
9 -10.234276275423392
10 -1.9797928804025973
11 -14.759720279758973
12 15.892254662440097
13 40.721213342901976
14 15.644598532363013
15 -29.664706350193367
16 6.131247665762566
17 10.586944841568327
18 -1.8980525468439513
19 17.06817978417063
20 -8.11052391134666
21 -15.366992746278356
22 -31.980447362337205
23 -31.157097851615113
24 9.938143541069474
25 8.057605456315788
26 -36.68147777842229
27 17.136787679840747
28 4.0869079709856715
29 -33.27118682086317
30 43.94359291095632
31 -6.468852135183404
32 -12.106972148680413
33 -16.230668970854627
34 34.21273726232503
35 -34.45345524733535
36 -16.499272358162504
37 2.5121019717983466
38 -75.84510923720717
39 49.221798493256095
40 -50.9705517612026
41 21.5286313181759
42 -6.752735519628608
43 9.78133416357425
44 17.72403130264111
45 -14.122441568377251
46 41.476842140152215
47 -14.934506546641735
48 60.23807269293353
49 -44.83592215515938
50 57.59950456462838
51 4.436633994220444
52 32.07109705250572
53 47.87717497762431
54 -26.24368032830398
55 40.507764229653006
56 -47.85276510539079
57 -19.511672492223344
58 -50.71736157877039
59 -34.08412586102951
60 -20.896393331367264
61 -33.2663762737561
62 -18.633295966564898
63 -35.64149649774706
64 25.32859530650067
65 -51.509609819256546
66 13.825591932006063
67 -3.44623867073936
68 -28.163044373355177
69 65.36766636122519
70 -21.47762804612126
71 23.51044390385865
72 12.11330952279383
73 -18.84735982767337
74 1.0176611788934629
75 -37.23976450965198
76 -13.325205770841874
77 -17.054892927473404
78 -15.643264716033912
79 37.11080658053784
80 -33.93207884965692
81 70.81123223097146
82 -10.594552431461619
83 -29.09227116326597
84 69.23346187067483
85 -77.00400010433542
86 38.074370770716044
87 5.517800240174352
88 -2.5724185359052196
89 48.07413550004411
90 -42.235926769810625
91 39.836186395681835
92 12.180491374539296
93 16.857546131755587
94 20.117926031240543
95 26.816366901608923
96 -11.95752865435657
97 -29.308207937580747
98 -12.328261354883832
99 -5.150266029035158
100 -10.612302409124123
101 -31.01949540615845
102 30.800944723896535
103 -14.544857028797368
104 42.353584290538606
105 -3.373122321294291
106 16.387457561313276
107 -11.825830850348504
108 35.72493369522222
109 -14.520126183723779
110 -5.703313005951756
111 17.83954573070823
112 -24.138968968570182
113 -25.753788331897105
114 -23.844785106611823
115 3.1926450790665606
116 -59.519870845992095
117 33.341234562965234
118 -80.47922632584594
119 47.81877569505017
120 -55.13418528051597
121 41.63623344519612
122 4.751515899102162
123 18.734807519354856
124 0.6995079745607022
125 11.336118455356981
126 -0.7365187163346565
127 0.0
