0 0.0
1 -5.630497108545014
2 16.842719250198808
3 -31.850937848714022
4 22.356214930147488
5 -42.20936400312571
6 13.889993528701346
7 -19.88351422134274
8 -51.817780520196145
9 28.812823801000345
10 -56.74682913192262
11 -10.141691032101809
12 -17.88541578966124
13 19.46259541005026
14 -41.09009263319836
15 27.611174210612237
16 -30.185945435659182
17 15.98422214779557
18 -27.26261526086609
19 19.0241456627979
20 -67.84008180478503
21 -18.669993902696586
22 -17.90040339818679
23 5.004243833643548
24 -34.78122290922139
25 -15.638164086586356
26 4.013575934382713
27 -7.861848931328702
28 -8.715331029551994
29 -25.718772587186468
30 -0.5588296911681583
31 -44.06825208741327
32 23.882743024914024
33 0.7402415642971095
34 -12.730059417983234
35 10.030860162849818
36 5.370412809668857
37 22.008156286008795
38 -20.59462940267792
39 61.95094843145371
40 -3.9139565114449564
41 39.63435781103094
42 60.25083395196599
43 2.2340643778281213
44 74.86997192911124
45 -49.33111589671312
46 51.738067356507486
47 -41.67878587632234
48 8.456850986490222
49 11.167418469497786
50 -28.798333673807644
51 2.9154239760814495
52 -20.028020077697526
53 10.12826279449597
54 -28.906329591505823
55 13.626883190040326
56 -28.116234853289935
57 5.612484420854378
58 5.165267811638771
59 -2.038225210309832
60 -5.798329975196531
61 -38.83912906426136
62 24.38517363333338
63 -14.770609526694509
64 -7.387365202606614
65 4.288537609435909
66 3.725951975083628
67 -1.6187357907191933
68 -20.677041325490382
69 19.464459773600954
70 -65.59703409088783
71 9.629510005148974
72 13.503143918905709
73 0.3662918587035319
74 -4.712652723514408
75 5.865470834600266
76 27.689163271005246
77 -29.712958515668806
78 -14.683805736543134
79 5.004938359334017
80 -17.186560869742237
81 -6.860023537514744
82 30.279067143217247
83 -21.42787741613445
84 0.957985871802832
85 -0.42839534842471555
86 4.828622951328179
87 2.0565002960301526
88 13.627002821098035
89 -13.106109166588158
90 -37.96541489580202
91 31.67628859815576
92 -51.73191158630853
93 -16.414164856744076
94 -8.111309880061963
95 -28.06833551006443
96 -10.7209188060085
97 -10.28417317201908
98 33.85071964897237
99 -36.73762117307762
100 11.55770009166328
101 1.4514508585101222
102 -50.31405761265998
103 -0.46511617495366403
104 -22.442071729072932
105 -5.382579705638176
106 14.954665704650933
107 -20.97304733211874
108 37.65238645761935
109 -8.603505108714081
110 33.26056992980224
111 5.504963765523114
112 -10.66223261921321
113 27.32011800776069
114 -25.874710408454522
115 57.92596279412548
116 -35.91092941929453
117 36.04217434947232
118 -44.8061900584248
119 53.41362281665262
120 -18.85347113882431
121 52.110823486500294
122 -6.495490829816257
123 33.290935565686794
124 -5.625032862336644
125 16.19174118999292
126 -0.4587581187871095
127 0.0
