0 0.0
1 -3.5814590245726854
2 6.3940591802070825
3 -17.411244742634874
4 14.733141178642875
5 -51.874710239895485
6 41.43351724675333
7 -43.876608701592545
8 22.69007148683707
9 6.49962109805777
10 -0.9251481892343512
11 22.875032856287337
12 -5.297296536206158
13 3.9851934014822223
14 -15.782151370495228
15 -22.080027404063717
16 5.007942729471625
17 -27.574741810259905
18 12.46130599803539
19 19.958484087892238
20 -50.20124074602316
21 99.82440057577467
22 -57.26753159937099
23 91.51309627025965
24 -17.02798480071917
25 -3.495159593024089
26 0.5810507010131782
27 -67.57938357482352
28 -5.56087501059448
29 -32.87903515848391
30 -64.38766508367046
31 -19.49076336779006
32 -53.719873114039004
33 -7.829297538203572
34 6.8302871220886425
35 -78.39551502638471
36 45.06299813710188
37 -43.25750744563538
38 -11.54508492008462
39 -3.616334154055159
40 -24.067597383683424
41 22.444261730555965
42 -7.934278196141475
43 -2.7290406022809397
44 6.818677956332314
45 -6.322000597718993
46 5.5883637865179345
47 44.689096366625535
48 14.378699355156987
49 18.913921486594795
50 42.9819049293234
51 -36.26748250151042
52 27.52684615384796
53 21.602842889914047
54 -62.375752325774904
55 58.77826222459264
56 -56.36524579315178
57 67.97030396837006
58 -13.859499604610226
59 -4.358850359171873
60 -14.769688923573431
61 43.06506189759793
62 4.8488503070401565
63 -10.794521872795023
64 10.389885869192032
65 -20.826263653878808
66 20.640853125877253
67 33.61177374960573
68 13.302107439693625
69 8.856923113330133
70 112.73136221463645
71 -71.92584690691963
72 59.74537595316586
73 -14.034877024988466
74 3.1235893555707728
75 24.946430865853152
76 2.4123038311599836
77 15.942789686680271
78 -22.79494974728654
79 -8.0055769404089
80 1.0182252888765724
81 -30.377266828551726
82 35.678748607919005
83 -31.491484821106365
84 5.622270434858863
85 -0.7372169170284287
86 -47.859396555447674
87 7.829895585547791
88 -60.910174915431945
89 -27.225940689491917
90 -14.68049159477174
91 -57.80305826535356
92 -37.825364920228694
93 -24.89775606012797
94 -23.38526299933732
95 20.750118809131553
96 -56.263027808385104
97 55.504917584726634
98 -15.252002036994071
99 8.9715054694578
100 25.491775933826013
101 -14.609516681387593
102 16.840499984788007
103 -47.25643695901947
104 42.29692843460133
105 -42.894364538588896
106 6.08190776502482
107 -5.63440764780647
108 36.762270646123845
109 -4.812325071948124
110 19.429597868340327
111 -4.519711656000567
112 -5.930243397989631
113 28.817746694432618
114 -93.32534003648044
115 35.76743541068762
116 -6.5019593691767135
117 12.89311667497812
118 -9.822707408619163
119 24.12167690746597
120 8.456692297975065
121 25.398654989589943
122 -14.230847491176844
123 35.39879957979553
124 -10.528780111176737
125 13.334079027281577
126 -0.9239022367338985
127 0.0
