0 0.0
1 -2.1779444775767853
2 6.682844935820971
3 -10.17342337218673
4 11.809676192025632
5 -14.400192605093444
6 17.2751290209649
7 -53.38889063081947
8 47.66462425145946
9 -75.4099482745761
10 15.2003219501204
11 -69.85759138773842
12 -4.8581855830726886
13 -28.24629205434137
14 -39.12604641996572
15 25.41970029958024
16 -94.66379267615689
17 75.74629769157262
18 -111.66687020801848
19 92.73766430580362
20 -76.97980965901945
21 31.466697417750527
22 1.3524770366665688
23 -0.8143945124202718
24 45.718040075422216
25 -6.313031427992424
26 59.71965681457684
27 -24.206221106293537
28 58.28995824231551
29 -27.353369456192606
30 8.500479374824994
31 5.061677706418827
32 -5.118912357053253
33 10.371182201101837
34 -25.89323395465787
35 -37.484762310898574
36 3.5153971168506386
37 -54.96221336928943
38 -9.139717945462445
39 5.780617019890493
40 -38.86620554377887
41 49.168360612700084
42 -79.70490058664012
43 2.312850528783523
44 -19.09495091619331
45 -69.40969396460733
46 -30.64609121157978
47 -50.26745250643167
48 -7.273715031899248
49 -45.95643920806449
50 -9.543943384773709
51 40.53928361572509
52 -75.59983805573165
53 72.2834659991479
54 -70.20755469805762
55 34.55023753841195
56 37.68801604785114
57 -30.519031980992494
58 66.3276833976701
59 -36.253151857950456
60 37.65956419151821
61 -13.184781528051962
62 1.2056529917404495
63 -34.99364287650607
64 50.784827865678764
65 -66.1518514896697
66 77.72627226999295
67 -50.6802803491218
68 57.60065540516291
69 2.856191279513476
70 24.978221677800427
71 30.436353112697365
72 -36.930454609506484
73 57.096428263637875
74 -59.92539378630523
75 59.41957349487303
76 -3.6023120768152967
77 -25.611859511173574
78 32.08648926410501
79 -30.88061751660602
80 25.884859414052524
81 8.076157434705463
82 -18.780764399060885
83 22.31401051326602
84 -44.80997098526535
85 53.053467849520786
86 -23.45961100063327
87 28.93719405527709
88 -15.343868595877248
89 21.6154894157574
90 39.82013869701615
91 28.640683994722327
92 31.946579432053472
93 -20.017034281319557
94 6.028336535182685
95 12.353818822081923
96 -12.802079342042285
97 -49.7302800653953
98 15.613438522043324
99 -47.060289839959346
100 -48.73400328646691
101 16.817215231851904
102 -33.97378477956108
103 0.44821230673394197
104 25.978111109806438
105 -10.61041174589492
106 14.535522253144304
107 -20.4798130141306
108 -6.353715937427406
109 7.729816636698744
110 -53.2599108192727
111 19.386087612263484
112 -65.62701406006221
113 1.9479956388664783
114 -48.22037897420021
115 -0.4662612498355684
116 -7.017582033572288
117 -40.33446951068341
118 43.888093819059
119 -40.46062542290339
120 31.508734912379285
121 36.156712368772794
122 -17.254370686967217
123 39.201012897611314
124 -6.2314210433149375
125 12.56606886721746
126 0.17625745475142768
127 0.0
