0 0.0
1 -3.2756492403617323
2 6.672104706448587
3 -7.3794966648812075
4 -5.644269041883389
5 -16.793312292307963
6 -30.152739081597996
7 -6.938789228639606
8 -47.24340370308975
9 -6.5723813995246365
10 -22.203909412701318
11 -6.471266344806178
12 2.844911008985047
13 42.91915997051687
14 10.29226936708739
15 17.75942136378304
16 5.667930692979686
17 18.276914112504585
18 10.645343060917343
19 -30.482254025668933
20 47.16642050675272
21 -42.6314742884264
22 57.104583712363194
23 -32.640676338681196
24 -25.87636511889036
25 16.786195577294805
26 -45.95320415868316
27 -33.395420440759366
28 30.304586726870593
29 -18.94208417631205
30 74.99355484098513
31 -39.1212430954954
32 64.44780927819595
33 -28.502790329622748
34 14.138919930061787
35 -5.1296523041436215
36 -11.578138271235536
37 7.157317264949488
38 -58.41938967017959
39 40.40604150661729
40 -45.618444296504336
41 39.03923951196615
42 -18.197940832114607
43 101.50715318850273
44 -34.14686817799881
45 85.08394674701502
46 -40.02143203248106
47 23.694544750286845
48 -4.715948269729131
49 -39.419267319877356
50 -13.834671667306159
51 -48.94683527106334
52 -23.376292259743238
53 -37.533141629544055
54 -33.715066647815625
55 -29.49812330454954
56 -2.878185256759262
57 2.335329787959808
58 -6.4865558778951415
59 19.428885503715232
60 30.223526145165597
61 -5.859417404368548
62 44.520415865201834
63 -41.75198973851334
64 5.5930521879966255
65 -38.62224200916758
66 13.384967831152098
67 -16.76521945710192
68 -27.209759927147793
69 -9.668383701125153
70 1.2151214013470033
71 -37.19665583300438
72 -3.051132113253068
73 -1.299602847666198
74 -16.424719755068917
75 -16.03743090278421
76 -2.672076939917882
77 23.512434230099675
78 -55.30476259609997
79 86.05022677279014
80 -74.0486037210247
81 38.41579888765649
82 39.41771202459571
83 1.910967874404031
84 48.82190131088483
85 16.041871715736864
86 10.84401355687464
87 -13.041440509363516
88 26.852923035406047
89 -43.491930928676915
90 23.32992994886731
91 13.03256960940226
92 4.823933768618244
93 61.91170587735075
94 -2.6759057356630938
95 22.828702581193525
96 -15.367037001970752
97 -10.64173510953239
98 7.201353633428759
99 -46.61677402546721
100 18.215737847198362
101 -40.11520640308539
102 -35.13068455574677
103 13.167170730149138
104 -33.309238512938016
105 9.554199519138148
106 21.053435820722605
107 -3.8553825223665354
108 59.9918187147153
109 -4.990762674153394
110 28.63266495233793
111 14.720435768089075
112 -10.762735497545117
113 -5.064793680696383
114 -32.231129062129384
115 -24.174154569127467
116 18.313891468246716
117 -42.965776100911924
118 20.847066186684327
119 11.16948262762269
120 -38.889729275566175
121 33.354978838404236
122 -41.759834200726935
123 28.23966817772592
124 -14.775335645759197
125 9.653107036771146
126 -0.3297569093270149
127 0.0
