0 0.0
1 -3.994974786258411
2 12.637948778545073
3 -22.923418584790866
4 28.07057959457222
5 -38.0713756148912
6 2.276195240519906
7 -47.302323829552144
8 -17.21827662900785
9 -23.442495891997243
10 -34.36176009868253
11 -55.497966116128055
12 -5.81544883118091
13 -62.205987542731975
14 18.328742873004575
15 -70.4609592034924
16 5.0553252180095996
17 -31.13948796740265
18 -51.834124621209526
19 -19.69581743602295
20 -19.175609128442964
21 -57.96960448630941
22 -39.99481772818816
23 18.97447960833323
24 -48.99573869670904
25 60.91353286705486
26 -71.812122480343
27 81.8011377937339
28 -26.40212227023689
29 59.777989682932535
30 35.096754250249575
31 20.491298827456472
32 21.209375603639224
33 18.22322520580986
34 41.981299184786806
35 35.60505590693996
36 44.56462945298367
37 17.187608184943386
38 17.117593023579985
39 7.010631603552392
40 -42.24230324064814
41 -15.694184169950532
42 -22.30367199260424
43 -25.22485476633008
44 8.680962961176583
45 -42.59673022182754
46 44.06771912120487
47 -47.00151730487611
48 32.700853835871165
49 -29.023998266279246
50 -24.830521036391012
51 -1.9854224534483103
52 -13.269876419439235
53 -23.032230400835683
54 -6.526912665822216
55 10.318680860172474
56 -100.87581033799714
57 75.53841224564873
58 -82.52624091031332
59 6.090044159552449
60 -31.856299358486734
61 6.359317381660869
62 -3.887120187871101
63 -41.23411903783124
64 -13.383589525370272
65 11.93659987916209
66 4.038226214849175
67 11.266117362896818
68 57.534821345086485
69 4.67175683287089
70 -3.0687613576637927
71 62.74584922362183
72 5.285902866267504
73 34.055339644303075
74 -15.836167739016135
75 -29.525808726614834
76 -6.6020279624481875
77 -56.299330179633394
78 34.88203512662778
79 -9.590805310717185
80 26.587943212733933
81 -17.069319839126997
82 29.612149244408403
83 -54.0796117869353
84 -7.783477747587529
85 6.349141281466538
86 -13.881448445331886
87 18.339258981915435
88 -0.852272338689311
89 -7.347693573223974
90 28.379764633526957
91 -27.675748942998275
92 -1.6814135040701421
93 -2.7911536217675286
94 -20.82650499047849
95 6.040594611940029
96 32.890842919697654
97 -28.673076746446828
98 39.2413027529518
99 -67.95637357421673
100 -7.550446474505076
101 3.697088708936386
102 -28.893986252777815
103 -15.573137113080273
104 47.995349651396374
105 2.3534416822330844
106 50.83856120984983
107 12.848124796453947
108 11.440031798621789
109 26.346544545506752
110 -51.025690236546
111 79.85836312076759
112 -98.33285333639621
113 64.9049189811699
114 -89.91893904723311
115 66.96340235251049
116 -13.485370745544659
117 2.9992090336399695
118 11.181982660028133
119 31.585957991084083
120 -30.559768685537918
121 38.58996559974537
122 -15.450817661680878
123 35.36337276974889
124 -1.0366989920544505
125 13.76277657240693
126 0.25743419541834645
127 0.0
