0 0.0
1 -3.7208681006093904
2 9.811292909718146
3 -7.953711615510149
4 5.4530638475675595
5 -11.506941923154331
6 12.59450033414148
7 -13.515242545699897
8 14.209231510709605
9 14.207408724163821
10 -15.615624653991093
11 12.918448134765649
12 -25.70792583726388
13 18.645111991841244
14 -22.61462652514962
15 -15.591769868775
16 10.890219073242495
17 -24.009607297042443
18 -8.544924539594426
19 3.1307075099837185
20 -65.33938281108134
21 45.053307501460516
22 -73.0087090431366
23 8.827713229809174
24 -45.84943391164345
25 -34.094456773888396
26 -35.76543791121326
27 -63.882242401387316
28 26.8192581643899
29 -70.29919105613828
30 -18.276996701371726
31 -29.66231980371914
32 2.9352034713996833
33 2.040107196254739
34 22.993898652122912
35 -0.3485692328172243
36 24.14872351046719
37 19.741011580845054
38 25.917476445872968
39 15.568949486038253
40 -15.251354327258698
41 23.959082350669515
42 -31.81307054115061
43 -18.91293406415035
44 0.2939556620509814
45 -20.052665864069457
46 -22.53460459017119
47 -24.294301902188913
48 14.117875233651153
49 -0.23993988814845307
50 -11.404690339425333
51 22.72885596845123
52 -8.549403929160073
53 -19.552257500864943
54 -1.666355132177939
55 -12.805706893183881
56 -21.07761417890445
57 20.148672137117934
58 -2.4038346507666457
59 -21.692151796109034
60 44.195935912081666
61 -96.71612022907057
62 45.73945427730873
63 -30.69492196600314
64 -9.549471748214296
65 8.914084437082936
66 -47.587484604595865
67 42.65590382149575
68 -30.812173529143468
69 -12.869855144640583
70 14.152413464342873
71 -23.176436952690263
72 3.577189388147422
73 48.29592307516235
74 10.178039056061577
75 36.92507908266575
76 28.953468419750426
77 64.16533433413565
78 -25.94756031336564
79 71.02145946403272
80 -7.249676772385331
81 39.36217826031259
82 -7.416327308234434
83 8.414435596330842
84 -12.835866503664674
85 9.140830711861609
86 -17.425241176964775
87 18.64605881014124
88 -22.233065673875693
89 -16.215184502954646
90 15.348576111608626
91 -79.4974356908569
92 20.092982020233833
93 -67.6892622803537
94 7.935546019810611
95 -19.055428165588054
96 10.48714654502608
97 -6.6423176848172005
98 -40.6160636465324
99 8.281411228126055
100 -58.329425266808556
101 -40.797878564273965
102 20.000009764295218
103 -93.2821186398271
104 24.208297673031456
105 -44.01304776109116
106 -50.65588674815538
107 13.375133992378556
108 -39.90477631766914
109 2.345583586180159
110 -11.67064343039863
111 16.50600016976637
112 -19.260968196818055
113 25.688512463715686
114 -45.52730212571396
115 14.709917320017377
116 20.914865086686255
117 -2.9019387813940725
118 75.8882970910375
119 -0.6994758849727263
120 11.68787324788266
121 72.48477287035065
122 -4.690099061781956
123 46.00341109525702
124 -5.351621323482313
125 17.574593099115823
126 0.49422938299127883
127 0.0
