0 0.0
1 -3.9972903961056043
2 8.910336532501807
3 -23.995250477382783
4 -0.5638891572121013
5 -33.41880117512746
6 3.913022260491264
7 -49.270617700489055
8 -10.156346650669287
9 -36.770437153138616
10 -37.102428364904405
11 -13.282732751625407
12 -20.964094561816857
13 0.6884037018535817
14 -62.38856098462183
15 6.42626919451654
16 -50.42897891237528
17 18.521412041881398
18 -59.857952571853346
19 27.236927753103686
20 35.05606462385404
21 -27.865687117060762
22 73.49460666245643
23 -46.2719600686634
24 35.70968867786304
25 2.226178285126498
26 -12.017839459020633
27 -0.023926750078606673
28 -40.518593878748504
29 39.97799270281138
30 -72.6206999189748
31 28.978862749104522
32 -37.01115265931414
33 -37.52332417036405
34 -1.53778811172065
35 -44.494480011692396
36 4.093462809431856
37 14.764464764441028
38 4.7108930852507145
39 30.04669049679378
40 50.322440148092724
41 -20.629009035024783
42 45.466303237936636
43 -16.445494880553
44 -33.52470712522802
45 -2.7060529683193963
46 -18.93680352730101
47 29.496300004953063
48 -46.794234949599584
49 -11.614754179805015
50 5.053406779749969
51 -50.14389624327492
52 63.65198882125909
53 -38.619339745767654
54 9.913330608196
55 35.61131890610383
56 37.07183739724646
57 16.860691241668558
58 36.47329989822663
59 6.97189801074369
60 35.60542341774093
61 -6.528282411050518
62 14.157421839791628
63 -25.886634408732753
64 -16.78006384064061
65 12.06261723979531
66 -64.88634526176463
67 16.1807879380128
68 -63.84701092391642
69 -39.6610433347635
70 -9.314336653470072
71 -22.989798665230733
72 -57.785695486296525
73 -1.7243651027614446
74 -29.41135382324488
75 -41.57907435536186
76 47.9346288792301
77 -50.59629379992335
78 43.55817433196102
79 -8.071006079847008
80 -22.034079246132293
81 56.93675851673957
82 -31.030841633344995
83 18.29254654549614
84 15.218886322997827
85 17.411096628323367
86 1.3432191683291057
87 46.244597172336064
88 -10.030096998692528
89 13.906259431520137
90 -10.414290105167545
91 -14.33010525574046
92 30.002714696285377
93 -20.974916651746657
94 15.928159862877962
95 -0.8835806367729072
96 14.209856808789812
97 9.782033496608184
98 2.9695274819043496
99 39.90477645904565
100 -5.06985141916773
101 68.31579027306086
102 -36.10837664169171
103 34.321401309584104
104 10.165206807858482
105 -9.130147686148215
106 42.54632198949563
107 -51.53758973834448
108 23.466058981713203
109 -37.43440664571982
110 11.649335487140764
111 -18.313873125096883
112 19.51787267279343
113 -55.22085740508747
114 2.5155194118761974
115 -47.21717095182013
116 1.3633373619950613
117 12.94823461732732
118 -69.47721985289897
119 59.67917019912951
120 -25.34554216195918
121 44.256979227580196
122 -23.836011436956515
123 47.80101924131276
124 -14.769499713725594
125 22.040398658449977
126 -0.36448590930036595
127 0.0
