0 0.0
1 -5.471800893803952
2 22.051366628559627
3 -35.93921369857446
4 39.78938377156278
5 -35.919047470164564
6 6.51223716247675
7 -53.60969718502417
8 -20.80414857754834
9 -16.312537963514767
10 -68.1783662685588
11 32.93942409913071
12 -61.61030334890436
13 25.716836856475588
14 -61.06019590386972
15 -21.337107130572527
16 -45.05103260199652
17 2.3327633732686914
18 -72.68821439332716
19 32.65112872711564
20 -35.36911373753238
21 -2.0131848677473805
22 37.74956922079185
23 -37.11711971002663
24 34.66547010179012
25 38.438945440210745
26 18.477297890822587
27 29.550116406562065
28 13.50511882090855
29 8.167813115525975
30 53.92575842709294
31 -39.44102407845256
32 71.11306205816518
33 -62.76254628743453
34 57.46931876020752
35 -41.2126229237998
36 1.451699958361458
37 -3.5420668256488326
38 -25.87796494043814
39 -1.8510943633307915
40 -31.91411973547126
41 1.3320729184337634
42 -47.987290137494504
43 31.45244045180269
44 -48.19954309092527
45 31.55432712565536
46 -50.45690880341584
47 78.74746826616769
48 -34.763850707560536
49 37.21319802298648
50 16.514191022811236
51 -13.59588128182634
52 79.38574538522434
53 -45.25050889959215
54 55.213581790111405
55 -24.63007151892892
56 -16.17567612658273
57 -4.348353600821458
58 -41.818563953526436
59 18.292709652132057
60 -55.94061964644631
61 49.21554020454085
62 -46.080441053014844
63 3.281830141910165
64 5.4588002256248975
65 -49.49360722642485
66 22.90146751159014
67 -33.519420536065745
68 23.531792371644727
69 3.660274206379277
70 -9.294571649501151
71 21.00222630301391
72 -10.04849572716098
73 -6.812910165085601
74 44.64416644087905
75 -16.571288828080927
76 9.944932500656526
77 36.28553979822974
78 -50.15774463420313
79 24.75285732445355
80 -37.69290954790316
81 -11.748270233197353
82 0.9919803104085771
83 11.772120723875252
84 10.390085998456776
85 -39.48978839877103
86 40.24355361306057
87 -38.55498621977391
88 66.01574270365708
89 -35.08017733821269
90 79.79071469250256
91 18.716155770764367
92 20.96646455223191
93 49.1090874999752
94 16.707735171814765
95 56.242620132357786
96 4.3478855482503045
97 39.1240428807016
98 -53.3111320205123
99 20.02658133360317
100 -1.0683098130592323
101 -6.236564468108195
102 -44.955644682555786
103 31.00047022483154
104 -57.814348415237845
105 12.045292143138935
106 -1.4388116185285211
107 -52.29918041017017
108 13.15059515827981
109 -36.59200173484089
110 -18.690721668556016
111 -79.19123004865227
112 -5.472536167377769
113 -67.17274655954813
114 -9.955328088965327
115 -16.257007971067612
116 -17.98771477664982
117 12.024450785179663
118 -11.744127058240464
119 38.15375478753524
120 -13.389083097264455
121 75.62564264063417
122 -43.95768745773786
123 57.03026546050075
124 -28.058070027559708
125 17.464864390999278
126 -1.7072632731275967
127 0.0
