0 0.0
1 -4.357218874851821
2 6.118140710776349
3 -16.224372900428346
4 -18.75335133125891
5 -14.018770652929167
6 -34.9723480609253
7 10.139586838510658
8 -33.32412969847298
9 -16.267549283814084
10 -47.19805734038638
11 7.218453657001924
12 -24.858845546749205
13 -40.663941325888935
14 14.337451399493323
15 -64.4728152597449
16 5.545928560260655
17 -7.430258516581572
18 -1.1793725695633033
19 16.343976208420344
20 11.840261809538408
21 3.2935835107931544
22 29.2347543880044
23 26.69796925921757
24 11.497889613700483
25 9.236706139599484
26 4.435606709442
27 25.142963643293808
28 -25.138116378226655
29 62.6646799507571
30 -21.636051819538775
31 57.662309916396964
32 -19.90336886028576
33 -19.833863354987376
34 37.02415178007318
35 -16.425372854737
36 17.6234753597436
37 -1.3528453501831346
38 -41.061456983202795
39 57.08423631586873
40 -49.989486531949225
41 46.534022286160855
42 11.784784199177508
43 2.2137221283211
44 -23.95272437948625
45 -24.570911879585143
46 1.4745426665363246
47 -31.92844943677876
48 28.744574610159017
49 -20.793739832594394
50 31.848046428680384
51 3.2217497650811313
52 27.724463898261465
53 -32.759755152635535
54 28.355859864519914
55 -6.742399768552607
56 -1.9448563591136785
57 -3.7971245744714954
58 4.878340767784936
59 -18.859996440076856
60 26.743250518200007
61 -50.026693123489
62 -29.346386891679554
63 -22.66510563443606
64 -1.8240524267702583
65 19.47567577950985
66 -36.59924279148632
67 41.06420137897524
68 2.013878528330127
69 1.6169677907568105
70 27.17015242406881
71 -5.047500638976151
72 20.047598307341215
73 1.8359868465113547
74 15.100072937031857
75 16.830369383680296
76 -22.871135310212285
77 34.9025710186721
78 -20.35416312370802
79 11.697215759796403
80 -18.81400345429022
81 2.257437934288442
82 -1.0781271826547953
83 -14.181311268016652
84 -0.5514667241790312
85 -32.12476853714944
86 40.45426756758581
87 -19.16582753038487
88 6.430981264924029
89 13.03658326617198
90 -7.902296166037069
91 -17.28281157231566
92 -24.427009554096042
93 10.37159891359726
94 -7.053997551138732
95 27.79767064121609
96 27.726286828308076
97 -4.050650003684149
98 5.783721517834577
99 31.508687447591427
100 -30.150829166711496
101 54.16144904953112
102 -65.91417585981303
103 -0.7041591158502499
104 -1.6306885826285284
105 -44.86995335936607
106 18.67852207250026
107 -83.9125730532253
108 -14.575098417989778
109 56.37554441662681
110 -99.55933107262194
111 24.426868668912814
112 -39.27300012399075
113 14.463717193748508
114 -29.278687344496994
115 -0.01911257742996831
116 6.308087161500628
117 -7.2627478069295694
118 12.03101772434117
119 -9.511044452539638
120 67.10977591573376
121 -5.645604417644414
122 -1.1966040474150423
123 21.413293643019323
124 -2.207562679399227
125 11.440837298784752
126 0.016373324782721292
127 0.0
