0 0.0
1 -3.4216829685722687
2 11.930389921433386
3 -21.105122769311933
4 7.853960325514029
5 -31.790071135119426
6 -37.455486153803975
7 -26.271911422227358
8 -77.95886807192153
9 -17.648885886057325
10 -57.05439484375797
11 -4.923231055113291
12 -63.78362647526238
13 -31.02260449058185
14 -25.877806624241614
15 -28.222736577106314
16 19.586907939790876
17 -8.420747139763417
18 20.386373874800377
19 49.410264522234144
20 -18.44599678732556
21 63.11718958623039
22 -33.323573649970776
23 28.98614295709928
24 -48.32786753982096
25 30.532252842612674
26 -14.330712029753927
27 6.882315993521864
28 5.6935115869405255
29 -13.6224404526721
30 1.5718008319449084
31 0.6799663647856723
32 32.58376050005894
33 2.6794699607070984
34 28.3652929924968
35 17.264398160943486
36 -17.22153459725851
37 -28.00994542614094
38 9.424119103774858
39 -31.888581712781097
40 -38.65386772658633
41 -38.19095403445071
42 -19.181118286802757
43 -51.71641738639397
44 -1.864186801473482
45 -51.06383679059616
46 -6.4168144413356245
47 2.4203457552787433
48 -30.62617937527089
49 62.09426597731682
50 -60.63825436045403
51 56.73699394574174
52 -48.88714187206134
53 28.61315508305568
54 5.7563549671231105
55 -54.7909410430423
56 40.89157096685273
57 -33.76973188826128
58 15.116377573990693
59 -16.081963129751973
60 6.087877195674791
61 -28.50539304845985
62 24.74421437176602
63 2.2925156029377027
64 4.33785250071981
65 -6.570524215533885
66 4.966597896522769
67 -30.522012687366406
68 29.007415637007668
69 -22.43720925771447
70 35.107432990289915
71 11.947597388838906
72 13.305698302348663
73 -17.980626817526165
74 50.58414155834238
75 4.105945331405086
76 8.725329826469919
77 63.504123523425534
78 -40.174968045267605
79 9.280025861088744
80 -0.012056432927755505
81 -34.39370892424275
82 48.430612052841035
83 -34.872217549179005
84 -22.972594064695514
85 69.18093617780819
86 -109.23241065767928
87 63.12865312035058
88 -5.429603423231393
89 -15.325165505849979
90 43.615067650127784
91 -12.735907813192126
92 17.95741188297522
93 10.608509617000943
94 24.138732340813547
95 -40.42214872607191
96 5.3603808339452526
97 -1.9141549750983733
98 1.8574548971629157
99 -12.013563212076619
100 10.453794522460214
101 4.435494117067478
102 -2.018155778522796
103 -16.941255737114883
104 14.660088504480882
105 -16.35948531696573
106 -54.752525282434895
107 73.70721370108615
108 -99.98687053480106
109 52.18690351310146
110 -64.62113716817319
111 52.355425323928195
112 -34.853915300740525
113 28.437915770421636
114 28.44392148661566
115 -39.7821877481155
116 40.27899781499381
117 -25.03642950875086
118 20.201216073343772
119 5.48860322019215
120 -16.246066611070372
121 61.870670738745865
122 -21.65332962192237
123 28.34512138834785
124 5.306794325859283
125 9.424898197595114
126 1.596939109832712
127 0.0
