0 0.0
1 -3.4172028360269904
2 11.097252068596902
3 -14.585316867916703
4 12.135952427919943
5 -34.354742646365956
6 26.23720394424394
7 -40.53084869137407
8 21.12641857479734
9 -44.492465535035436
10 -48.45645220614822
11 -26.191145698699586
12 -30.943932755986022
13 -63.56890116831636
14 -20.604248433829216
15 -76.04579088536268
16 -43.93757560257276
17 -33.59125742915628
18 -22.953406830089232
19 -29.204769061614964
20 -38.36075380238896
21 30.62839978158081
22 -47.46151403330032
23 24.53833324779312
24 10.52173820726853
25 23.351008128091195
26 -61.702131109795374
27 58.31785055744923
28 -31.650122394452847
29 87.85144610542422
30 -41.73393755183766
31 26.86790550562736
32 48.04888962932876
33 -19.03695872535721
34 16.511855854461736
35 13.25629915392217
36 79.45771471222666
37 -40.91113462849366
38 73.16632477298462
39 -4.3422358011351605
40 7.566263348787174
41 12.808963691896714
42 8.70138642015493
43 -5.7749068756458195
44 4.373311464870181
45 9.929105585718887
46 -12.830035999762798
47 11.56150730706503
48 -54.017425010333405
49 -31.810862665127846
50 8.330522288027211
51 -8.222603841766698
52 -43.267497796692915
53 6.526656664695298
54 -76.491591273501
55 7.242971566358841
56 -26.61420642231839
57 -25.475271543747855
58 11.949598522306923
59 -36.503284278977596
60 11.331369586843797
61 -8.941438986505108
62 13.345784249938491
63 4.772424739806325
64 31.29557288555788
65 -6.019775457166727
66 8.689643593378241
67 46.01445956615506
68 8.192760174737645
69 -16.025386996519604
70 21.152374337268057
71 -38.32362869655268
72 54.55818281213619
73 -39.207079123535436
74 34.49010695180191
75 31.330217095188697
76 -33.27158365855636
77 18.646689041705457
78 15.171685309278732
79 -6.989797185962103
80 -19.750293752165547
81 0.5177894951778259
82 -7.713157212577846
83 -4.183436575673603
84 -53.811641380764435
85 14.020133364630494
86 -65.52994831587554
87 30.30537617375686
88 -53.851899211995075
89 20.84291873322175
90 -51.81258631085514
91 -19.3078349347074
92 19.944018142713567
93 -70.08339306493123
94 58.30988670130573
95 -70.85146320245269
96 33.2090725166379
97 -14.792359273473394
98 5.262752082916234
99 -26.790600573226843
100 29.556260801703516
101 -2.9804458003818413
102 -10.546526746842764
103 2.4215049490889102
104 -36.27525735953395
105 46.78236476518106
106 -50.65466732028724
107 -36.18540663760638
108 9.809852117996838
109 7.721463243525691
110 -28.552169374987425
111 34.27923798668328
112 -39.60993708876285
113 74.3303031172302
114 -2.7394947680054935
115 51.922140047952155
116 -19.317657961736717
117 42.37652452770568
118 6.179701879120733
119 56.66910124070988
120 -0.010736302532763965
121 40.895761353181406
122 -12.273234179989466
123 31.34062292599723
124 -2.8308627553798025
125 11.82597215679765
126 0.558520967480285
127 0.0
