0 0.0
1 -4.5341904351613
2 10.611859249725487
3 -17.603828677294924
4 14.767666559784338
5 -38.55153400675031
6 -27.430169499876488
7 41.95046446446395
8 -83.9843991770431
9 17.927345008061582
10 -74.083276633071
11 34.730113997750934
12 -71.62828911888
13 52.10328099625216
14 -55.75696257732633
15 -14.06573160813733
16 32.34219020930703
17 -83.06883013212861
18 56.87710452222418
19 -43.993038919320334
20 -9.135147048380176
21 2.6368991664568484
22 -41.410679932646616
23 -9.696726668950575
24 -54.24104777038893
25 -7.497910113045731
26 -68.47785331839137
27 20.641641867251476
28 -63.63691009642459
29 -3.045351687521011
30 -18.13674443258136
31 -56.3301643349787
32 49.7648264189211
33 -34.21239045045802
34 35.529184777719486
35 13.582683162229586
36 -30.445345987714415
37 34.143109953228816
38 2.7119728279007096
39 1.9041976884617782
40 15.524947868509651
41 11.121477258369994
42 27.244685815122573
43 -20.980152805723534
44 34.527950509132815
45 -3.3631010928764025
46 21.222289908418418
47 -0.4786192158042587
48 3.908901859258357
49 4.429325983130061
50 23.837856490902542
51 -5.462166883595948
52 28.180332245200294
53 -5.493498912227557
54 -4.3924196398901305
55 4.760855548038457
56 10.798842743349281
57 12.829767206348256
58 46.85170113994591
59 -6.711865162050001
60 38.83574203428778
61 30.688562905099694
62 -21.63406755583269
63 20.96041700197281
64 -9.857449821542248
65 5.3240732401452275
66 -50.986367409563435
67 14.559373410492226
68 -24.64652553708912
69 4.230666487350242
70 -45.895696490949696
71 4.363203598210385
72 -13.155260384366887
73 -19.08600695761748
74 8.050342900275401
75 5.7774445329633695
76 -24.74966335895771
77 1.0234809336317447
78 -25.918430768088395
79 4.143529966871767
80 1.8869114792631265
81 21.081702657504998
82 -18.518460178104984
83 -15.874535274061301
84 -18.69678060720059
85 -30.704496661434383
86 -3.6239700717239147
87 2.2024331895130556
88 -56.588073714835794
89 -36.581572947368755
90 -12.173839797801724
91 -75.02307186915385
92 25.05382092703029
93 -63.18442527216384
94 33.278685716736874
95 -36.70133244844613
96 20.688768198656188
97 8.235378967851918
98 28.95639143766547
99 15.340908674309613
100 34.34778309752624
101 15.826887364172467
102 -5.042705093670808
103 33.34253647136336
104 -10.351505963988222
105 -11.699465564543239
106 52.82647658801065
107 -34.33532487749718
108 31.845478335072016
109 7.547064468084289
110 20.644488314278952
111 29.87583104929991
112 -19.324679194951106
113 74.99900052245727
114 -33.86534295781273
115 72.04183295466107
116 -32.01038111085174
117 89.03167294549267
118 -18.911698440003757
119 50.033045364455766
120 -11.590645225365732
121 14.393978284543689
122 6.5167203957554625
123 7.016010715139428
124 3.2479738818773223
125 7.306636326011626
126 -0.30209298011090563
127 0.0
