0 0.0
1 -4.206719311589052
2 12.053565393382799
3 -18.52058686495288
4 -3.790153949056155
5 2.137817484445774
6 -21.272375545563637
7 -37.639326699725416
8 35.24992202793127
9 -43.144302115808735
10 -25.63616559079585
11 -18.43598441751961
12 -16.86785437890847
13 -5.635824866714771
14 15.778672777681551
15 34.85226311096208
16 -37.084395331043
17 51.6330519364873
18 -42.6197731773451
19 32.32345518180801
20 19.28310956314453
21 5.580419209120731
22 -1.4928253291138507
23 20.146127844157636
24 21.308596882624787
25 8.98226636579202
26 37.39829489812379
27 11.664461138321263
28 7.736370747440861
29 25.895003790847674
30 -2.875009849855007
31 20.21988446268338
32 -32.71796230918836
33 11.611181339941284
34 -74.84710038038332
35 4.191626112158805
36 -38.3565959541961
37 -50.37300530719741
38 -49.39333405471231
39 -20.208717347387392
40 -39.44373608267945
41 -19.083605132035558
42 -0.8112285530141219
43 -15.98754247645694
44 60.62020487741968
45 -43.45101909959577
46 29.38691468375599
47 -27.070714058225782
48 -11.15659168391418
49 35.99263083304637
50 -36.91722232994149
51 7.635057544963362
52 -6.4814587351622865
53 -9.492789449849289
54 1.7031895611910188
55 -2.165277983982697
56 1.4255568196679262
57 -64.38113716415788
58 52.618094998236785
59 -30.825734815418016
60 5.227476164006305
61 8.830704152004413
62 -2.4926631753255553
63 -0.1359217796432825
64 -73.2980585177748
65 72.36005776372572
66 -62.1632125686439
67 7.458616871931136
68 13.110504134425156
69 -37.108359027833245
70 63.02824467382036
71 -44.74369612823458
72 22.11160164171287
73 44.614552342401545
74 16.37027682710126
75 9.531267023565809
76 16.53962487502606
77 -1.2997283642586837
78 31.35648824968251
79 12.240743259608982
80 -8.445884879863852
81 42.34146662891533
82 6.501212558542264
83 -39.69876561441566
84 31.924184740423872
85 -41.43775131165421
86 -3.7484730991316524
87 -0.8667737907137975
88 -97.76459735275209
89 26.634365750925326
90 -50.06825547181898
91 -58.51414523900387
92 42.11147734603759
93 -64.98498705722724
94 15.997739747189804
95 49.28728252270948
96 -81.89851291095374
97 85.64604385850548
98 8.422372408754253
99 51.70545116768453
100 20.746258050404254
101 28.141723936618
102 45.431063689489456
103 2.5034088819905356
104 18.418132745532038
105 14.915057547255522
106 15.485153222155512
107 -34.876215479439715
108 57.18621169492676
109 -39.71782802904631
110 34.874197843492986
111 -44.50130772970752
112 -64.34580003914388
113 0.765491418956799
114 -54.24334879932259
115 -5.917852408537562
116 6.210914110578382
117 -26.889298602842096
118 -43.21455711431595
119 20.142774923053448
120 -42.00134116412053
121 26.452296641866553
122 -8.553521771869908
123 31.97611303906971
124 -2.7372849642158186
125 13.402241911071023
126 0.13151861992671562
127 0.0
