0 0.0
1 -3.7499454580621117
2 14.122355258003797
3 -19.76440782146692
4 35.17273349782673
5 -27.84658881063977
6 15.824598580651797
7 12.701867624400307
8 -15.039321582500476
9 22.90321254549196
10 -54.711287373073674
11 -15.585815214242762
12 -0.7766777960080553
13 -18.750965405578242
14 0.778139853007295
15 -21.50619450852859
16 18.335614840362485
17 -7.995516977324247
18 11.315666076350816
19 35.67388724867716
20 -46.156756070377355
21 43.496218711759475
22 -2.704962635145276
23 12.326765420858372
24 -9.705027917173771
25 34.262765295721245
26 -42.386450177233264
27 28.464808337939218
28 -38.41511186156895
29 15.33400615986327
30 2.7488141275681452
31 -77.51397427294305
32 43.19039118968214
33 -66.57207477117478
34 65.40685792175489
35 -98.97505233082796
36 29.995560642177907
37 -44.29308204110163
38 -11.49073116603347
39 26.917707472904738
40 -53.19208182523306
41 29.458858592756787
42 -65.9553386241163
43 29.107076037519274
44 -25.219665119968145
45 15.005137538417888
46 23.07984842731477
47 4.812954360938233
48 5.818820817952526
49 19.95937313871132
50 -29.086314550428256
51 1.299559500702432
52 -35.70452795750229
53 -1.7969080128208528
54 -15.920448515016016
55 0.4314849939553489
56 -7.979804744251331
57 10.115914409935165
58 -24.242335338168093
59 9.64091217404316
60 -14.327866067386564
61 0.6541176397465513
62 3.35857299335923
63 -13.128393217447462
64 49.55057568060978
65 -35.735091887660815
66 43.52624807050304
67 -16.820999982863665
68 0.4306141409496284
69 7.92847014568452
70 6.6401223174692285
71 11.274826015553476
72 37.475823233754944
73 8.122493861367468
74 -50.57895437160621
75 49.89948360654722
76 -11.469343231835206
77 15.843851459834243
78 7.658708623522552
79 28.286536493393786
80 -44.16771226228822
81 4.902803920789759
82 -10.300527454468627
83 -56.631576556604024
84 16.15237805124851
85 -39.91908416946351
86 -17.0918058178597
87 25.429690155243243
88 -58.93037973765782
89 15.93675039276266
90 -26.95406134235755
91 -20.956509248211937
92 22.306339748344882
93 -57.50440003427619
94 44.25300205292267
95 -64.950622429686
96 3.413792496493346
97 -15.11004385866647
98 23.69757017468103
99 -36.085361118627446
100 42.981625657798006
101 2.38548826395537
102 -27.227229433975246
103 54.52086741182331
104 -35.739192384238756
105 36.62508695952242
106 -49.3848147065059
107 70.62339026726386
108 -57.784055920378556
109 54.97245216673806
110 -20.53526651807809
111 7.198032912063422
112 17.895483280097896
113 -43.31917552779928
114 17.571056451832487
115 -21.550258021524748
116 18.653235416894475
117 0.1302629464742542
118 -14.149618720657877
119 32.407416780200755
120 -30.325407843718484
121 35.43438041624779
122 -14.449169309857464
123 24.654926830166655
124 -9.490001738145553
125 8.42540076826386
126 -0.4887939790397304
127 0.0
