0 0.0
1 -3.981589302869621
2 12.007717330857753
3 -16.25081810282301
4 14.22229430599255
5 -23.173112267818116
6 36.40065641937278
7 -69.47248941294055
8 -16.82864027126121
9 -45.48983451261795
10 -32.07857491943226
11 -20.082389557576914
12 3.9786800688066903
13 -17.3148939630629
14 -30.198442301880444
15 4.60837635421249
16 -61.56993131841881
17 14.589443121601057
18 -46.26856005509169
19 1.7798655930348695
20 -7.569499623111982
21 40.775891347098316
22 -2.831768691061411
23 46.443987300542275
24 23.133275069823366
25 -20.729310977541566
26 12.56425376140029
27 -24.67019998161716
28 -25.07572882804076
29 -37.619652603815275
30 -49.917860592018904
31 -22.155629278900495
32 -21.10677137212062
33 -48.54633763364388
34 -12.077501745748041
35 7.713082363902245
36 -83.83201678491315
37 22.169810322840387
38 -42.29205936430856
39 -6.210190659362921
40 -81.71434556480055
41 3.8137860489877333
42 57.49935401553455
43 -32.313502694886175
44 50.23071678521852
45 -22.166529423584755
46 9.806855119506874
47 26.870789818588086
48 63.76060309733693
49 17.488242436739366
50 56.71728904254307
51 25.76958206954301
52 -30.736145091642697
53 74.0926479909694
54 -44.23682931756272
55 15.657507606281976
56 10.053667791010325
57 -70.62416365111935
58 10.683202480913065
59 -38.762498868670725
60 -7.858903411965201
61 -4.091615622529581
62 -2.2946930871646374
63 -2.6090794996984275
64 12.37827029319854
65 -71.25916109419987
66 52.32677861000139
67 -7.400680231924426
68 -25.39449698386451
69 36.344548731446714
70 -54.57044058178862
71 -4.249727004076
72 -28.973952122675993
73 -9.987740408129056
74 -0.6450897660551982
75 -22.664582021268274
76 54.00733402101641
77 -29.288276860958952
78 36.59385616792383
79 13.434338514713126
80 -5.521013004466035
81 -5.252123847280608
82 -8.542827356647862
83 11.538079757200968
84 -51.08162694704768
85 12.847317022686708
86 -6.955698533409169
87 -4.673092779030621
88 29.780441373762326
89 -37.966362315934866
90 -11.34337776164284
91 41.01766714536854
92 -78.53373628410394
93 67.3857770596562
94 -0.4915125225767482
95 24.58185308460644
96 33.11505244276475
97 -7.640551536946016
98 -3.719525771844148
99 -53.39724880861989
100 -34.39759441096862
101 11.632867005147135
102 -37.49737904749532
103 -3.8221728254694405
104 14.264532438995635
105 -27.943155388179832
106 31.088017595630713
107 38.59004980533137
108 -2.2950239932440546
109 -8.56119587189063
110 33.66256810012341
111 -11.407085795266848
112 -7.733622708266261
113 44.02881421162412
114 3.5875991069131725
115 5.518781973762472
116 57.59935447627358
117 3.2270675043201726
118 2.3982120435618035
119 55.629123571482786
120 -31.004359738693847
121 80.09287265569016
122 -47.15339129911362
123 57.14471019571801
124 -9.08515579961718
125 8.075630421950402
126 0.9394838065962089
127 0.0
