0 0.0
1 -4.804313346524726
2 14.968917390660764
3 -19.97624808371967
4 7.8213400766426755
5 -24.060955962330205
6 -4.377595113324436
7 1.828377546944207
8 -63.27466086560535
9 43.04673903884133
10 -80.75046075461906
11 16.597859628984576
12 -39.48617857319953
13 -10.185694224131552
14 18.22867266763404
15 -20.234031247963678
16 27.263446313734693
17 -36.14669592573812
18 -14.388463617220687
19 -3.5342114460645395
20 -45.20502799174928
21 -6.99964831798554
22 -11.773492621494912
23 -34.70988509333867
24 0.17880611951079936
25 -57.14404723586333
26 -11.591869680301956
27 1.4355811270978243
28 -5.659661435075709
29 -13.545681880917472
30 -27.165743855251222
31 -7.241266441762868
32 -16.712747853643712
33 -5.5197968412541805
34 10.24818697494783
35 59.93011753684558
36 -49.695607721024984
37 49.23357585225977
38 -2.670928311149088
39 -25.854685481267797
40 44.52695257580404
41 -34.974696461638
42 28.278673072987896
43 -27.704777093644406
44 -21.804659906741307
45 6.6123994237461305
46 -13.04717447473289
47 -40.605457694509866
48 35.723499467217486
49 -42.82233911653575
50 -6.197226328518381
51 -0.7722608272445892
52 -54.64560739224787
53 37.10327825222795
54 -18.412842292394622
55 35.468190835088016
56 1.722767926956921
57 38.802829548152175
58 -15.455126931533265
59 52.112480596037415
60 -6.724890911339356
61 7.431143110274542
62 37.47116834931086
63 4.653256601520414
64 48.32163732854747
65 -20.105095651686383
66 72.94967106311755
67 -31.248337352734797
68 17.804539909757917
69 18.77574328239099
70 -26.24067862731069
71 22.71431778866014
72 -49.41863405794897
73 3.151799686439888
74 -32.34105935838093
75 -23.899573513926715
76 -10.587188648807288
77 -8.081937231022907
78 -5.562938187924408
79 -39.775280259528095
80 26.34336335327554
81 -46.21446001323591
82 35.51433514055658
83 -29.742112314751854
84 6.635123031147303
85 62.67366810416633
86 -20.35305003468382
87 70.04149308717722
88 -3.3753601109561786
89 55.35004891223074
90 5.615737015055586
91 37.771883749640544
92 -61.47774900626421
93 59.80878278598975
94 -53.168868649696265
95 -24.03585664908959
96 29.692402476549393
97 -78.14034832837402
98 38.41615624750562
99 -54.27809752460433
100 38.29665380754471
101 -38.947440225467346
102 -8.481404847328045
103 -25.261005748879573
104 34.35329063849479
105 -13.047707497483778
106 4.5967936710001
107 -6.125623697482739
108 7.865631433549638
109 0.009479663190951082
110 -18.152921588453207
111 8.654468593967376
112 -22.01421561133601
113 87.90571009866454
114 -88.93879726605532
115 69.02869369027896
116 -63.448822834181136
117 26.170831478233058
118 18.917256588940734
119 -47.6083234358393
120 23.22047138832662
121 25.669949712782525
122 -29.63726110180886
123 36.90550538323188
124 -8.879514971071414
125 11.949061841361736
126 0.774720224084849
127 0.0
