0 0.0
1 -3.4828272623621586
2 11.874935798260834
3 -24.59180140514982
4 33.2936827518943
5 -59.40461698508218
6 61.58737642721684
7 -87.5004385727506
8 65.61472453513164
9 -84.01367274977396
10 30.81074696218718
11 -51.739365597971414
12 -5.346813844805352
13 -17.768060857336373
14 -25.677940530255658
15 -25.25089969228574
16 -55.03414957312326
17 -10.60876266206652
18 -47.561994197601635
19 32.98896078888408
20 -38.086925643046584
21 28.747396204138425
22 -30.36853553210276
23 46.31975094356079
24 -29.294881707314467
25 38.61626371096763
26 -25.4226854667556
27 15.515935579636125
28 14.702901427496244
29 -8.061950471333718
30 -23.310841561633943
31 17.141194634417683
32 -39.93088036051293
33 -18.390734351292167
34 -9.611713188192569
35 -20.238221205576576
36 -19.979693202228194
37 23.370340974751656
38 -26.92031144481304
39 -16.678949529640093
40 -24.091205815108758
41 -6.592866224758371
42 3.1173527277951196
43 20.418757510556055
44 6.391176747416616
45 51.46523372593836
46 -2.5879791851818403
47 62.14138951327916
48 -2.184079203289389
49 48.62981760085066
50 38.7021712513389
51 25.21111175703445
52 55.269881799677094
53 -32.15511153020345
54 88.89107508402047
55 -32.00913385883775
56 22.1215130513519
57 28.670169475213914
58 0.19698342867512278
59 7.080991045032106
60 -3.3009732536965237
61 -37.40144678039451
62 48.06605658906324
63 -54.38391252799562
64 47.96281197787378
65 -17.841404146314858
66 -9.82328738314557
67 17.538242129339967
68 -25.744645415129668
69 11.768810851547679
70 -37.48360076677548
71 -8.722390645420209
72 -66.17949600797317
73 25.87171322496913
74 -31.56763159279664
75 -18.421054239845628
76 16.323517417730717
77 -1.445288638246951
78 -8.549577340979065
79 35.38984215966541
80 -41.52826308974525
81 56.725751060992685
82 -28.388533307653375
83 26.24663378052958
84 27.4734889765528
85 -4.838776734794455
86 4.793813609603774
87 6.477832512378675
88 15.007190597161536
89 -40.95213637827155
90 34.86792737680421
91 -63.29886944364748
92 16.150504648659915
93 -50.88155604858656
94 35.608273198526696
95 -69.51733333484422
96 9.333778729423539
97 -48.860380280515464
98 -15.678047156983979
99 -9.627700846383778
100 -17.05472748548114
101 8.347807133329592
102 -31.247852787172757
103 4.830521176738767
104 -64.09042376006755
105 29.376602535025643
106 -35.723791573156404
107 38.43670163160595
108 -11.294551863346678
109 37.64270577742193
110 23.424483217359413
111 -15.25512546559637
112 21.229060679440078
113 -3.3899847458769554
114 -23.275578018406136
115 23.74302841264124
116 -30.373353684928144
117 15.877316707227726
118 -8.911131329520517
119 -21.93332544510646
120 22.86096434664196
121 6.959248846694372
122 -7.919269143297489
123 44.93698200090699
124 -21.95287441644232
125 18.919103637858495
126 -2.7206630786392516
127 0.0
