0 0.0
1 -3.5515619742265563
2 11.752348491627922
3 -11.647100073174608
4 5.822214453783741
5 -18.456564498201107
6 -25.77051714516641
7 -30.798547568890545
8 -25.098479516181676
9 -58.47742765109891
10 -18.2632291182836
11 -48.19358225355545
12 -48.0918268649346
13 23.477599829124483
14 -75.2512480489284
15 -16.08304901470949
16 -37.71827370400662
17 -39.19949939770727
18 -20.36832498405676
19 -35.43441351085923
20 13.522958860992922
21 -23.384801476882274
22 -10.014307154658919
23 10.77190790845438
24 5.30179515492451
25 0.06341900921138452
26 16.906211379525356
27 0.8062339681508466
28 27.693558688006455
29 -10.014321707209188
30 26.53589410666679
31 15.607045499337149
32 9.580644058894448
33 -4.784537437198909
34 47.00676493551492
35 -14.548537841111285
36 -7.995945842577401
37 -1.6152256786244352
38 -49.44205127246181
39 64.48999981057655
40 -59.46731934176553
41 32.69798203844395
42 -52.130280646334796
43 2.374373536237074
44 -16.075210948046276
45 -16.996221129808077
46 3.4974346573483626
47 -66.9818325224115
48 26.36765660223061
49 -60.81380136175388
50 -24.695609864181247
51 8.920024465550975
52 -60.07835258369957
53 16.583161601976425
54 -18.3924679017429
55 -28.91250554070046
56 51.639612520075715
57 -47.21832520807019
58 68.28467125035839
59 -3.8047128102018086
60 20.076088797751623
61 37.564360058540906
62 30.005646409184234
63 -0.42445400880588013
64 47.21944548763965
65 28.051388064035137
66 -15.877860961822387
67 62.13507972672619
68 -50.35467872144943
69 25.85154186721403
70 1.5633388269478783
71 5.581225341184927
72 31.60048756183856
73 36.89219084705911
74 -8.332010117672226
75 41.60669397555224
76 7.4739522504389635
77 -18.130992298654796
78 43.72566583026528
79 -29.16362411907549
80 -30.93759376902837
81 19.212190298451127
82 -34.13528944424935
83 53.96860700544038
84 -51.388782893978465
85 -56.68914199946265
86 54.16649707744058
87 -98.23174290372641
88 46.039959988725776
89 -22.4708980452791
90 2.422782838937968
91 -21.95174193652867
92 -3.2934126214408663
93 -31.08915712552967
94 25.42582007196786
95 -1.5439450969642796
96 -4.91336681051257
97 40.16254095433647
98 -18.962144821230012
99 63.46681809163232
100 -18.266320649416848
101 50.54071482358895
102 -8.821337862134923
103 0.595410850062641
104 -7.954565285655787
105 -26.110942595473688
106 -35.67075350136572
107 -22.41439805260924
108 -35.21885916922981
109 10.048816450944976
110 -19.815950526088866
111 -14.45700847855078
112 15.518748869779696
113 13.324037988294688
114 -1.9495704802100415
115 5.4887775382331485
116 -6.293575868804581
117 -17.211252840838178
118 7.299102693641759
119 17.44667056782996
120 -5.5900111066870855
121 65.3482409459775
122 -24.732269851143766
123 36.499842828537034
124 -7.682987209832874
125 13.33097829307675
126 0.39326534498016474
127 0.0
