0 0.0
1 -4.99129070170463
2 17.622826049458332
3 -30.516548713257663
4 34.45051506225084
5 -33.284366786706016
6 16.640209363912685
7 14.239946501623448
8 -33.98529544033174
9 40.02031160091631
10 -4.5409391873781955
11 -51.158854667987505
12 -6.212323242307893
13 -29.584361470707357
14 -48.72694854917629
15 11.2196338173925
16 -67.42531525747005
17 -23.73507995491287
18 -29.060779236818412
19 -51.09065957138763
20 -20.34919808175916
21 -79.85532107035826
22 -52.10607018095463
23 -19.307585558312923
24 -46.913788081846015
25 -23.760176443881594
26 -35.649816570370206
27 6.051087963608802
28 -30.610077714418352
29 28.898376773193004
30 -29.168818841762125
31 1.8579499502467374
32 -24.892004609441518
33 13.229017757091814
34 -31.330234121570577
35 -73.43877159342375
36 47.09246001401663
37 -99.75716008830722
38 95.01400610782724
39 -35.139025366658295
40 51.88754008471851
41 23.9480088864245
42 -8.720378572814399
43 29.531984435767296
44 25.246120938548597
45 20.76202649337055
46 12.696209686680877
47 53.00526208227857
48 -17.12579027538994
49 25.304258078334605
50 -7.655611648140826
51 28.60303342041757
52 -14.533653398306633
53 25.586266942649143
54 12.084588384690525
55 57.43652945942512
56 -29.816486112280707
57 44.51554106245633
58 -41.65381061758618
59 55.48167183329059
60 -25.03338944746699
61 18.846284934860428
62 -37.27705631171902
63 28.30974065123939
64 -21.11407315511985
65 -23.14628107736448
66 42.00108010273407
67 -13.18834601246312
68 18.955625416720657
69 -46.90840674196691
70 11.236254811603333
71 -63.787939235023956
72 8.410238107313099
73 -46.8676911729185
74 0.9303591369174334
75 -33.472235818668196
76 35.98358652224829
77 -34.98222687364964
78 29.202788991984974
79 -2.1771294775061305
80 7.528129833017111
81 14.651287190419367
82 7.830606292171674
83 -0.7687591212475173
84 9.378197969293907
85 21.350175943553804
86 -2.6608401026628155
87 33.04358272603064
88 -38.61322780630292
89 26.114364551790885
90 -26.66219991081748
91 28.61375133263243
92 -44.30290410162599
93 -24.64501654372426
94 34.70143895118039
95 -41.52641074123363
96 11.843373731657575
97 28.254070466430665
98 -1.7158518376278953
99 11.099741342536426
100 22.958788084470527
101 -39.44470188176364
102 28.226415958137267
103 -38.734082656641256
104 -16.013725477828434
105 -52.316781989883495
106 15.259633390052361
107 -60.271439438930365
108 4.3785118308033635
109 -10.234384151424237
110 -48.78931880219545
111 56.60566575768868
112 -55.50816584660652
113 20.008425840468064
114 -7.070498307711284
115 6.560362849576641
116 -39.058844744299144
117 79.90680745835535
118 -47.71610672629917
119 90.81635546277029
120 -2.901750493235976
121 46.469719348006315
122 -26.694789542630527
123 52.687764662629874
124 -9.374840713738228
125 15.104996443730204
126 0.639314905276093
127 0.0
