0 0.0
1 -5.4640747706476365
2 15.626210123296996
3 -22.72962033772615
4 21.451770756155117
5 -31.402754597929217
6 -14.81839648499041
7 -8.435703922736963
8 -51.0182338472009
9 -17.705585857391995
10 -83.63886690057643
11 10.335291573379948
12 -47.66637956340663
13 -25.985342212987337
14 35.77029415715263
15 -16.16193445602793
16 42.74038511384586
17 -58.96738880621231
18 68.87241257843704
19 -81.43003682929417
20 28.338719074302574
21 5.46393309379694
22 -20.145335151494777
23 -4.026925113187673
24 2.659724413014935
25 -16.527501686452528
26 -43.4630010128322
27 32.023210318440796
28 -48.874289775643334
29 70.88053971813741
30 -18.175524755378493
31 3.5590089652029238
32 -1.3465278804694087
33 38.13896406176292
34 -25.74961023625574
35 11.770902063823058
36 45.400156720049324
37 -15.120543362740506
38 59.58718101219494
39 -57.310986808926835
40 35.653146456139744
41 -3.1751756459848526
42 28.413028194903408
43 -34.588593201934295
44 15.957614717823791
45 7.6272819056024845
46 -11.539205710833148
47 65.65268532152737
48 -51.84876528260319
49 32.53750780934669
50 14.987947750370598
51 -21.54883588663085
52 18.281434378410793
53 -10.13453110362337
54 -4.459104983643002
55 17.72981594449186
56 -13.48860343705749
57 10.911577817886009
58 -12.672257800024253
59 -26.782541101199158
60 -6.452857533196361
61 -7.026071386942777
62 -12.748150413651151
63 40.46424042046551
64 -54.17572955973507
65 28.03936702200702
66 -51.41874387577887
67 53.4859513064673
68 -38.20245055930034
69 -22.391595202824064
70 -11.248407607694254
71 -66.01594784062334
72 23.30446104917553
73 -108.20780001890978
74 68.52448737627573
75 -65.2718656133382
76 61.68262447883571
77 44.20207384725688
78 -0.7324826535383424
79 74.6886350328229
80 -20.27836887978694
81 9.87400528305641
82 -4.761796127470158
83 26.62020800590257
84 27.511727750333932
85 11.199299946488596
86 38.45979723893132
87 11.10911046882711
88 -30.85135943474423
89 25.594734948040937
90 -7.0935017487437655
91 -24.11253107128013
92 52.77310069920446
93 5.306468595361091
94 8.833028253432955
95 21.005173367560523
96 -44.27252067525335
97 -6.351034335739284
98 -9.13303322344678
99 -50.731707799035576
100 -1.4567638741090359
101 -80.76222486818493
102 51.56186289563097
103 -47.946329560686856
104 -3.3855883849942368
105 21.036492101886555
106 -46.77437561366131
107 -36.615733077293875
108 -34.67532162359533
109 -27.245459190359576
110 -19.566138332783996
111 5.742615061998355
112 12.827669913768455
113 29.365046010215327
114 -50.99149837139159
115 20.801717318012642
116 -33.606407673721804
117 39.50721932383703
118 -47.420882573748536
119 76.9023171532077
120 -40.753502518249746
121 67.23994626820452
122 -36.00036456604211
123 46.73101507187799
124 -16.27103963326527
125 15.329666543296286
126 -0.7052349396922108
127 0.0
