0 0.0
1 -5.056216594244975
2 9.616832821412263
3 -26.68989144333737
4 12.106947525081067
5 -55.09587160170238
6 -9.609970306852116
7 -52.36774401570414
8 -47.34041332243819
9 -26.048643818692376
10 -26.51520450649031
11 -93.9082055315994
12 -29.720491921343466
13 -26.48164560275051
14 -57.16583297872196
15 36.701145191480265
16 -53.53080888053396
17 88.1893642417105
18 -63.78129071044044
19 49.282039069391445
20 -5.424766279517156
21 34.739545595353526
22 5.532537399805068
23 45.52171613785997
24 8.6356172617149
25 18.825516208410637
26 -12.343324159817712
27 49.631943966633855
28 -61.57536451073575
29 26.896318586509302
30 -48.92141079852395
31 -14.940512187406494
32 27.90159857916065
33 -80.08624945069609
34 37.84922413582706
35 -46.488826146964655
36 18.5331461489125
37 -31.556971549436547
38 19.657299387512822
39 -50.02828256039197
40 40.33293584480411
41 -74.27842038403548
42 51.79061675129221
43 1.7437575719195508
44 -0.4294630101257976
45 25.729966314945734
46 -30.694136277818785
47 45.697410045181506
48 -48.23554562281097
49 19.64600046483666
50 -40.99175151023225
51 9.183803668389624
52 -8.529321533747465
53 -25.73863976993927
54 17.477698271789805
55 24.57486000645391
56 34.37712571919348
57 4.143483041925029
58 -25.055270528708363
59 23.231053137287653
60 -65.32579924075516
61 -3.754827563993874
62 -53.49888996525678
63 -3.1341354904230903
64 10.475830364447818
65 -32.00945482406902
66 17.24054691832484
67 -20.375260396357774
68 22.074677582716845
69 3.5229850439632577
70 29.82519689328713
71 -0.1719416454243491
72 -1.8118400636437744
73 6.459086491733808
74 12.189851483362537
75 -4.1894937866207895
76 37.98488949757654
77 -33.04704956718111
78 9.451719376399797
79 17.54162626712327
80 -29.72940573579823
81 67.3983176885836
82 -8.904338583307453
83 45.80740279335725
84 -5.6693211495050475
85 42.306991068612994
86 4.485027321888585
87 -14.172668093772874
88 2.0156520218323544
89 -39.874049036489545
90 0.18533217419246922
91 -31.89059104924417
92 -20.612983928616238
93 2.598789621485764
94 -2.5245164067577295
95 -0.2624691975368682
96 20.018116806665045
97 -16.346435447533633
98 56.76956323633454
99 -27.266989224542552
100 -9.560355798871266
101 -16.331945062029146
102 -27.761703523972905
103 7.9503189695775305
104 6.932973519326282
105 -17.440293702627294
106 11.712683257110175
107 36.27395415196294
108 -44.09847942214058
109 54.53904150664654
110 -27.12885679217051
111 31.52423080501514
112 4.261265285248222
113 29.466951132891424
114 -12.380844406954111
115 -26.247575614783266
116 41.81747388631141
117 1.240248472617647
118 4.926387706148702
119 68.65992965617191
120 -43.84249855530547
121 72.1892198206129
122 -20.403640069457037
123 31.84455742068987
124 2.841468914793664
125 9.996445161892442
126 0.5781773348825582
127 0.0
