0 0.0
1 -3.948773482435447
2 7.9662506277626814
3 -14.469865760178786
4 -11.146197632344538
5 -14.281486935703992
6 -63.19539142574193
7 5.713168156864003
8 -84.36529938736584
9 -14.529324126178706
10 -80.92215984012304
11 6.516179897656199
12 -58.90337501052153
13 -50.372136973433925
14 20.00357803544117
15 -6.641547774155525
16 -22.486817450726225
17 -11.055418572214275
18 16.624677354171226
19 -48.09717400793589
20 16.64248997944187
21 -35.76229226447296
22 41.728398472362095
23 -25.197574875182237
24 30.758602380174324
25 -33.09324690072262
26 24.02378988886301
27 22.337857586346473
28 -18.93286896807493
29 52.43263926933107
30 -18.2709348400764
31 56.25124607338175
32 -17.081554129998185
33 19.0178939644389
34 17.613226220179516
35 3.084814748333859
36 -31.915826832999638
37 22.54231841221124
38 -50.04253732235034
39 53.774858843047774
40 -42.189001655094536
41 5.9058233491032155
42 -20.16415350232123
43 -30.58517034602403
44 57.195763692665935
45 -29.82749073307987
46 72.67704748600148
47 -20.459869720662443
48 59.44702592798914
49 -23.836025438860936
50 45.08414316998114
51 0.19890052695037383
52 41.179337349844445
53 2.85560822445863
54 -20.088693934989973
55 36.79877416520437
56 -54.72296857680031
57 -20.358993343539947
58 -22.35083073537049
59 -59.31130474551907
60 -29.356420980319488
61 -34.299327117638136
62 28.27556207954135
63 -10.74056895608142
64 -12.943565728380282
65 18.798105076785763
66 -64.0693779356253
67 85.15325612776024
68 -35.26792176386527
69 64.56432906091592
70 -24.08689530721684
71 49.69112245701468
72 -39.716936247935486
73 51.86409199461674
74 -33.6985428343768
75 5.76330258583032
76 29.236624856056544
77 -40.8638981558712
78 19.336534850656726
79 -32.57726666076562
80 79.45826027687421
81 -79.18147193161205
82 38.69340603575614
83 -45.84145420025569
84 -9.587217559517654
85 -15.576044651734785
86 -12.32066191048673
87 -55.50061799786961
88 -65.19743896691183
89 5.985211869894462
90 -6.337655408955117
91 -11.973172085162036
92 19.728219246813943
93 3.314587893681659
94 0.6205069531030958
95 8.784533434797071
96 22.929132369164087
97 -20.731918178965763
98 -11.338602124984885
99 -34.92756351646759
100 -15.855789260383837
101 14.864543085239983
102 -70.49291211778494
103 41.20919999827693
104 -30.68588397200562
105 49.480359859800444
106 -4.397007584254946
107 62.29569793041041
108 7.833912501272479
109 -26.38386678118425
110 55.93670752469897
111 -41.932627266884474
112 20.713748827226848
113 -8.622086025778462
114 -26.250304628475416
115 30.72077329325207
116 -40.9537797500249
117 80.40686082826707
118 -35.274483668098696
119 28.93943767453908
120 35.385102917662046
121 -5.248766468477978
122 49.79219266748117
123 11.01658572628309
124 6.721441236943182
125 10.184401659537622
126 0.43750080636022304
127 0.0
