0 0.0
1 -4.472796585141947
2 6.042440670189589
3 -15.789207276548241
4 -13.760496183638514
5 -11.713713081798812
6 -27.420029325965682
7 -3.0722673709560793
8 -68.9189251944863
9 25.304823388486984
10 -34.316086021730605
11 -49.930255323773515
12 13.789691046414719
13 -71.79497948761015
14 52.998432373942684
15 -26.893693129765733
16 61.59790310248069
17 -6.795165686089426
18 58.599101452474855
19 8.763131554672889
20 45.24261461957938
21 -20.34216311573481
22 52.04371645077166
23 -5.001356757547068
24 -1.9211629945952506
25 4.468390242988348
26 -26.3578027346813
27 -26.902775899857048
28 -24.68404651469094
29 16.66078023714613
30 -88.99515438201189
31 93.62492874214958
32 -79.64892043226395
33 77.22901927454286
34 -42.55229649039691
35 60.031034957766195
36 5.22915597626216
37 28.073566232307847
38 13.875501077825339
39 3.0756373409784064
40 19.480871557124242
41 -29.73527536521385
42 17.889507779334945
43 -63.693750441780935
44 7.675337099687699
45 -19.314666641100683
46 -27.351228763945002
47 -16.313973942996245
48 -8.224675776017339
49 -29.970550313664496
50 -15.5380795660941
51 23.884149569032395
52 -22.48735678669557
53 -25.68676553718823
54 29.554908038585296
55 -32.77307818980771
56 47.63341730095543
57 -31.399621863997158
58 59.5197651249838
59 -12.518656344214712
60 -22.21480091887777
61 42.681190769502535
62 15.033686940084761
63 11.433640981362506
64 12.607116370283103
65 9.697555093585514
66 -7.741364990541675
67 6.822006052249452
68 -11.830105162720892
69 -37.42753227561839
70 -7.703752755072424
71 -11.423053197874184
72 -20.52377329300335
73 -0.3653911145540926
74 -13.789369395604034
75 -2.3818064084551844
76 -47.849548072204556
77 57.913277952052375
78 -31.702344347070387
79 21.712345486023395
80 4.359413682318136
81 -28.985777746344652
82 30.947801454370495
83 -8.626065256553382
84 4.30914290616547
85 28.56267067495198
86 -29.879235855253306
87 34.198245619316026
88 -38.80595480199693
89 40.41815847491055
90 -31.900258782903443
91 60.114009711205235
92 -66.99425567233325
93 41.190546114836366
94 -12.0357752143556
95 -8.147942852417382
96 69.35834137863083
97 -93.79531370341053
98 77.76990965410832
99 -83.77256446216434
100 62.59809728432339
101 -45.27137834538113
102 30.505564429258467
103 -17.224106376294692
104 -8.870656866838146
105 -46.70567514495907
106 22.355175147999336
107 3.2662249051446093
108 -46.03724359578666
109 32.82255773356439
110 -37.450981402189406
111 4.245668096342345
112 -24.046142084470727
113 30.12722954862007
114 4.374997525070675
115 0.6290188599386473
116 0.9112480008774961
117 -11.487378168730638
118 2.264606390383209
119 28.24509656733452
120 -19.92983984793968
121 44.999025672050934
122 -29.253278884126672
123 35.28310075454763
124 -9.244471752556333
125 14.212025977369505
126 0.0002490726981619304
127 0.0
