0 0.0
1 -5.061782315240811
2 12.840105831133357
3 -22.20636033600295
4 14.79589721403733
5 -26.418484185431545
6 12.443648704839841
7 -27.95322343271958
8 -30.277615510541004
9 -12.085272285706486
10 -1.8635658687167886
11 -7.80082489827354
12 2.300153063213976
13 -4.387062564186042
14 -14.018393678616604
15 0.6870052984791183
16 -39.21300746629994
17 -17.74509188866767
18 -39.64254535322387
19 -21.740014051807158
20 -32.67449719050185
21 -10.03987928271694
22 -25.200308882488468
23 31.348516856300783
24 -16.03253541292812
25 42.07752275098259
26 -44.75839641183906
27 51.75799834858359
28 -20.606019750868118
29 -8.98098906114453
30 -4.86887303125288
31 -10.973978295118414
32 -24.24097746655958
33 -18.904595683847358
34 -6.66148904324798
35 16.48945238663402
36 6.454386757471281
37 1.4637382535784957
38 48.10938173217724
39 -43.70531346701934
40 61.30281267044488
41 -41.46670866536165
42 9.2038293370412
43 18.486854188256217
44 19.49240596189083
45 41.8086075896203
46 -29.277420565621664
47 41.02584892412464
48 -7.026454169259406
49 -2.6772034761192396
50 1.1523478845117712
51 18.92747058703664
52 -10.10136366713105
53 15.07940009670058
54 -44.959993264482655
55 -9.276182687953895
56 -58.32216147549063
57 1.5692546114407282
58 -20.37052738986614
59 -29.236783481453937
60 -9.764741442198225
61 -69.14530640535834
62 -4.565301070759153
63 -51.352149784909884
64 -10.51221513584154
65 15.082176633446068
66 -16.62411002905029
67 30.384970423860583
68 17.187900284912544
69 -6.84598685425355
70 24.992271036150736
71 -25.83663665066599
72 11.789912489660253
73 -19.726127266767072
74 3.9420633876603035
75 -27.466355246179248
76 56.26811521154466
77 -14.533370702812114
78 40.576954574126866
79 28.699839853861622
80 31.968776715891227
81 35.69205805983508
82 27.699173115212457
83 82.16355208308352
84 -18.74172839775005
85 71.66588991075493
86 46.467487172519
87 3.480673814593321
88 25.615496685103317
89 11.007062883962458
90 -24.9276663973352
91 24.5907331516105
92 -50.01440015285928
93 30.904033665227743
94 -22.421864341925932
95 7.068293752256853
96 10.074054322257426
97 -49.427199679032874
98 56.527329628227044
99 -115.26601962394126
100 12.18321594028248
101 0.1734564353057491
102 -85.26186107548808
103 62.538585730081095
104 -17.23973668343572
105 27.067277432937434
106 -15.504624946475612
107 26.86308244033078
108 -32.47290995151332
109 14.489625518472069
110 33.59155681795515
111 32.15057378367396
112 32.78169578912076
113 32.95008592177415
114 14.231258484299428
115 7.24128618026092
116 29.448121540850003
117 -88.18297694207247
118 17.52883647812548
119 -8.789782150086067
120 -49.75427754264126
121 7.325240232158974
122 -44.02628112081213
123 33.22983222524253
124 -19.628829850043555
125 12.37592751249049
126 -0.5939189589888043
127 0.0
