0 0.0
1 -4.089975537953421
2 6.530326534863524
3 -16.000660213773642
4 -0.42728959130588945
5 -31.927418503859865
6 8.943621605543168
7 -90.08621952079307
8 38.956774884403984
9 -113.87818091196876
10 44.49710203032275
11 -47.08056908954497
12 27.165497802463122
13 17.853992903889004
14 23.32208943479553
15 -2.4748152083469295
16 -14.93220642548195
17 31.202139787794856
18 -58.411950508661064
19 48.183709338963226
20 -46.43590108892849
21 55.85177222061014
22 -78.3945728303092
23 61.170843297914196
24 -76.81997796136893
25 23.57001948990021
26 8.831327595423648
27 -29.706064587469182
28 16.948291641667655
29 6.109021951516375
30 44.26087396150883
31 -75.11132597179214
32 69.59678681472263
33 -22.311388220903858
34 -4.9490653607105495
35 26.81757461141325
36 10.470209695062469
37 54.193197193268674
38 0.06038400236337284
39 -4.296539153125407
40 48.35893128435057
41 -10.025094229666026
42 1.7627469459382417
43 -12.878775816342838
44 16.98648641028362
45 4.168440978851111
46 -7.9275390957975365
47 29.69754872911587
48 0.8434619582726454
49 -20.30854873726415
50 -10.366755301449217
51 2.3302090268094426
52 -7.235210921203709
53 -31.95807511766998
54 -26.198311989920352
55 -18.372743222970527
56 -17.131081272814114
57 10.498663217417045
58 -24.32458348362545
59 37.008827409557945
60 -25.148492079941416
61 45.9947650913371
62 10.063248514548873
63 4.948416482874492
64 53.77021801577738
65 13.910883514670793
66 -0.2544147936033155
67 27.846175660002086
68 -32.41420734178607
69 -14.42938664852593
70 -0.10248341679863403
71 -23.974380104235347
72 11.46596703720891
73 -18.1719292774531
74 -47.13191069338032
75 6.5529525640863655
76 -32.72130416290041
77 -7.085693974686086
78 33.757208906519885
79 -15.36520434631109
80 32.563721437255936
81 -28.36983041854319
82 -10.019635617176798
83 40.357813480164126
84 -42.98085545632373
85 66.92489583707523
86 -29.91474923635079
87 31.02402556296756
88 47.03011032971846
89 -54.07998600844531
90 56.13283183661013
91 -39.10376631909339
92 27.703371632710276
93 -28.76605955510383
94 7.873895630222006
95 -6.073197971332379
96 -25.638065054329708
97 -2.393129559514627
98 -30.515688180359945
99 9.026129091269356
100 -57.197539716717486
101 45.182321288162
102 -48.893205235632365
103 -9.386896981491189
104 29.403374651034373
105 -23.234235582804665
106 19.884170545942087
107 -34.74357949546847
108 -33.74131683595518
109 -5.871102213814761
110 -3.0553928423594257
111 -84.5346211234498
112 84.1421353515213
113 -84.40102077118335
114 50.98637661623099
115 15.255122853260056
116 -9.657379817761715
117 77.01973175276088
118 -51.25689102331463
119 105.66168427174598
120 -67.67441221362351
121 65.54720861749402
122 -47.53707278979218
123 32.30780079306154
124 -10.470707672825672
125 9.723932218668766
126 -0.16645885382742237
127 0.0
