0 0.0
1 -5.1403440310590005
2 13.368237440912822
3 -24.445855431304864
4 16.357836715675116
5 -4.3649002930389
6 -42.70883782624771
7 19.469311798097692
8 -18.966412457781008
9 3.564263410597873
10 -60.494327474598386
11 25.82840615599803
12 -102.78674516110321
13 35.35686251446948
14 -53.06671308940325
15 -17.136315684980943
16 -8.711458461514178
17 -25.006906550040853
18 -10.893350094113671
19 -12.611103239406448
20 -7.48689375493621
21 -41.19890345088545
22 47.99993218778881
23 -52.21619273171344
24 75.07936087899134
25 -16.13998880200864
26 42.80042968968562
27 -7.7100638457320585
28 31.651733065666207
29 4.392917423498616
30 27.495913683168343
31 47.051874314070055
32 -14.046351057225266
33 56.08641754273671
34 -49.60538805108884
35 25.135154790076886
36 -40.84830190590422
37 -34.25593687488153
38 -25.50500359243009
39 -7.053150717363025
40 -40.24647539978272
41 -10.274036360601954
42 4.445968421664492
43 -42.58879422101986
44 -12.170907438601514
45 23.379758747110145
46 -57.63518673610903
47 -11.500007956386442
48 -1.9888546918885128
49 -16.087253500026677
50 -5.830901745430165
51 4.386296226172413
52 -51.01677068087067
53 44.22471488967249
54 -67.70126508592058
55 33.472122446192394
56 -3.399961076078006
57 -22.134372967918612
58 42.234799497144216
59 -32.84170986423324
60 57.960778186723644
61 -34.81060055611467
62 50.18872379082419
63 -28.364983602261585
64 22.275434182670043
65 -12.425179637842787
66 -7.212351600325665
67 4.149273735946645
68 4.9212535169399745
69 9.606607805375024
70 5.938026225873583
71 33.79491129174349
72 -17.58498462181151
73 12.186961773905537
74 33.313166356239364
75 -37.64545372556935
76 44.6859798163342
77 -13.88829268005887
78 -1.7427329326239132
79 54.804513656958974
80 -9.694969104100432
81 32.03086482995397
82 21.575347282162944
83 32.901489392419265
84 12.910353197553901
85 17.645850326671837
86 -0.30056044419485584
87 3.38621241241482
88 0.31497844331521524
89 31.92383536064964
90 -44.323851172871024
91 23.029468992554595
92 -75.94619499528636
93 13.299869115035735
94 -45.172687466807105
95 -10.893766745925433
96 36.31271039173578
97 -72.35440821374375
98 55.43762009938197
99 -69.15146093105355
100 -0.23842234372059964
101 -45.16950048072103
102 4.215945851579392
103 -43.82524433556578
104 -16.90422036434693
105 -12.550165265656046
106 33.705735653060565
107 -19.86375684961404
108 17.462221109152285
109 -10.854749683155664
110 23.253379077255303
111 50.395346401747766
112 -61.235705316094155
113 66.20171811342723
114 -52.44948810125022
115 4.681125786243584
116 -29.581246579363174
117 6.026520393330797
118 -37.75318939611061
119 41.97963309208977
120 -36.710854803778076
121 16.565653575645513
122 10.369644704397272
123 24.269256413658166
124 -1.9227235653389534
125 15.029959290051359
126 0.2730614733876566
127 0.0
