0 0.0
1 -4.953660875112155
2 12.721782022900893
3 -25.634793280922953
4 6.611183606221388
5 -19.02619455368757
6 -25.38194819809433
7 -25.966739589005726
8 -9.11461322027849
9 -39.133380842702415
10 -6.447342496307684
11 2.481169791667845
12 -82.6284669526669
13 39.18713396591731
14 -90.99056810966498
15 17.730793413992988
16 -13.839214097748028
17 -44.11871040573569
18 -6.549509325207107
19 -1.9110647848852582
20 -55.24521252335876
21 25.619241143392763
22 -30.190068390457416
23 -1.9808083795787021
24 24.191224335484375
25 -5.667184482402753
26 -14.853202704029444
27 67.6915323153467
28 4.746536764817555
29 12.401156949066397
30 35.52768728333502
31 12.986326025327902
32 6.087866794935013
33 -0.5051184354448564
34 25.182013111111747
35 -8.627064019223987
36 26.685134594498134
37 11.454923557641788
38 33.95221559470989
39 -1.9435466428236783
40 36.21025844957217
41 -39.20858713103631
42 56.17709834635656
43 -36.072524312472105
44 26.527134062494316
45 25.913094710265504
46 -31.866861140254723
47 30.681275172855738
48 -9.794609492474029
49 21.628963675590164
50 -30.88944515523094
51 9.843696503839153
52 -25.64596869233109
53 -13.201685531669678
54 -2.685710664599318
55 -24.16238002228532
56 13.11832436692504
57 -37.17155682440891
58 -3.029549801534122
59 -0.47173323487677543
60 -11.611118334946003
61 -1.2974874391735234
62 4.751458367335639
63 6.807415560370149
64 15.649180971109816
65 -25.531490052188275
66 53.69751528735495
67 -58.66496662216541
68 12.752663309934238
69 -14.684211595654629
70 7.185959696349573
71 -5.495551609239304
72 0.06654779160549334
73 -5.193435104541358
74 -24.410333665459113
75 -9.021911318719573
76 -28.412699386560533
77 -0.34947377589445816
78 -6.408227730866644
79 -23.95694754083399
80 -4.737868399750281
81 2.469327804542699
82 -53.047761260995124
83 42.96144186180233
84 -26.217427819871073
85 73.78165787603291
86 -13.7463623303264
87 94.95683844930507
88 -54.44074135515886
89 77.28184126644202
90 -32.33181705561247
91 45.65530712404954
92 30.378362759820885
93 -64.48526440829808
94 57.95175715110956
95 -96.9038188931405
96 13.916283752744443
97 -6.808921832519157
98 4.483014066108862
99 1.4524893457962373
100 39.49467843635711
101 45.108469430005535
102 3.3698538166804908
103 21.11233324405993
104 36.63704428995732
105 -48.173586487971
106 41.647747669933736
107 -45.42441717510012
108 22.45670747179909
109 -19.378990018979607
110 -13.788378540454868
111 -30.96398765667774
112 -19.20764289602741
113 -24.280530911311885
114 -57.567336684206175
115 47.38100154958353
116 -120.22194202816938
117 87.41338580617926
118 -76.65809046855327
119 42.78229531499425
120 -28.978191923762992
121 48.664590906111314
122 -14.213278841196999
123 34.73517832382851
124 -3.3986853027553057
125 5.230368766599691
126 1.0978899941891562
127 0.0
