0 0.0
1 -4.298841406132736
2 11.25519986167776
3 -24.728727288610386
4 2.719113552788331
5 1.2063667274097436
6 -26.822529232807785
7 -9.569026406506593
8 -12.800238003691641
9 44.22186266700293
10 -57.27491083102299
11 41.70224230359593
12 -3.6737716974928354
13 -70.1569098856103
14 -8.074212135443359
15 -8.430882396372674
16 -79.40964109815407
17 -9.890874552784103
18 -17.38876135352437
19 -33.32264907457529
20 -7.889402119736756
21 -40.230952272065245
22 -54.97356766923589
23 -25.22210532145239
24 -8.718587434995953
25 -74.90884143693863
26 16.37695621752679
27 -34.21308514336266
28 8.375040910881074
29 15.617758155278754
30 -57.51842169645047
31 93.64003416831225
32 -53.09889384953012
33 20.864689994785586
34 6.971360817587879
35 16.350536222205008
36 -27.351831656430907
37 4.649532478920893
38 -9.143367395248754
39 -26.522207722178457
40 3.3020268156240458
41 -4.203996282747485
42 -36.823695205956895
43 30.240433647627903
44 -18.061227179534338
45 14.115096570224004
46 19.98888929695208
47 11.990809574950964
48 62.068621064681984
49 -25.758333447012706
50 65.99219144412145
51 29.048229997561137
52 15.728006568496633
53 45.828240113538754
54 38.82286989084274
55 -37.079036699836315
56 22.425838064486616
57 -49.79825637459021
58 -6.222983034502024
59 -6.648581543467127
60 -22.703171893801883
61 35.233615902024255
62 -59.55932811158465
63 77.48014458562132
64 10.341533782962165
65 25.069325402758544
66 66.12478964726978
67 -40.928172181610236
68 35.82719001682686
69 11.385635197012038
70 -21.12010161680573
71 19.613639746609312
72 -56.940654980706405
73 2.355931195923052
74 -10.897536986194165
75 -41.32454090438156
76 8.696155342437319
77 -56.61992365373232
78 4.045327376732586
79 -32.12098105290961
80 -9.104717617322818
81 -32.298648710299446
82 -24.252389469110312
83 22.788014700732667
84 9.6052525584292
85 -5.417471963607632
86 20.515104608405906
87 -46.838730268918816
88 45.01147346294956
89 -0.7575736800091943
90 -12.8080962349616
91 22.412898997891578
92 -39.61994879557257
93 41.48555083949943
94 -52.46299101883286
95 19.841024954876623
96 -73.164173935157
97 48.75469925430019
98 -47.48932725019028
99 13.024423728297664
100 30.438506951402726
101 -27.672794871453704
102 20.12560912149995
103 -22.332457817205785
104 -27.616791819682525
105 15.618493956722606
106 -73.34345657955643
107 -2.638349308044572
108 7.3886267983630445
109 -69.5302351733857
110 26.86941596808022
111 -17.434577909893843
112 10.330848044290821
113 -7.498075239007116
114 32.039905187194655
115 65.66925860992056
116 11.77999094910627
117 67.96577252745116
118 -4.114089414130798
119 34.69674826133689
120 -2.4133382387888824
121 37.62919313266273
122 -27.359334757443502
123 40.856577264048084
124 -0.31500782321122095
125 6.108923887346602
126 2.7675472657784064
127 0.0
