0 0.0
1 -5.094620525005004
2 13.279433841683701
3 -17.59931353250595
4 14.886791769514037
5 -44.924168849552125
6 14.276402867113806
7 -39.893682690719736
8 -3.867728437753309
9 -4.502656614713877
10 -14.159549464208279
11 14.12456704380957
12 -13.782138131048823
13 28.48772002240191
14 -29.780749086701018
15 0.8811861516403499
16 -7.462619140702823
17 5.799200404998727
18 -0.579468046774046
19 -29.58555300644748
20 -23.5387962092146
21 9.862288433098879
22 -65.11487708944408
23 36.13068201481826
24 -82.57465211237387
25 55.08488676427182
26 -50.93750763012213
27 27.066919508149592
28 -50.588519649642244
29 -35.964345314087616
30 8.709949898790835
31 -42.00384261626729
32 47.34880436600627
33 -79.20315899212079
34 59.96046052491075
35 -56.976326427239044
36 26.912731170373032
37 -8.102015252887448
38 -21.65599066745677
39 -11.150128198327224
40 12.995791990796866
41 -17.85385127053017
42 -34.37734989092389
43 41.521981376529226
44 -36.09464963986011
45 7.3042843452127135
46 -18.988820651901282
47 61.62114134056348
48 -66.38502164416035
49 60.948720543497544
50 0.20712949256918023
51 -7.5292173568818255
52 49.103251898651514
53 -24.562030758850863
54 7.783691294882799
55 -22.071269653501428
56 4.8252905670821535
57 10.256186111371397
58 -41.261377296552034
59 33.00514278298938
60 -54.73053702558908
61 34.246042344448384
62 32.356477934150874
63 -34.17814865126027
64 50.981970892233996
65 -36.87103945030021
66 35.786476451170046
67 -64.0294656458816
68 32.7038253453857
69 -34.6726399959635
70 19.5381082630503
71 -64.13706955825361
72 27.042611220947347
73 21.5881358516019
74 -45.25662871521183
75 53.149687043850285
76 -12.119978318274018
77 56.15849126246759
78 -19.76102356506772
79 2.043683569111967
80 -35.18398189771744
81 -13.494432414296961
82 -19.24270539389985
83 28.28837523884596
84 -53.355589704983835
85 102.77125483798196
86 -16.65124331946472
87 72.25901654748564
88 21.60973888511118
89 -35.90544309305222
90 88.91281900939677
91 -67.54029031275961
92 -24.20298569904569
93 -36.98527146917802
94 -27.16675803803556
95 -67.68726725842782
96 -25.62243235589345
97 -36.994279990494064
98 -24.667316611364527
99 -52.20905022124925
100 19.004251284921008
101 -50.661268443420354
102 8.4958082016816
103 -22.638636966127063
104 -21.041996379949413
105 -10.419798120277532
106 4.797143542965343
107 3.6868441177696014
108 -21.982788939646085
109 17.901038593254498
110 34.258396554220646
111 26.534256711472576
112 -17.30123677021681
113 86.813388544576
114 -50.47354244976594
115 65.09893102067144
116 -7.967075019583022
117 12.25922065680618
118 19.478593381395857
119 26.264019201808555
120 -15.645565059532647
121 55.81503856394397
122 -8.947505748770144
123 39.88711637507238
124 -6.781198564305633
125 12.525460705496528
126 0.5080971683101384
127 0.0
