0 0.0
1 -5.42574503069118
2 14.990317644576528
3 -29.54093430330109
4 2.3870962600008645
5 -65.44166487830734
6 -31.747412543424566
7 -29.218874669886095
8 -89.99708088298759
9 7.545890416017817
10 -49.68448549399697
11 -23.44322876957717
12 13.692890408367687
13 -38.45791968057468
14 13.66072102860889
15 35.82972452755421
16 -11.463797463952009
17 34.96486461810215
18 -0.6441530629849778
19 39.312649513943875
20 -29.254576987845507
21 41.959774828255405
22 6.9026395350900325
23 10.485499123103583
24 -8.716944551759749
25 -19.478293636369436
26 -12.131561580065005
27 -40.63037143530219
28 -18.17156601487546
29 -18.175693087180257
30 -14.561417053872413
31 -14.868510940317721
32 -14.591795153064615
33 -16.104812034736604
34 -7.322760978765342
35 40.87580902997047
36 -6.516628498928638
37 39.37420126668985
38 -17.58230728186436
39 61.261138459500145
40 15.818532895549595
41 2.755938517304534
42 46.37760739650954
43 -43.468169574817495
44 58.525853547657775
45 -42.19175957045075
46 15.083709391381785
47 28.27907848851727
48 7.946119183250419
49 32.68332657258011
50 -22.76664911235517
51 17.663113217725666
52 5.144109750775233
53 -26.917687448753327
54 -36.034419378954006
55 3.6009269590109905
56 -24.823026102479503
57 20.23164124711006
58 2.532499784563225
59 -2.313718150694023
60 6.08384517762812
61 11.217700964374119
62 -38.12990163898066
63 30.056784491902604
64 -7.337341453557611
65 -0.5550413146608967
66 -33.687552520710746
67 5.60189447833634
68 -3.1874108538487778
69 -51.1717139493117
70 19.89550437623177
71 -43.650584089041956
72 -21.26893563106687
73 -3.8106700623848813
74 -5.557118778966948
75 10.444266492528582
76 -38.023799534714485
77 19.651426356177762
78 10.856574504823122
79 -79.47041815607815
80 82.37748179049281
81 -66.03761386582687
82 47.78058851101852
83 -17.411818924550516
84 36.7035602479394
85 -68.26912269369323
86 40.18974150111838
87 -42.58150376334864
88 -9.34750599430021
89 1.3379868372047954
90 -12.582426769191246
91 45.868225591447334
92 -8.72503315513323
93 47.46533774444356
94 -12.724911276446615
95 31.94445136468767
96 0.30390482621055914
97 25.09272080128367
98 -7.110613572121886
99 -25.34165874533867
100 -0.0567479902637944
101 4.277947907340039
102 -36.21418923079589
103 18.964859401489367
104 -50.62175568956096
105 40.91638525026196
106 -29.621870931515677
107 30.589504178235643
108 -38.86403693851111
109 75.21305702688987
110 -85.92413016662562
111 91.42952032563105
112 -11.373683868422814
113 -3.632291265549972
114 55.029035235757036
115 -6.869414277107818
116 11.449910044416216
117 9.046464655325616
118 6.224648989376286
119 58.66311693100284
120 -47.26105948196517
121 40.184969287777896
122 -11.75618133779593
123 22.90873176866652
124 -3.6795787122328423
125 9.68076731226133
126 1.4991817641584624
127 0.0
