0 0.0
1 -4.00898832491334
2 13.605063336215993
3 -22.39350191069477
4 21.487185947732712
5 -41.79151990715908
6 17.69571394148508
7 -55.73564591949605
8 6.042134798457791
9 -109.6647007434927
10 25.546997900914132
11 -54.91657195300722
12 -31.929423822568992
13 -38.81069192308507
14 -32.91470661848046
15 -73.94283811486345
16 -39.023515613388966
17 6.3758722232763665
18 -80.79296068414376
19 88.29681451828354
20 -69.07263362958705
21 85.85422473573914
22 -56.86125902609821
23 76.02675791796409
24 -47.819133393130144
25 32.04141010410624
26 -36.26605879790084
27 10.228561794848337
28 16.237306506050395
29 -16.224084069476845
30 5.260276271452037
31 -0.5119323259497738
32 3.4770593249635047
33 -32.65448578807207
34 26.834322777789605
35 -29.109988733177683
36 34.015229926682785
37 -37.67142545341888
38 37.527327823208566
39 -23.68844480209873
40 8.55254861342368
41 7.731843828908807
42 -3.9979046489251657
43 -16.84510541510704
44 41.955259189629786
45 -5.097841998770715
46 12.142675716586835
47 66.72190461189571
48 1.7248150147711125
49 86.41686817936888
50 12.876800883239934
51 43.95626075583868
52 34.165157345193066
53 11.951227556016587
54 34.913509994705315
55 3.7557736721314843
56 14.998737650168774
57 -13.661910953676534
58 -24.94618413774761
59 -25.346096459527292
60 -14.765345118018784
61 -56.700314768037956
62 -30.663622698878726
63 -2.3078728361576513
64 -24.863549019981324
65 -15.955256744457186
66 -34.02522968860928
67 -19.07377751030638
68 19.45747919079558
69 -57.92250649477269
70 -9.605788586276496
71 9.51799689541925
72 6.740321192020172
73 -15.393013075271481
74 -14.037803766784858
75 52.03173256462296
76 -49.55129581999645
77 63.79417524335981
78 -34.999746708793744
79 31.571557274431328
80 35.99799069812727
81 -28.921621531115196
82 22.372712672186697
83 10.79606137577546
84 -30.728576881244432
85 9.44760199427539
86 -38.5034913040023
87 25.528694260629884
88 -25.541140148975806
89 34.73522392007934
90 -51.88549008900382
91 -46.94998904336174
92 67.14269194102593
93 -92.13036881337523
94 75.55625145018843
95 -39.616204135122594
96 42.737181584027226
97 -7.994033223810324
98 24.37560530289121
99 0.7507993295836589
100 13.210460846550713
101 -14.495247352955948
102 -10.656686678556147
103 13.193438631490885
104 -80.7178329034205
105 86.99705601304832
106 -80.21146625731677
107 65.72484023750299
108 11.118232795785747
109 4.6780287096823745
110 19.917639865495424
111 -15.17385640009067
112 11.642396098296782
113 10.778538748718047
114 41.16247721958276
115 -44.34719762949919
116 42.71810126000145
117 -26.919162637785124
118 1.1404808364097871
119 35.74506861241841
120 -63.79748024079495
121 81.5052525775717
122 -53.2609873756204
123 35.79228322495071
124 -9.90189731729918
125 10.849630517663373
126 -0.4578125469132253
127 0.0
