0 0.0
1 -3.8341546777568625
2 7.107869138513576
3 -13.72091456492238
4 0.2557332184026255
5 -29.880772932180516
6 -8.923939920391241
7 -31.656149022862614
8 -2.5426058498398736
9 -54.89807843463328
10 -2.1536248126963016
11 -20.87584280221077
12 -36.83667866189916
13 -8.276772976054119
14 -35.39778246239007
15 17.339050900944706
16 -38.78982906750576
17 -56.79400807853617
18 36.74541688618861
19 -33.448588815016244
20 -14.991754607939749
21 -5.386413229149728
22 4.676443580555046
23 6.455114299249541
24 -1.934239626245176
25 -5.6143438670838
26 9.67186621814815
27 -2.5602994559572467
28 -38.84572625858009
29 43.857895071280836
30 -34.39537043757902
31 11.641146630822849
32 -16.8288789618359
33 12.074395007230718
34 -1.0522102592807867
35 12.091618815859816
36 16.810550280694518
37 35.67700990645297
38 -1.1228237186193697
39 47.59830474333565
40 5.312188841109283
41 -16.82444778702695
42 38.592169108730076
43 -22.107589580519765
44 9.97813818811079
45 6.37384590949981
46 -26.609358175177324
47 -3.27795650398746
48 5.763932571404011
49 -16.81644114271158
50 -2.1386433297866545
51 -28.59581942298446
52 40.55728667701298
53 -61.446693794965874
54 42.827329454702564
55 45.5765173238332
56 33.90498504509245
57 17.662942381430838
58 25.292990579131104
59 35.3481909569162
60 33.50720660052002
61 18.605341543502366
62 50.76677098541163
63 -25.43801804558964
64 4.423036864678579
65 24.766963377590898
66 -12.452184389444831
67 18.407422725805336
68 -51.1215604700894
69 61.14544280081208
70 -40.234114540117396
71 59.598430677681264
72 -31.814666162456287
73 4.022648029921562
74 -2.1909640129405843
75 -34.746085709730025
76 -18.11676976524886
77 -8.886335696849628
78 -8.199307382936428
79 -9.886875499502464
80 -7.606674946943526
81 22.3383661465698
82 -39.3814990294969
83 -11.456923573633942
84 -14.77499228304141
85 -36.362359139921324
86 -13.922254506836785
87 -30.370568605141518
88 -5.162396104761355
89 -44.49883508780447
90 10.101254299338638
91 -20.342855437373153
92 16.085213412562524
93 -72.54335103352497
94 -2.3195835965827714
95 -54.95631358972234
96 -1.3819745516764015
97 -31.47131489776906
98 -22.987721904672913
99 -48.816558469878075
100 -0.807118795786821
101 -39.44530163302321
102 -17.62093350938916
103 0.18292204416116417
104 -33.53729228815815
105 15.631805815701492
106 -11.800157322420661
107 -21.996746518884
108 -31.382410917936397
109 22.332982909296828
110 -8.935334625838104
111 12.96866037958986
112 22.384914098332167
113 54.015617693001424
114 4.5857853312659165
115 37.36603390535421
116 25.396096625873692
117 28.634639254756973
118 -1.782387878107362
119 86.87235080874726
120 -46.231559781518115
121 74.19382981950875
122 -13.407895113125472
123 16.582857469777206
124 -2.22208035543501
125 12.565205350683266
126 0.18209482554735407
127 0.0
