0 0.0
1 -5.650542134920966
2 17.29080538684197
3 -24.29083423331618
4 21.563775112499457
5 -17.123934692903287
6 -2.573458429755446
7 -22.652065503494416
8 37.58332383991618
9 -27.623039866086668
10 20.47435269003049
11 -15.428242719587619
12 -26.69998231062587
13 2.842285249940948
14 -26.301373144266204
15 -3.456236028461195
16 -53.141087109389666
17 29.443188001621614
18 -22.158512687463162
19 -20.9972351033046
20 -4.745556151931247
21 -22.062828338641154
22 -42.2604206739172
23 13.898149972890216
24 -37.51565755274519
25 14.035995564221183
26 -52.50759182092298
27 66.97428186447624
28 -57.11240821608409
29 24.68562557584517
30 12.406088712392549
31 33.90935126488375
32 45.82750117979478
33 -8.464246019602022
34 49.069452596910686
35 -34.53731495377884
36 -4.784972137433555
37 -4.715315609856665
38 35.318342924627736
39 -62.003062764862655
40 50.55344983877861
41 -61.28053761144185
42 22.03405802816803
43 2.559477563381192
44 -13.54753837985867
45 20.91996575425799
46 0.6713632329986723
47 5.393700834067351
48 -15.461182780826212
49 12.923545689703998
50 -27.564759089603537
51 -14.92405338207598
52 -20.368887549482945
53 22.77357732693295
54 4.534614446555311
55 -0.9212722640736805
56 -9.16788289042134
57 52.24840956628115
58 -22.185128582297136
59 21.831429254654743
60 -2.453176399278051
61 7.009040767764815
62 6.238022975166787
63 -11.033794755593798
64 1.954206789585224
65 1.9846991828399465
66 3.7420524920369993
67 31.53753482396489
68 -28.17851792537847
69 19.117502701637136
70 7.49488116580885
71 -1.967685042586921
72 -11.409699672922866
73 -30.60787374050072
74 11.3936254736338
75 -56.23290593623219
76 20.411088466516706
77 -36.17194089079999
78 -3.4458120682838658
79 20.863964028236417
80 3.208845367644744
81 28.265531206018824
82 -37.67748823053501
83 12.457475316599313
84 -24.20438300154875
85 -0.8474202074805087
86 -46.58604481968278
87 37.84100247920668
88 -49.2390078645076
89 5.718952192855885
90 -20.712083002122075
91 -42.70034572810412
92 62.48767835422151
93 -73.76124538216934
94 21.789487472298752
95 -39.170844086551355
96 13.863892172892252
97 -18.37302599801864
98 6.721163723243033
99 -27.474753729169446
100 21.82726188195369
101 -34.01363748341792
102 18.628386441503693
103 -15.288508665716371
104 -5.80730663184535
105 1.274868222867688
106 -15.380341418934805
107 6.777426856485633
108 9.116714922523853
109 19.674890029477698
110 -20.34234272453843
111 -24.217185573923736
112 11.421268445408396
113 -15.157935636148796
114 18.376229280615835
115 36.557208693115015
116 -13.019210727971824
117 49.273759471011594
118 -69.79720414936814
119 97.79491679046453
120 -92.00127131100712
121 91.04304363223811
122 -55.50656974654198
123 46.831391767355576
124 -10.897920285600144
125 9.957826476842579
126 0.7597021006924699
127 0.0
