0 0.0
1 -3.976680073737053
2 14.933637154401222
3 -21.1985229240772
4 17.733327288996488
5 -23.626161264111296
6 -9.319625818410422
7 17.161450012167798
8 0.39991364900450554
9 -2.826073141642884
10 -46.830270557489285
11 54.379403624453936
12 -85.48687155996792
13 84.90439517001245
14 -84.82232663055838
15 33.724395720626326
16 -62.44150198571465
17 42.4139107108108
18 -25.019454713007864
19 19.949838924689026
20 17.28951606460579
21 -46.26499918480304
22 25.753971197218192
23 -46.23938658589716
24 -5.909052392028671
25 -30.09883226149897
26 6.463613893794191
27 -21.601815151554685
28 -25.569940108081372
29 4.582458086318638
30 -16.880010975132873
31 24.098679819071855
32 -16.510502181624915
33 38.339275808147065
34 -8.475387687257006
35 26.42418442190157
36 39.71658374972454
37 -10.369667986865894
38 65.19138798894025
39 -25.685435866548566
40 0.635066163226491
41 -7.293415450291502
42 13.31179717384243
43 -36.1408542832824
44 33.47204717754739
45 -59.638825207582876
46 55.36153120171898
47 -75.49313024503886
48 8.889132444537072
49 13.939535563713182
50 -68.5424188252685
51 69.51354755024698
52 -50.529927461925034
53 57.48526732029864
54 -39.25963050370293
55 18.422696934616187
56 -25.286158341810147
57 0.9135006437456294
58 -23.360358774569484
59 -41.20647345059789
60 72.45832643796702
61 -66.8182220624154
62 29.182400720900418
63 22.26552370966721
64 -8.171993137002861
65 -18.013835885261855
66 23.627253423898964
67 -9.948131426546148
68 -41.75248297322623
69 33.02686137230665
70 -15.022812127923324
71 14.727176645451005
72 36.55341766141029
73 13.520582167317825
74 8.578368824820027
75 -16.9077770155495
76 18.2679162534956
77 0.2803831488887525
78 -18.419477060476428
79 -5.891912124206367
80 -20.41393817414779
81 -9.109340628367582
82 -45.02602541036898
83 34.8191197589876
84 -23.685918535053506
85 -25.15834066277433
86 -2.971144215034042
87 12.41075064125675
88 -30.322211731451862
89 86.20703835025947
90 -54.972928617432224
91 65.87967903806064
92 -31.117070342209214
93 24.692876077260166
94 -10.129030597132253
95 -13.465528502353395
96 31.29704035232193
97 -56.45447650630895
98 63.20762181446001
99 -68.13440938169177
100 49.769149251211026
101 -36.374957702674266
102 32.19640107331089
103 -24.026391882060416
104 19.541382286812205
105 5.477258910796417
106 31.750646344769727
107 -94.23778450730457
108 -5.7911251566661175
109 -35.52444857548851
110 -110.04105058774988
111 29.816419173084434
112 -121.00218395692242
113 -0.9943652259890985
114 -101.66353896552268
115 50.00320406121448
116 -92.67438152846199
117 23.803678898579435
118 6.979385975983258
119 2.4081332551322743
120 5.270254940605195
121 15.945065709975031
122 30.49488599091604
123 14.123929666775307
124 16.127769782148725
125 10.886669110239522
126 1.0404271310720925
127 0.0
