0 0.0
1 -4.471408044063492
2 8.975128191098165
3 -14.452428473147325
4 -2.8518982552515735
5 -8.315084711560612
6 -3.3255885212383127
7 -22.305014576068125
8 -10.625870627897704
9 19.702221997789263
10 -1.2118072645473819
11 -24.18989240991651
12 79.14798359390906
13 -36.1753676828099
14 25.8979134356044
15 16.33207493193009
16 8.20875343874557
17 9.545360543773311
18 6.8232427673830145
19 9.847018331263236
20 -7.526828759674184
21 33.47045507306372
22 -19.090604613553666
23 19.43320979967974
24 -59.65055373281996
25 10.563138278355328
26 -38.515222382268526
27 -0.625235404264577
28 -10.555537301041305
29 -1.8990801976950058
30 14.38486246055348
31 -6.876790624238734
32 33.39095788150443
33 -28.133967191872735
34 30.51143939659022
35 -43.7523501650252
36 51.184866339588915
37 -27.096068819547035
38 9.845229602440167
39 10.646503436662993
40 -28.100169867926713
41 18.605391770630373
42 -16.670733631849544
43 -36.520687919340226
44 -27.43904200967432
45 0.8439494723021782
46 -42.43461497600954
47 14.886527958770136
48 -29.021505761058616
49 9.545893423799326
50 -41.741410208227634
51 -12.583636239144962
52 -68.05629948505117
53 -3.536256061687608
54 -45.3853106979788
55 0.9992397955184086
56 -9.641064565843529
57 -19.52581528350997
58 26.093210106424866
59 -45.981883073094984
60 1.0793292844848839
61 2.7820817058020126
62 -7.33189419756984
63 -25.586670256736866
64 25.25158871486033
65 -15.510051285531564
66 -24.04735974392213
67 -9.622791026019172
68 -1.4469597481982952
69 -59.12321001228729
70 48.291982603256024
71 -4.774066144449947
72 47.70041954298647
73 2.0583916110046396
74 48.044435646906166
75 -2.420423058145049
76 9.62170699060394
77 10.483432601220116
78 17.598210388408962
79 48.00327121253584
80 -11.756149998367988
81 76.6085661979533
82 -58.85230801982228
83 38.072716091660276
84 -58.909903364695104
85 34.81819602796126
86 -60.66319583357421
87 23.911327984885407
88 -37.19750981903154
89 -11.677249495940607
90 -3.8117530604280083
91 -67.89391420441761
92 76.8934051943916
93 -54.35738616128771
94 32.546675951289096
95 -32.753909414338146
96 -21.040525214053986
97 40.605929336072045
98 -40.08701993988184
99 -5.850371445213504
100 21.216770024646575
101 -30.510451586653915
102 17.25849913058433
103 -85.44081654097795
104 33.51084545158796
105 -77.56882009305559
106 7.562297757397369
107 -14.812534998953112
108 -19.441439349999616
109 13.8521697758312
110 -8.399519784797281
111 41.543115228599945
112 5.63915916351997
113 32.699226413181414
114 12.70648819550677
115 -0.0044900590414753425
116 19.047274250463303
117 13.269324218560579
118 -3.3932089712345457
119 43.627950734840375
120 -52.70217716562331
121 76.09177980762045
122 -46.71122371087102
123 47.09891500787039
124 -11.893269614285378
125 14.229058007295434
126 0.43850850891821036
127 0.0
