0 0.0
1 -4.863882010381595
2 13.729784996944542
3 -23.765289554040095
4 -2.038379863841337
5 -7.347558370022822
6 -40.246828733270455
7 -38.53230705849416
8 -40.79546491074239
9 -27.950375354268825
10 -45.629849096273475
11 -38.09007895010788
12 -0.04077486544637876
13 -13.664033988764363
14 -28.16535209451953
15 -5.303112259386022
16 -14.678965574434365
17 -35.59052476313286
18 3.2091061323940653
19 -27.187436517120897
20 36.965830221885454
21 -30.75151801870122
22 -10.873371513626234
23 -13.256825842248922
24 -62.40232722425496
25 -2.463401923602576
26 -68.47523582157001
27 3.5867781228896862
28 -44.99744124832422
29 8.39769334016074
30 -22.16236254236019
31 54.41231614237916
32 15.282310659408147
33 55.32144714925733
34 35.754219261661355
35 -1.6425413200319339
36 20.764334260867248
37 1.9302920006606095
38 -0.7892408427022174
39 5.806453360114976
40 1.5235617439083298
41 -15.124775104850064
42 15.419613205975002
43 -51.942166871249746
44 36.79726416391776
45 -40.52416096621257
46 -14.306811733837185
47 25.665793808768477
48 -37.35803732704206
49 26.332154181379224
50 4.547136168968964
51 -42.83535875024198
52 9.64698082965551
53 -32.217688933067244
54 2.9195887986432902
55 13.70795098038087
56 2.891505075104631
57 -0.41844297333321084
58 -4.762870775336052
59 -32.80410483986257
60 -3.315144772437286
61 -13.824943586771573
62 -14.774457329845998
63 0.05987056382086417
64 -45.20342148853582
65 42.256571831312606
66 -28.857496505646893
67 27.755711487488497
68 6.546664391507147
69 11.769527909382749
70 23.584182995835214
71 5.169678611171782
72 24.18498818052133
73 -1.663894426578998
74 10.71725787949796
75 29.884856727362457
76 -1.9938107496034942
77 11.554530216366302
78 15.39810143796067
79 3.9584618294212066
80 23.66235097364787
81 -25.149559937376154
82 24.50617163777869
83 -33.322826521667494
84 -28.46261872292522
85 26.248684110273942
86 -61.08041104487854
87 24.084774717504324
88 -51.59594708862587
89 -7.669132129689879
90 5.659388961129074
91 -2.7587069190959497
92 19.02014088437896
93 5.566613481216861
94 69.40964331781447
95 21.817343765493884
96 30.08933548390239
97 36.97103718543464
98 19.84480604223312
99 -11.336521049264013
100 -6.4292311642771205
101 4.94275087760172
102 -62.1433021736876
103 -12.286285649127736
104 29.391673385638743
105 -48.200825561735584
106 30.495207888167062
107 -0.7927572024643115
108 -74.4609084095983
109 16.5725270210498
110 -60.90967047198768
111 -30.805160209566143
112 -8.634379682675634
113 -37.907812437432625
114 -5.091203537944388
115 -24.562611062676233
116 30.743039284269752
117 7.3842980725282406
118 42.83209737480075
119 43.36775422816801
120 -5.23998074757566
121 92.62443521310357
122 -18.994986863664312
123 52.54523088664053
124 -7.491181972149515
125 14.76011551745224
126 0.6989912496767812
127 0.0
