0 0.0
1 -4.650348282366166
2 16.094855672572663
3 -24.886503448112013
4 33.938872496918144
5 -13.396935282092715
6 -18.580370001820167
7 10.11158519937952
8 -62.1568880198253
9 -2.2405508566057444
10 -30.342981745452555
11 -65.01930663759411
12 3.451588896427639
13 -8.860503433983467
14 -12.443658258953072
15 -22.559648967385453
16 -37.3012331301679
17 -13.184946430483217
18 -42.07710629626416
19 24.634998828608374
20 -43.93350689618756
21 24.376232587437336
22 -22.454702325120135
23 -24.806941789373788
24 9.095839240478385
25 -12.272494026143024
26 -8.494428123198631
27 33.04712670158935
28 -71.67837109985237
29 17.43956775074494
30 -38.22869446022752
31 49.8652423038847
32 28.864122581780403
33 52.21802052322199
34 26.108867172890836
35 71.31306784109451
36 15.594699475698853
37 -22.180102299528084
38 76.21629955180978
39 -45.39724992076992
40 6.298123444955016
41 -1.5175957584257114
42 7.318701715446372
43 -1.045180275733449
44 39.543685512289954
45 6.363592811860849
46 -4.016744074172254
47 -21.701644650107486
48 -26.71155922071934
49 13.953691363320171
50 -108.13205911559295
51 63.52151229025761
52 -24.036305998872017
53 -0.9951189845003652
54 -23.84479293639022
55 -11.604887673346958
56 22.333788656979095
57 -93.82761334876258
58 46.333275983545526
59 -56.19619778951633
60 38.21673326169958
61 -5.402113409677439
62 -17.233247399108258
63 7.28977012645334
64 2.470285851945625
65 -25.780966610400185
66 -1.4405496107308238
67 -26.20183438651716
68 30.057825598240058
69 -6.016379870314415
70 4.714669335779548
71 19.5548472789404
72 -29.256531884365188
73 16.33994064040727
74 -21.81775515494794
75 7.970897284339244
76 0.9938541426231045
77 -10.246893393022145
78 38.101536576940546
79 -17.13340849417491
80 -20.087250988143317
81 24.429343237342596
82 -28.037978178875836
83 -17.553910842308685
84 -19.404065663354192
85 2.4442267473942496
86 -43.57539850658824
87 11.126490405893575
88 -45.431608462010544
89 -0.7141852925621126
90 -50.30299465603771
91 15.16801559498234
92 -11.320742247850541
93 -50.63642942857398
94 63.936918658686466
95 -81.1107566757787
96 108.47376094662064
97 -48.25747338078028
98 95.60792268327401
99 -19.00139627649062
100 35.605747494247176
101 32.840951680453216
102 20.21939857132219
103 44.650660057862574
104 -26.423508548079084
105 73.35298655478941
106 -48.94487079428809
107 59.36799451084522
108 -66.77778716619083
109 22.68630505151233
110 -62.38019989147542
111 33.29684293679014
112 -24.764717676527837
113 11.363084689686271
114 -26.85479971457446
115 17.303509771725647
116 -10.394892952981934
117 5.275742277003683
118 -9.655375257520493
119 -24.958079542053703
120 -7.162974886798314
121 22.61547248816364
122 -15.643221608283048
123 24.885084538866426
124 -2.4320367142482047
125 8.963467094484617
126 -0.3071895277891679
127 0.0
