0 0.0
1 -4.653868166210279
2 7.654797915381604
3 -24.19599767549221
4 5.291403426546016
5 -45.9039700462657
6 25.143034843065145
7 -62.58696449718059
8 -19.123065036129937
9 -10.061013630166169
10 -51.70737651244251
11 -5.034799413618516
12 -4.878185675885265
13 -28.5549723809401
14 17.175084024906425
15 -44.78759862990414
16 40.76317758488693
17 -48.6635315191557
18 9.925581923147641
19 -11.69613720275535
20 7.152269751909705
21 -24.057092598563234
22 30.90894354930826
23 -24.785152338396685
24 15.024568905311472
25 30.842721820352637
26 -46.76028980400909
27 96.49420784646419
28 -65.73754374345104
29 124.79760665527324
30 -44.892473489820574
31 65.2888946829864
32 -8.147073386862902
33 33.486325965968334
34 -6.479908549902553
35 -43.81278691696287
36 88.71095773877167
37 -81.91487965857412
38 11.111099878039278
39 -21.215339217497014
40 -45.093752338514584
41 54.352743990909374
42 -49.137206513737745
43 -6.467957595438862
44 -15.00612756306001
45 -39.62025455776656
46 -12.577523610823253
47 -37.456904092397174
48 -13.90417090827958
49 -32.81011232070084
50 -2.4878260570263144
51 -35.02499424528814
52 -49.33416641031783
53 -2.537904159349172
54 -21.075790601529835
55 -33.25994592669629
56 30.58494370017639
57 11.09681769145219
58 15.237683664747761
59 9.90099507185696
60 29.301929646231486
61 -6.713996626065271
62 51.719232656883186
63 -25.666507767960077
64 36.79973080614942
65 26.39821053447626
66 -29.878957037135724
67 78.61638017858303
68 -19.344666423990446
69 49.25186261752109
70 15.65197451413919
71 -35.09989955620099
72 21.377772841802578
73 -30.472433711639905
74 -11.978972370756054
75 15.24790817685353
76 28.125678179712164
77 -10.607213993916316
78 -22.633639064342564
79 7.9424705493337475
80 -14.174036790945214
81 24.064202416376872
82 -31.644702392004664
83 42.26008591057718
84 -31.67398680560885
85 41.07604585673454
86 -45.34599426337657
87 22.47935909680838
88 -8.37664332706518
89 -6.072307283741373
90 -2.1221355908578685
91 1.271873884999631
92 27.392738408883748
93 -46.39139406027455
94 30.385540944980892
95 -54.37162111696152
96 35.17212611073014
97 -52.17434933721743
98 42.80137023347221
99 -12.275475493663965
100 18.530928115060586
101 -7.408386861337433
102 -12.73454315237791
103 -3.7713485663486446
104 4.079802586603623
105 -3.675196139404475
106 3.960230428100502
107 9.815874804112644
108 -38.432023273686305
109 -12.529037164959258
110 -62.59244626796309
111 32.740802832858066
112 -8.953110880665326
113 18.05223218435187
114 -4.4329532312589395
115 38.638983909395286
116 -7.5378323752569525
117 65.34982847635841
118 -38.265201872580306
119 103.41926122089995
120 -62.711093004776664
121 70.8212419877152
122 -3.001682967949277
123 20.567258951276802
124 -1.7985100578060667
125 6.918687299782372
126 0.23496557878622693
127 0.0
