0 0.0
1 -3.6548441126314835
2 7.445360325083137
3 -6.18891939087643
4 -22.85351483611296
5 25.074533972697026
6 -60.31478141388591
7 -6.6058409971998024
8 -26.96137191436856
9 -39.32910697745882
10 -26.773491209443087
11 3.532344242594112
12 -23.3554270605452
13 -7.00165345890122
14 2.268254335267855
15 -47.17758493597848
16 13.495810433844591
17 -59.252904607553916
18 31.161763053260344
19 -82.12858092711309
20 25.33193639301487
21 -47.52683543937447
22 -23.93642092384644
23 -5.363710401481417
24 -7.651912444063703
25 -0.647409455318694
26 -15.049685962454465
27 31.11458195402711
28 -13.066701875215564
29 49.125989728116195
30 11.816409648797677
31 15.040991035011725
32 74.3865772558108
33 -12.54567280954728
34 54.19661049426983
35 -4.454556270311568
36 -6.986550417096481
37 -23.620134492239536
38 36.854367944847326
39 17.28871102715477
40 -75.73259078660477
41 24.46716832502589
42 -67.94095874939815
43 -42.76718502420284
44 -7.048766778054265
45 -22.852905460638333
46 -41.38897957527034
47 20.215142258201414
48 -7.133294629156948
49 4.377101309985902
50 -6.048139906732835
51 57.904964832595205
52 -3.4084390972323337
53 -0.932338405652311
54 38.73432589388404
55 10.237481125538455
56 -28.8306280068205
57 72.07380533542194
58 -32.339342365745786
59 7.773805734978766
60 -1.2057083492757883
61 -26.147863571541762
62 33.36870162396707
63 -99.45429401205429
64 36.99186123752677
65 -48.042264833859186
66 25.217325324456603
67 -55.75768247652055
68 43.91199935686164
69 -25.990972379244177
70 -3.1686415784635433
71 33.0958472431623
72 -56.55610920673424
73 49.49074465477827
74 -55.25453446234707
75 23.217701754166225
76 3.5784879693187452
77 -22.128021733678562
78 47.45934352442459
79 -8.54961074372401
80 25.1897206233709
81 13.037196659981404
82 7.190563932058681
83 26.771934354942204
84 -0.7048337622361776
85 38.375212266165306
86 -16.26516890446493
87 64.15075686360983
88 -56.59968341916604
89 80.78844827856555
90 -30.09789903660593
91 16.344002527898816
92 25.416651979891334
93 -3.7198655010920856
94 36.577386748337716
95 -22.083392034437416
96 82.09095465910009
97 -81.89336201959797
98 57.155008344361306
99 -92.72839456234894
100 50.566175129284176
101 -80.69727210288801
102 17.78004084438356
103 -15.584175544700004
104 -64.3219292768999
105 -8.145106982868791
106 -38.832984712645334
107 -1.5253766938860605
108 -73.73665259702827
109 29.20077992958352
110 -51.456426285972725
111 14.580223331500003
112 -19.57843002752152
113 -6.22640272802784
114 36.77713822577855
115 -46.16834438786764
116 10.149478525651958
117 14.682560443260833
118 -18.51016641609391
119 45.951349865684556
120 -16.098385769998973
121 32.81669224773105
122 -4.971520735748622
123 49.85470641471481
124 -12.80439357706055
125 15.80876497566172
126 0.23911999190374444
127 0.0
