0 0.0
1 -4.3886847585448026
2 6.1205576692884565
3 -11.709815550467345
4 -11.967604732470475
5 -19.312138384484044
6 12.718549305548635
7 -42.558846415390484
8 17.519743512684922
9 -31.722221403507305
10 25.165717840607446
11 16.770032536508495
12 -4.649610614589235
13 7.9235684569151665
14 -41.16605135273742
15 8.648986967827396
16 -7.908797582956708
17 14.316946541709784
18 5.827668820674006
19 34.831411471948606
20 -3.061637441843202
21 5.4769257348260965
22 -22.57672655677085
23 3.840672136381175
24 -34.558066439933874
25 21.8826233502476
26 -1.5997937258027815
27 -1.8598073918776452
28 2.6940548948600767
29 -11.987708039259807
30 -53.63482380947595
31 21.510807498868097
32 -36.20814662311819
33 -29.35634283331193
34 -17.3780825566652
35 -51.952942181209025
36 26.22462679882293
37 -78.54300390872858
38 41.10796192700262
39 -63.31018528083694
40 43.858550436492585
41 -17.34420095536709
42 -44.04418939345489
43 8.60083912513212
44 -30.821187698734015
45 34.19596394982996
46 -20.404680855951902
47 25.429423899102463
48 1.1951297287846154
49 21.76803073362688
50 1.3807185527438817
51 53.65518036774973
52 23.81128547698377
53 1.1656405322521393
54 7.141849038146046
55 -38.773160005081905
56 40.761240010226274
57 -78.06348911033595
58 35.39226005978244
59 -18.578330890860077
60 -28.205301296503773
61 56.34667652302591
62 -55.74788162812841
63 37.978332342754335
64 2.808472322798678
65 5.855574710975718
66 -15.634258027910297
67 9.796234562068367
68 -11.642776404332286
69 -16.72289713961475
70 -12.667032954365903
71 -1.2266917637971493
72 -37.38382509287551
73 -9.53691296257099
74 -0.33227630069247427
75 -4.984923088494618
76 24.202058409814555
77 31.47708593250864
78 9.289418036734265
79 60.99457606205366
80 24.820972421509197
81 36.12883710780994
82 34.66812949642098
83 15.252779828476422
84 19.85125940471339
85 33.5703464738738
86 38.381918657604196
87 -9.665373980864487
88 69.02910683095124
89 -40.9440512094256
90 8.79835388697356
91 -33.052453347003585
92 24.95934332659544
93 -81.14976294004568
94 -9.944972535997914
95 -15.171857438992587
96 -9.376791275960844
97 -42.265203696419974
98 -20.969369107911405
99 -41.046775088396906
100 -21.271922762399885
101 -30.08771602382401
102 -4.589347126799129
103 34.29314237414326
104 -64.18997499012445
105 97.50236095815904
106 -104.70105414299682
107 69.72856539171387
108 -80.1144625473787
109 38.62040622659158
110 -23.99486663574727
111 -26.428525982570356
112 23.780267072302983
113 -38.019902250864384
114 27.823393427720546
115 -14.136379995303908
116 5.180347625054387
117 13.46171817689056
118 48.88575385739747
119 -31.95457713363574
120 3.6836812414003397
121 42.458883238468935
122 -14.655096149715467
123 39.519965833956356
124 -9.899812821198664
125 12.402924340637522
126 -0.08778134245265949
127 0.0
