0 0.0
1 -4.864233125726599
2 11.028985347450561
3 -18.302001010592896
4 7.647105888900097
5 -1.9856192896966638
6 -24.47944304958314
7 41.57071082342667
8 -79.35615852721338
9 44.578369833262016
10 -56.76923912010012
11 -2.5670850688586406
12 6.430764488562751
13 -39.56120002744627
14 2.1622478897135133
15 -8.121794856717171
16 -19.337010749361156
17 -12.662411940955733
18 31.761750959568417
19 -49.52054929723226
20 2.7576697164303985
21 -9.784476872038109
22 -32.838598521998975
23 17.294482755337786
24 -37.22722980645728
25 7.355884500359762
26 -14.494084909436843
27 -0.8657940565934911
28 -2.334530020844526
29 -49.956218247100175
30 11.732879708887538
31 17.675069055391965
32 -91.50926874836928
33 17.060568729809724
34 -43.51745051777278
35 -26.410271829062374
36 -13.675704359259782
37 -16.403008323442094
38 -40.038936728375056
39 17.305577403648723
40 -28.276350803474692
41 2.0010272394072963
42 4.872292263366054
43 -64.50274772362793
44 101.21883029851051
45 -63.42418381970427
46 93.4549966474548
47 -16.07522065086438
48 28.441074705078613
49 23.268234285314747
50 4.540563739567519
51 48.50994689015004
52 -13.450575940154042
53 7.884035715328722
54 26.17306537365694
55 -0.6951116204423812
56 -5.677547633326725
57 30.513621252358263
58 -2.6577774912619563
59 -1.9800949843815485
60 29.86073018074264
61 2.6471158320136112
62 -2.8942426151133436
63 27.237696186428494
64 -50.001544774269455
65 49.936127825238735
66 -56.30295375137229
67 0.31664636981389965
68 -4.084075450708664
69 15.091527930615632
70 0.3708661121535107
71 3.3070756195133315
72 -14.570024463614377
73 7.505474164710039
74 -23.136201436114128
75 23.77916339801411
76 -33.13297078025464
77 17.298654859419845
78 16.954804770153263
79 -14.352694689091718
80 15.598862912628988
81 -15.47398283506885
82 30.66755225896771
83 -2.772087029272825
84 4.973929988950904
85 25.793405388127283
86 -10.95570773277432
87 -10.256234034217208
88 0.3594434664427785
89 16.838188931829443
90 -19.05434860224482
91 43.703471004111734
92 26.77977364034079
93 3.6779067395980967
94 45.11011221709602
95 34.741885361070985
96 -6.802049212955689
97 3.397438326741829
98 28.921033720482786
99 -47.24777119542705
100 4.292062724724354
101 -18.07468017170896
102 14.05250297222487
103 -41.326639767575905
104 59.72166661323748
105 -68.09683961304863
106 43.96237903242536
107 -14.777517673578485
108 -3.1161328670989583
109 23.415790219149454
110 -39.943703072105
111 31.761001936129606
112 -16.748710323280083
113 1.4973523794596435
114 -39.6076892925523
115 45.88779042043149
116 -61.02802565172518
117 71.48772483242212
118 -24.04980663232204
119 18.913301209070845
120 19.530596824123748
121 -5.233960211178533
122 -0.06742241355201949
123 1.5208399355736248
124 -12.812888084316645
125 9.762816978184865
126 -1.038906643795702
127 0.0
