0 0.0
1 -4.305452135856063
2 7.976455265248475
3 -21.469179796549522
4 1.8948381987413006
5 -35.12625311897262
6 1.0159495516661134
7 -62.312011006231046
8 -12.100981296667046
9 -60.42875998887893
10 13.725816945099803
11 -47.76845659257168
12 -7.076748373007082
13 -33.41655774127074
14 -41.19715041504729
15 -7.479550630824706
16 -23.416375459571714
17 -26.1451047956502
18 28.99417189833406
19 -21.721311225668135
20 55.71100902461126
21 5.9791409237423805
22 9.695031758749183
23 59.00503785298949
24 -10.82468976742543
25 54.821902105459145
26 -31.05368580751387
27 40.739249149605804
28 -30.79234647372908
29 34.97907523960082
30 -3.720268459549711
31 1.7964690652848592
32 -22.01923907785023
33 -4.051948870902923
34 -27.043906644305363
35 -36.008790470610656
36 -10.69486857119139
37 -70.26727646357197
38 24.610542594864246
39 -62.08109213765844
40 27.117403997734424
41 -32.639584390324465
42 3.3294091695009502
43 -6.226403042377536
44 2.460843593486539
45 32.137581600090854
46 -36.07302479236405
47 45.02982132138145
48 -52.33673247144294
49 16.14833124313991
50 -14.881837831657062
51 9.18832043766397
52 -41.70166689840495
53 4.9015126600803605
54 -25.194885795472295
55 -33.675069796533435
56 9.221981119194469
57 -49.550817389572984
58 26.001166089784338
59 -10.528434563456393
60 45.88873073442732
61 11.123599034206118
62 -26.47009291930586
63 79.81620584846401
64 -51.24069273899222
65 45.56952884647103
66 0.5334101385912743
67 14.832678674191284
68 28.04944635894754
69 3.334603794295651
70 41.62859129870715
71 -48.030032716757724
72 46.09567340148888
73 -25.76478106264366
74 -15.174847614632975
75 73.54260472046917
76 -32.61915176417149
77 70.53161303359023
78 1.9812946021834141
79 20.750191250109733
80 25.18617035856103
81 -9.37181241660281
82 -4.164512363067709
83 -24.88598474238773
84 -32.277849175590156
85 -2.1186277985793405
86 -48.16734921069984
87 -5.599732985149675
88 -21.098733501913948
89 -34.60343617538723
90 -35.39496051132431
91 -25.433759094039107
92 -0.9119781784282553
93 -93.55752718929715
94 48.18740204811127
95 -62.14096518590738
96 89.8874987186631
97 -61.00753781794968
98 42.585132086394744
99 1.3613323158569457
100 34.79903669916882
101 16.047637501592494
102 34.77163995593101
103 22.691461372406277
104 11.09893989815007
105 59.86537511269682
106 -53.31805891205443
107 12.261974989806188
108 -56.25943082912547
109 -2.1951987465496248
110 -43.439008787520976
111 40.503305469742244
112 -43.504498721065
113 12.702780116416251
114 -2.4801435344004172
115 42.26503411212692
116 -8.041196798023655
117 11.446941378602682
118 5.281621424005942
119 24.316872885549774
120 -10.61045511178654
121 48.875042326557086
122 -16.251493909550717
123 40.91668247594929
124 -5.796635788830751
125 16.429173096454885
126 -0.552732742702926
127 0.0
