0 0.0
1 -5.234599184634164
2 11.586689100368138
3 -36.7697131399853
4 19.579042201041464
5 -65.09386198067799
6 13.643702128696358
7 -52.153645944636786
8 -13.913716835678127
9 -25.889173751031095
10 -22.878735994071523
11 -19.696780282477505
12 -35.04474569762611
13 24.061236702241757
14 -15.857668033501065
15 12.436295454437083
16 7.043520644388544
17 15.878483375457993
18 -14.550676102367015
19 42.90132670911676
20 -29.86084416802285
21 71.87860405616743
22 -82.09218154076744
23 107.236795431985
24 -57.4889066026301
25 38.67160796219191
26 33.322251016484635
27 4.3599042446384875
28 5.962760639062998
29 -13.082216526208505
30 39.38141364663596
31 -29.663241844241067
32 37.338341281407715
33 -48.597359659171715
34 -10.747045455878235
35 -8.395880796272646
36 -46.683141004923634
37 1.8068950048521144
38 -18.051986432349345
39 -1.1714498303131824
40 46.184333101775145
41 -26.110344698882646
42 7.31631595799847
43 35.721145367285985
44 6.265558181440982
45 25.576773915699096
46 38.43472181123295
47 -17.822487491104624
48 67.58348420375292
49 -9.160518246808023
50 -42.00605931509977
51 46.51540811382207
52 -16.81084213819387
53 19.05634935619933
54 13.885211921278444
55 18.17403027884356
56 6.806043062733535
57 -47.1694198890023
58 17.698120967063907
59 -27.775236688743554
60 4.399666187304997
61 38.948021026791785
62 -63.15330752483771
63 11.859658294420063
64 1.4242389299692837
65 -52.940502423542505
66 52.77363869775035
67 -59.21908835582453
68 16.529485893600892
69 1.602115270872644
70 -41.55507773545369
71 -8.409904947159596
72 -57.30406976289786
73 23.768389544219307
74 -63.891853944236004
75 14.987337310479212
76 -25.354704886318398
77 13.176364164601647
78 17.51989238028801
79 0.2100888314190039
80 -27.20255123114055
81 54.162183147542585
82 -10.859828258847978
83 68.87350346864737
84 -8.617240264613935
85 27.0366464955297
86 41.70637565989737
87 -17.220748557623352
88 23.001654831104776
89 13.745018334343523
90 -18.305567109946857
91 -40.08875577721422
92 -14.860687988135357
93 -54.93204455780687
94 0.2298801349576589
95 -46.023901399041115
96 18.6225051695232
97 -38.202069359713995
98 29.364636591305086
99 -30.523444789457866
100 27.38337625996052
101 -17.805295125927977
102 25.722229122279245
103 3.2595447114541463
104 11.460518331824483
105 -5.752216194231726
106 -12.390639611095528
107 -19.51726602831583
108 29.475194305812305
109 -17.069464717795295
110 -4.445609987553012
111 29.179190380557902
112 -26.88378720216466
113 37.34608093824656
114 -9.918708064031856
115 22.5474085787886
116 -11.269416523004146
117 16.047418456410238
118 2.7058347291079543
119 29.0710149893093
120 -32.59442635722847
121 40.81248304121044
122 -23.309370649080517
123 40.41462181000562
124 -11.455594163275425
125 13.857261592662297
126 -0.9981861878223203
127 0.0
