0 0.0
1 -5.209076537314562
2 15.434660891941238
3 -36.73612512585338
4 18.129781801316813
5 -41.980296371769974
6 -64.58297995280645
7 36.75282049729063
8 -98.58403433355826
9 42.89676916638946
10 -52.301250442656624
11 40.55059485877093
12 -31.67606429470411
13 27.12931238528372
14 -0.9688970433533559
15 -1.766973489100858
16 22.177706603431524
17 -16.295980941338183
18 27.63172222088732
19 3.0675268993009572
20 -19.13307570008054
21 -24.70224218301439
22 2.4744847959555796
23 26.654600547539
24 -54.60443558175757
25 11.1634321836723
26 -54.019407807475346
27 32.719188891557295
28 -50.94630187164026
29 -7.2025460228856435
30 -2.3686436409753266
31 -21.584486931181928
32 -22.865927700183796
33 -67.46874486628849
34 1.9878650911676965
35 -12.221938680785911
36 1.2991652823225677
37 3.4633086308893364
38 -10.473749700520239
39 -22.75389434867838
40 -40.118792414508086
41 -52.440870744165174
42 -27.963613844378397
43 -23.014396201160512
44 -25.262683945412537
45 -14.599895399457175
46 11.913647487291753
47 -19.479745939846588
48 71.01988704962709
49 23.496247825952572
50 31.45500296963578
51 76.78192392193849
52 -16.012550128524737
53 51.17524951706446
54 5.357552153570982
55 -15.985980022678762
56 11.197957713669746
57 -81.42715743275801
58 18.841515325947594
59 -2.8401679472926937
60 -22.320016573800952
61 -7.119860575262537
62 -8.786457840521102
63 33.62854444563668
64 -44.18309388189278
65 23.61901704781242
66 13.97159289148944
67 18.24552740364197
68 5.213875757346772
69 24.283518291207915
70 72.41313838364135
71 -14.05439255197145
72 86.68009897554683
73 1.5970796822123485
74 14.201265355166749
75 42.81570186648433
76 -30.72804087525771
77 44.18443174989387
78 -14.917104287018347
79 -22.002528024842718
80 16.279215321055517
81 -54.5510428560395
82 -4.471376857406964
83 -26.071824785205255
84 8.441006289524173
85 29.777773732973035
86 -44.34804606100782
87 40.89491410456146
88 -18.50647341932318
89 -16.19324305597636
90 28.73413139376659
91 -30.27825840473844
92 2.724474222752641
93 -16.462910701758446
94 -27.619787287793482
95 0.2291550431433153
96 -35.60626092437664
97 16.629717293350247
98 -27.631564402675835
99 -47.569206723805316
100 6.803357895944991
101 -38.8378089955316
102 -32.72693843290822
103 -11.73290288745687
104 -5.39997397312932
105 27.917547723823688
106 10.115609813410924
107 26.57100954447137
108 41.766030578358276
109 13.101928121508408
110 11.201102006292226
111 21.477645932156307
112 -49.545769532310935
113 39.79866132810608
114 -21.21584652497459
115 25.431027299607372
116 -8.347271582850281
117 -23.359122770218153
118 11.315023574802778
119 24.98187274464676
120 9.71918785664277
121 39.51377632501794
122 8.195117507995766
123 18.534284155893605
124 0.685792537393865
125 11.269614938972804
126 -0.5028511417987465
127 0.0
