0 0.0
1 -4.098555023036589
2 12.621688285802565
3 -22.473393616516677
4 0.44006257365590745
5 -24.0213763765281
6 -24.962031065538593
7 3.851001333055787
8 -51.93126183265276
9 18.94442095242397
10 -46.084014361361696
11 -22.580948518771514
12 -21.073979104501
13 -8.05023851916262
14 -46.74009126900727
15 -33.82461982137818
16 -28.112862204258057
17 -22.235661788634584
18 -22.53941824492454
19 -3.588521575974586
20 -28.233280085013877
21 -3.13300066858228
22 -8.80868742879845
23 -52.782239754397416
24 29.95412087612449
25 -15.552998069343156
26 -51.02026712671387
27 3.653279896903062
28 -42.200270464930924
29 0.39305927386544776
30 -21.91264025728637
31 -18.553522643272203
32 -9.18928424637023
33 -31.376516769603644
34 26.648171296196196
35 -2.803031063845975
36 -18.69143041053431
37 29.684524093072568
38 -7.322846200280237
39 7.723391363178366
40 30.068254996361137
41 -19.652433728065542
42 -3.7429284543937857
43 -37.67168918283838
44 9.612389045217812
45 -51.24998913646111
46 42.51443451391367
47 -16.497550882496753
48 -23.149334343474308
49 25.129466299575117
50 -10.464459088729077
51 -2.1142359977777905
52 44.74974670666737
53 -14.827106714014358
54 74.66476048685179
55 25.7179066876707
56 34.82751423542223
57 27.946481606758805
58 3.4454154154574232
59 91.14727230641546
60 -69.24172245597713
61 55.227510943043406
62 -24.61819705226944
63 -9.774987661892581
64 -17.723161951815484
65 18.14255767944775
66 -61.42643797199597
67 12.71986222838502
68 -6.087642224475461
69 0.8728589818589876
70 14.06522979939459
71 13.566660505102293
72 25.760504411931194
73 45.4478633913431
74 11.116407001715736
75 52.076572358329294
76 12.98002145684814
77 39.03545941614279
78 32.59984561071776
79 23.711820089155285
80 -7.192627540727924
81 -16.068290245449415
82 19.500483422913973
83 -47.724498361502626
84 86.06583606617642
85 -36.13368488215467
86 -28.839562859898734
87 30.73286148075335
88 -29.980471228821102
89 -23.18125940493827
90 4.5294793366113515
91 -32.59878281705427
92 0.5062129090685121
93 -30.003276405166975
94 -0.18435800253153756
95 23.50175947854668
96 -18.70769704565592
97 26.927774520678078
98 -11.328968741369458
99 -13.69883841405529
100 35.07455851523286
101 -35.658899049681715
102 -26.727973743251507
103 5.262631888795395
104 -18.708851603285343
105 -39.23430610716098
106 -10.877087934043427
107 -35.11013269427431
108 5.931518679066894
109 -77.55830742668365
110 77.69815683068529
111 -40.82054871433972
112 -44.44263947074489
113 58.2728888180427
114 -100.4691555685027
115 95.68740270872469
116 -55.758699146199994
117 33.436778430159464
118 23.670222505580988
119 15.720426871890846
120 -14.913448318739166
121 50.332953999665776
122 -15.339170983614432
123 25.285316483513043
124 0.913955954207404
125 11.519307076838615
126 0.9729675781315847
127 0.0
