0 0.0
1 -5.116004414630571
2 12.595924392511861
3 -20.093147736226623
4 -6.730796198526836
5 -18.534850913582403
6 -38.990751871308895
7 -6.857186815250267
8 -13.650809339914296
9 -36.536439994005356
10 38.21381747868486
11 -53.93632283267606
12 68.05965579259214
13 -26.985109867429497
14 0.3650139908504855
15 6.139132129878546
16 -32.40310005794606
17 30.743146564953342
18 -40.416613829936466
19 8.143737205849597
20 -66.39137468810925
21 26.827786726374065
22 -33.70624605800034
23 -17.9490302549354
24 6.729299715976745
25 -4.91863959922287
26 -4.05073839808156
27 37.28711434507487
28 -46.424936535329685
29 26.32918386635121
30 6.163422599020769
31 -44.19925145069735
32 48.07326173445377
33 -47.29920547787154
34 0.8009940857789107
35 10.363604399306938
36 3.107589152566569
37 33.60956753292356
38 5.0179707261880635
39 34.83525244821318
40 15.466584443870016
41 51.15303943512617
42 -42.08333609320636
43 71.40010875805244
44 -19.34881072753928
45 18.92963653107167
46 2.8207861075009437
47 -24.34833005390529
48 26.105680735396252
49 -27.56028936761478
50 0.4550859503077506
51 -20.006640304351667
52 7.845079462847148
53 -26.66425211088912
54 -12.707396655704848
55 -25.37335330322236
56 -14.623978777501318
57 -29.31842451787106
58 -15.378336337217783
59 -6.845689013738574
60 -48.094603493980166
61 -4.752689959923452
62 -16.77117391799924
63 -17.68338523243941
64 -7.282711558134502
65 -18.447647170700886
66 26.58521243621359
67 -47.587959804001855
68 38.8963285075223
69 29.148774901106133
70 20.5613366476636
71 23.976455935350298
72 25.63286635253077
73 47.67058017096259
74 8.12015392683484
75 39.22919073339827
76 -38.757544414599906
77 39.58713566944138
78 -2.6212296141498883
79 -6.168952331052996
80 -6.04765015485978
81 -30.06471237615586
82 -13.280154107155688
83 -19.90543117282865
84 -39.840762812139964
85 -23.044206933859037
86 42.82859934186342
87 -69.8822568176759
88 62.01700568686241
89 -49.76991646299418
90 19.934419988596392
91 29.688776070440998
92 -42.34070430651736
93 59.44681674504628
94 -23.307214063918043
95 0.6434966056221882
96 19.452179496630794
97 -38.68416019432541
98 30.695020191739076
99 -17.907954894551445
100 -16.16857358511857
101 16.121187402302304
102 -42.20682842883764
103 52.81446983949271
104 -37.66401055116927
105 29.457781447129115
106 -48.27684921762296
107 -6.277672267875812
108 -24.214442626209753
109 -13.605608438312634
110 -45.31125921191556
111 0.03849952944516635
112 -24.259464357747305
113 16.39038435486791
114 23.39452099104186
115 18.33428565657171
116 46.41580079083035
117 14.774603022677084
118 41.23804822357303
119 45.790862691889586
120 -9.963910690108971
121 52.7562649922782
122 -18.94087141289771
123 38.5696182457889
124 -3.1441594312410617
125 8.25012895532939
126 0.09815205370738221
127 0.0
