0 0.0
1 -4.9092809007900176
2 10.887026907680047
3 -21.570701100778656
4 5.9839884895980475
5 -20.56642063790956
6 -16.826821190295206
7 -6.77213055592964
8 -20.515815807125595
9 -36.130573047993295
10 -45.18834744453125
11 -9.937945657346981
12 -68.82412434876191
13 2.1344121781866354
14 -23.942743611522896
15 -0.9841477377636326
16 -10.63612135649149
17 73.94159669463305
18 -43.33207990637167
19 74.57860205214463
20 -47.21070825433987
21 35.259016844075205
22 -8.768984132852639
23 -38.78599095154496
24 45.68834792069602
25 -54.19566442245984
26 -13.948221662064789
27 32.28906709421435
28 -11.545465573104215
29 3.836672352283379
30 12.021948152802569
31 -4.844180248373983
32 20.804430307610396
33 -65.90840155998822
34 45.88167854664118
35 -38.74730200620168
36 -6.534442331821275
37 8.505927245960331
38 -3.793219961595608
39 55.700589233841875
40 -47.14471966444766
41 34.73565653366992
42 11.645304331119476
43 11.267079803730851
44 -15.229742014300585
45 -9.474449584307637
46 -14.239156119855865
47 -40.930012384685675
48 -11.869963098658094
49 -20.739823702588684
50 -24.181509912552073
51 16.632108977561035
52 -21.417050805037505
53 12.447528673805877
54 -8.775102645966234
55 -6.932954965370153
56 -17.12586905114565
57 3.3501180754717756
58 -27.849997664091156
59 -38.742729333435314
60 48.822298267913254
61 -0.15950297447205036
62 19.037523908453018
63 22.67108819281859
64 25.803495655800642
65 -17.113137424674385
66 36.07995298202969
67 -3.486090976326462
68 11.705227448477263
69 4.383702286351717
70 5.389143996983593
71 12.27739518636814
72 21.96236173746516
73 33.695154325638555
74 12.39227480373021
75 11.127914824743986
76 35.757947811113596
77 0.26198473635799474
78 -32.14707709728437
79 37.04938116670557
80 -59.102693160698195
81 -11.549116972948546
82 -5.8439813301024195
83 -5.996343521296146
84 -16.716984741654258
85 -25.465938391958105
86 -8.726471645365141
87 -35.57535735622968
88 8.496353461269067
89 -39.08762249933792
90 11.734629218188108
91 -10.249366075718523
92 -67.57286487610601
93 -0.16141163677346
94 -30.185290774143287
95 -13.87008686815576
96 -2.1918192131317826
97 33.01118300895893
98 7.183807636181304
99 19.406656385907688
100 31.668375398532376
101 -13.631561871438636
102 56.12060189346286
103 6.681593507071392
104 -34.96644014526325
105 9.837301948763944
106 -47.927910338671445
107 2.227156518565765
108 -54.348959828126596
109 -13.269128205421561
110 19.86306437632232
111 -26.001305387976576
112 2.6841163607165552
113 26.947700901348416
114 -36.197415660357066
115 26.83963852394819
116 7.2514001464015125
117 15.286341340574385
118 32.76694351457356
119 52.97647895866544
120 -31.862107010693727
121 74.45000498362846
122 -5.1623569324354195
123 15.147133659635802
124 4.149607366644492
125 6.532857454470581
126 1.2177211069356444
127 0.0
