0 0.0
1 -4.6846892368400965
2 9.520241265295653
3 -22.745338870253835
4 12.337176857015402
5 -35.2233762391039
6 24.46244244812702
7 -45.768941658895194
8 11.39449973031521
9 -29.452603988915296
10 -18.375036610983095
11 38.929464487147946
12 -81.80952547230429
13 64.84200100063093
14 -56.00103600198152
15 3.6468477128261063
16 -39.76976816628681
17 7.8557239474283715
18 -0.9490844088168567
19 0.8885601774112162
20 65.71708652554534
21 -48.874079945484674
22 65.1255764644276
23 -18.092227394890408
24 -52.04742525200583
25 46.068650252827794
26 -24.869742502615523
27 -18.738610618894867
28 11.73034400776642
29 10.584350883820019
30 -13.743468282614382
31 39.0018635460333
32 -4.634532742742948
33 24.283677446784637
34 -9.246484721196884
35 -3.314516251026614
36 -0.8299310545469822
37 -7.9119042949828975
38 8.248404357366667
39 -17.626368452874896
40 30.701528464643935
41 -8.266727300391524
42 13.953400326495204
43 11.091047402268414
44 -22.887149190494554
45 40.335524357238405
46 -32.11618973380183
47 57.31118581093933
48 -47.2755433353891
49 31.733914821109416
50 2.0545410097398653
51 -12.19846682746638
52 14.645755018322744
53 -32.410950620267215
54 -19.70247003998966
55 -30.20762413373181
56 -11.941720046557847
57 -5.130209685039885
58 -27.85215692294791
59 -21.540840266167415
60 -0.4466299941120613
61 -39.81399665505057
62 29.76563121924327
63 -13.091090979973984
64 -37.48456111809246
65 24.80799158655745
66 -68.7165169923736
67 7.824697562741668
68 -45.25872984431349
69 -13.345959448232563
70 2.6048537080164658
71 -37.08574562362967
72 36.38901640959622
73 -48.01261271812356
74 -6.472896640252141
75 18.827342102564334
76 1.465503035597161
77 28.02310627718405
78 10.516442670360783
79 -18.726440361738764
80 35.322788157032974
81 33.54650709101843
82 -16.100956103178863
83 52.34780030610569
84 -22.670444750158254
85 -7.325830239599398
86 11.292116458010515
87 -6.324612282972488
88 7.646868802325344
89 -13.511279866873615
90 25.250662301306093
91 -55.296496239177046
92 25.921393434293254
93 -18.38287237282758
94 43.55648538330094
95 9.833365290736834
96 60.29799134517317
97 29.730834250424863
98 32.352790198636704
99 37.19352880390311
100 30.09954258365368
101 -0.4854535985078655
102 -21.398483768674414
103 2.2550428915625966
104 -3.141981680605569
105 -35.10639844334583
106 -35.4648355343384
107 -16.51046961220402
108 -29.98372256129739
109 -19.0635152808606
110 25.582877176312298
111 -44.14625320772061
112 -27.47174300707083
113 2.1428015009898456
114 -59.10675138101025
115 22.592644611634835
116 -67.5275996107994
117 84.31927798082583
118 -79.18165267216402
119 78.09603027451685
120 -51.23112356885385
121 51.56103552751588
122 -4.5482120118271805
123 8.40114160938892
124 5.736914442099793
125 9.733318898785441
126 0.8988244691707036
127 0.0
