0 0.0
1 -4.926312005249028
2 6.672849977427821
3 -11.224652586281445
4 -18.175269551082152
5 -5.167738163292335
6 -35.446487231685694
7 -3.0553877360783166
8 -16.58102497370959
9 1.071835411709479
10 -12.727299042265889
11 -18.66750569755979
12 -11.030991991967694
13 -3.920926934864383
14 -13.930241193702429
15 20.768361949386872
16 -12.397054550598892
17 -10.365033800542383
18 -0.34836134492051346
19 15.855739103202803
20 -12.828108174930538
21 -25.71929783850296
22 -17.643925247816373
23 -30.617787433989392
24 25.734524300232856
25 -13.973594508895976
26 55.358968071947544
27 -40.85503138888336
28 57.622329372076194
29 -25.63110180870723
30 20.93262442896151
31 -0.22561316725714808
32 12.730912182363948
33 -32.72711401241571
34 4.866314115587712
35 15.932355617553178
36 -24.710351594133886
37 71.79263186153221
38 -75.17609273066918
39 52.77756845036393
40 -71.25247120271156
41 -31.74101432057603
42 -9.98839469144612
43 -81.114792394276
44 25.417919332962736
45 -56.79937861785003
46 -2.308529690003316
47 -7.239254150136615
48 -110.85348916527616
49 61.92774592169724
50 -81.27703520221124
51 -19.090127986208913
52 14.527805325571638
53 -1.5441330320884117
54 25.541846388294385
55 9.942871353112906
56 7.037271549467314
57 31.83756662219597
58 -2.752948769094846
59 10.320951984747557
60 49.97407403874458
61 -48.039767229974494
62 72.60973554623952
63 -31.621659189523246
64 13.588717335711925
65 25.349931240799226
66 -32.761358931527084
67 6.170785508395304
68 -79.07934840907241
69 88.40685841026288
70 -55.15648977509188
71 17.716972279180155
72 12.609819492293127
73 -11.367524855251718
74 29.926258951928574
75 -32.27641625074115
76 48.82025235944935
77 -22.655100937153225
78 32.6316682971094
79 -11.105714308303119
80 -22.72770082421087
81 -7.8580955233823655
82 0.7987018857809242
83 -43.28096574044933
84 3.523217532669951
85 -25.596750629229714
86 -2.7895036994714615
87 -5.7730809726487085
88 -4.636668986022273
89 6.919445653845246
90 21.427923474462077
91 -55.68331894210136
92 41.78244877419848
93 -33.53563138249187
94 40.546376426739336
95 -38.205306130489376
96 10.636886775861184
97 8.671891419446915
98 -39.74541954224268
99 38.87224866553778
100 -56.449968609529165
101 35.526363325105024
102 -31.470838941301157
103 27.140843977728245
104 -65.12403327780972
105 8.958091351547633
106 -21.300282120098075
107 -6.988088112688183
108 -21.241194829153386
109 -2.975690029254132
110 -27.643106023911482
111 19.78016890215821
112 -11.120842947281439
113 -12.794521157223292
114 59.56102324401729
115 12.007064144657235
116 37.14965411987182
117 71.05535953122086
118 5.146311263664502
119 97.32624166393856
120 -27.271619711077342
121 68.53693508747486
122 10.637867738384433
123 31.317827485233373
124 1.9752166717316895
125 8.329702066311143
126 0.9234992706199393
127 0.0
