0 0.0
1 -6.365560423736036
2 15.687741721356012
3 -29.14602526900807
4 21.828945534272382
5 -32.73354332339933
6 -37.066853114926936
7 18.906632135533346
8 -68.843215490528
9 56.025277795664046
10 -99.77874256927255
11 28.30785969037045
12 -71.37272754640489
13 21.267432533061207
14 -62.02438066446037
15 23.809867825024643
16 -59.41762078717132
17 -15.9448154817002
18 -1.9870058158875628
19 -45.24210817593865
20 6.407091046978764
21 -45.04924141597694
22 -5.67371148641953
23 -59.21831944977949
24 23.079609716929774
25 -57.30752077392388
26 33.34770972713139
27 -14.983828136183819
28 -12.491265584377885
29 34.81004763765539
30 -39.75206890537893
31 39.84709609704106
32 -26.029053694718275
33 0.7990418454232213
34 5.478928018939826
35 -22.42178592309105
36 13.331738563877785
37 -13.542592446022097
38 -33.35780027983701
39 70.28705868101602
40 -64.67479845385802
41 63.914314620892846
42 41.342014713623755
43 -61.44905892280414
44 85.40077852884387
45 -7.353239510297502
46 28.709584100630238
47 30.762152252616588
48 3.764988743649537
49 -0.6896703106350904
50 23.465748248162722
51 -25.320408471166036
52 22.82706930775147
53 -29.29743716079841
54 -24.699965148368104
55 -2.774616325289836
56 -60.28205911385895
57 9.726231715306083
58 -25.962441523660754
59 -14.613128305388104
60 4.4155698699004855
61 -24.1238757285551
62 18.266580958319537
63 -33.86918844986033
64 6.3006379974900595
65 -31.804770009423112
66 -27.170237717252963
67 22.92622248917617
68 14.70909797059468
69 7.38996027861153
70 26.922325060428825
71 43.58960382036601
72 12.643606757124276
73 32.21352082851283
74 0.02804871313316686
75 5.528048679405864
76 17.121528938506135
77 31.817718648905462
78 0.8900560741133884
79 24.78390478676245
80 15.56950703949504
81 -44.25322493346104
82 53.226488391256964
83 -61.80527787616461
84 26.14571460575217
85 -47.869844477148625
86 -21.64655344626731
87 -21.73407546323241
88 -13.894944166710284
89 6.801237345093436
90 -42.581259534054844
91 53.83547679573294
92 -73.45742268445635
93 83.17227679103007
94 -49.61659974151682
95 16.37388988055707
96 39.58861212769725
97 -78.53240137494565
98 63.72738543174654
99 -95.17058371917298
100 18.90898091356432
101 -2.363675135580239
102 -50.4614680313648
103 22.42429686109892
104 -7.567252299061122
105 -16.401906180622827
106 10.450067237405104
107 -13.731249649650053
108 0.5556833725134778
109 17.81953990156731
110 8.520543245629748
111 -3.477932928834064
112 -19.10696809492759
113 50.62335940729978
114 -55.945099382577546
115 56.0179380045288
116 9.362987764321762
117 68.00922267548808
118 -41.043042090007376
119 132.34075258226943
120 -46.75285256684473
121 46.622530710181046
122 0.08709895809971846
123 16.15041921525221
124 7.32452124679391
125 10.422046569111474
126 0.434350525600284
127 0.0
