0 0.0
1 -3.2981215173964133
2 10.056507635561902
3 -21.620492139674568
4 18.113870602786292
5 -64.92059078054233
6 18.55768220845836
7 -71.00554490716735
8 -8.779121251642941
9 -3.6113079851553063
10 -84.13333394595679
11 4.652731754409659
12 -63.94946120476088
13 -26.6339459696818
14 -48.74545434522232
15 -13.10701697681867
16 -33.04084144478869
17 -4.6570870031238405
18 -4.863180989551038
19 9.672656447489514
20 -24.482129908008222
21 -47.61905385733004
22 3.299596494535616
23 -43.46601476032461
24 22.745563579145056
25 -16.560851854887943
26 2.6175524105942927
27 67.02104948396274
28 -42.492745530414886
29 67.74115614770892
30 4.045823378551534
31 20.34809466413722
32 17.819932612374103
33 47.718245394721414
34 11.556822319648507
35 34.78661421489474
36 37.904169057120484
37 -11.775181024637723
38 -18.860576821455453
39 -35.359084435284636
40 -29.359841857851016
41 -21.388695054292732
42 -17.937604253961688
43 1.3716052685153055
44 -17.078829954853298
45 -6.955304137177317
46 15.729002605863668
47 -34.27282648663558
48 19.936437574874716
49 -47.402053345827106
50 55.940322352815826
51 -7.853595529885442
52 -11.336709370640188
53 34.337523861681234
54 3.0520107100575915
55 16.09939216469048
56 16.152095492196437
57 -33.19409714546386
58 36.51235621909009
59 6.016695302829124
60 -28.092892332191763
61 55.19477897751642
62 -6.224532990077225
63 30.42076888856221
64 -10.10399575943993
65 -27.609071003424614
66 -12.860106142300548
67 -3.7642492066430444
68 -27.405499860759058
69 -20.184363706917456
70 -79.73292279673763
71 -3.936287226472397
72 -71.35641781271724
73 -28.647024011083804
74 -50.983652513590066
75 15.562415432775477
76 -29.437793856590535
77 14.459149391155584
78 47.22461606207707
79 -55.44712402360153
80 83.07602949771986
81 -25.498510167782342
82 51.95400470761188
83 24.305380374648166
84 52.23552569330706
85 28.21413898575153
86 -0.39247036413288966
87 19.861490358332205
88 22.22019246352488
89 24.15580203242016
90 16.237774654605456
91 28.837553300137074
92 0.5116407184256013
93 -36.69355264237173
94 16.426996567185594
95 34.888467995893265
96 -15.821109140525387
97 -3.281411280518772
98 -8.162289143225058
99 4.191142693688065
100 -0.5946991240651193
101 10.260441150083182
102 -29.338914265963297
103 12.569593392151548
104 35.64427498959646
105 -22.448416719269403
106 -7.048066150796636
107 8.785997903516481
108 -73.31426171055737
109 47.77466579559269
110 -54.24039249352556
111 -6.71086333729349
112 52.59506663284054
113 -55.12698608718019
114 54.78976552558402
115 -52.01848489518057
116 34.31525373310762
117 -9.221740794245491
118 13.472252347575369
119 17.1754865630382
120 -3.713859806462357
121 28.71079929994211
122 -15.93363231937861
123 45.06812553278255
124 -18.902376867978806
125 15.904172701800546
126 -1.3743731508613817
127 0.0
