0 0.0
1 -4.240696486158646
2 6.583662877439471
3 -15.695700258965916
4 -7.257046801514217
5 -2.6294871402189313
6 -32.408897407268306
7 -14.27289218263395
8 1.907682094698225
9 -9.855454643785242
10 36.75054535098948
11 -57.87148903323877
12 51.14986443316115
13 -62.25092925400804
14 0.92227627495936
15 -17.02587824546437
16 -15.094893174880385
17 -34.99788346334818
18 23.899410772764746
19 -44.3685057611756
20 4.007764726909352
21 -28.824361514309466
22 -59.1994928068333
23 17.862279840349217
24 -47.62501000201454
25 51.00943862969413
26 -72.50480066901635
27 82.70898660498476
28 -76.50124056014502
29 33.04184877573345
30 -44.49934137680494
31 11.184595344227834
32 -9.211041350817204
33 6.489984017956519
34 44.303155547687865
35 -41.51032650787527
36 48.46231666247105
37 -36.7707348795863
38 58.827683436395866
39 -30.818385576819406
40 36.068751426983006
41 3.097257252383922
42 -25.8525656284879
43 7.441596060879689
44 -48.08881634662801
45 37.94864479999512
46 -45.528824230071905
47 23.027713812351987
48 -9.884205831687149
49 -8.169565145798996
50 14.666445234531224
51 -67.42822631916005
52 46.16973091900364
53 -27.601789553061646
54 -16.25355115038587
55 17.019364777702734
56 6.185943412349053
57 3.3989689705159085
58 -12.489148728248441
59 36.725722659119526
60 -20.262256290612164
61 37.15473019291984
62 -32.765142265836694
63 32.57173410168343
64 -8.403123871442327
65 0.19010903551930325
66 -0.8419183223607846
67 1.139584443487362
68 55.91638538234507
69 -43.692432493536096
70 42.03194748933888
71 -35.69558976516235
72 53.10001358996984
73 -3.1954481558753276
74 5.266301167976856
75 -23.72450643404598
76 -26.313693630349256
77 -32.5613209936401
78 -40.535893145390524
79 11.574387723542806
80 -79.92891922289523
81 0.543413627262075
82 -18.362697149334096
83 1.660740536444956
84 -21.789258865344852
85 24.125648267828918
86 28.777461253094035
87 5.788278349059844
88 11.096255974281593
89 -29.840001287862187
90 -7.6903767138752395
91 14.504069853715379
92 -50.203538785812505
93 4.0275657771769975
94 -21.3675868157606
95 -55.54044395841698
96 -18.14256906268756
97 -23.02122079746933
98 7.392737062567315
99 3.7437084416771595
100 37.395017887749766
101 7.663813349561507
102 41.19958058565038
103 17.209843672894433
104 18.429537016065026
105 12.414168210795376
106 25.672430925739146
107 -11.389696751094144
108 9.798802086538714
109 32.914497083063424
110 -43.55572844287745
111 24.69405924067708
112 -39.138056375992605
113 8.807661097106841
114 2.5217251550878346
115 -36.29129529202097
116 14.128369026284178
117 4.341134426656668
118 31.054717157688472
119 23.590901909553207
120 26.978421096385755
121 38.26808938646321
122 2.5496827242951015
123 40.955189099387994
124 -9.576489158592786
125 17.42858873245992
126 -1.0147734061419025
127 0.0
