0 0.0
1 -6.099322481286625
2 17.11808100133346
3 -29.33616037518937
4 5.824948946215374
5 -49.641462628692295
6 -27.771091009179607
7 -24.855857059994065
8 -86.29224696949953
9 43.21892501286417
10 -99.25803953255684
11 26.74631027821309
12 -67.57142071259432
13 66.23346079528996
14 -75.1861893978285
15 47.52591036365963
16 -38.41775683266067
17 79.75893523015591
18 -47.591667281839904
19 11.34996470895818
20 44.53928927544326
21 -51.118834207437416
22 16.565213149716726
23 -13.253250950231871
24 -8.445853332984273
25 -11.163248830995693
26 -1.7315364877246342
27 -36.162206220669184
28 35.97543403178248
29 -68.54971414040124
30 53.834817233493524
31 -38.71729207633435
32 35.76426974606453
33 -12.507403666455764
34 -12.088486550037677
35 -8.0011377797659
36 4.023965469003596
37 -62.28453000327147
38 -1.0813104757138061
39 -63.532181174025546
40 -43.69385253439083
41 -4.6074445457901785
42 -56.38588368835468
43 -5.336946725423997
44 -7.1803883028329665
45 -8.538146947212418
46 46.81753414618612
47 27.7314513035005
48 48.3961388078525
49 51.24812054515561
50 19.4692985115604
51 83.183452494202
52 -2.5225490121578114
53 55.41455494330287
54 -9.33222465409996
55 13.673614794372583
56 23.681628023779993
57 -17.351233899100677
58 -9.62113366873703
59 54.01179921900087
60 -65.7301379782625
61 6.261757176960097
62 -12.994145012218887
63 -41.19480074499464
64 11.435180954608047
65 -54.76532456283751
66 27.139834006903342
67 -6.365324279340048
68 -42.93321546654951
69 20.954266811262272
70 2.6179100539935938
71 0.7650217798530149
72 31.501044759412924
73 -29.40473859267383
74 64.4365547836556
75 -7.284326745695349
76 4.589431673805869
77 49.894923969609025
78 7.73026741538533
79 13.072197171901449
80 9.368436213332053
81 9.812698572844816
82 -15.602950844188701
83 6.781245474300547
84 -14.625065790716743
85 -22.217828396997803
86 9.040782136135336
87 -4.206451906832099
88 11.624843147999501
89 -46.72231489152846
90 -24.94449129601823
91 -0.6990338372246993
92 -55.80406067792824
93 19.81152202548429
94 -73.88803066418714
95 24.3840729447341
96 -25.27504151105576
97 -21.57482622783423
98 -73.77551407968781
99 -10.77250500024894
100 -41.15415802264001
101 -24.153272520636754
102 16.229433384365
103 -53.3252229957997
104 52.17771717035298
105 -70.08175802742419
106 61.95300139758686
107 -51.63818107959536
108 1.2084333378624519
109 15.554674102935357
110 -32.26719626513191
111 30.197070119393327
112 -16.83993973727959
113 29.12225660359356
114 12.698328307916787
115 43.47769253525308
116 14.722611837346909
117 21.84481402609404
118 38.42899579446459
119 34.64693126268563
120 16.347634374364173
121 73.21946429673105
122 -26.31096338025923
123 48.93060414557767
124 -4.919906111455349
125 12.874166254973288
126 -0.17798987724422768
127 0.0
