0 0.0
1 -4.017227738600055
2 9.679599022898833
3 -13.974420806950159
4 -7.975066162947036
5 -23.1273507685463
6 -26.360099987818923
7 -33.906173836236604
8 -31.32107662233472
9 -30.900720897306286
10 -78.64470983159693
11 -11.827741958189387
12 -65.83239258339233
13 0.3773939864422479
14 -44.779491270875134
15 -41.62444353118164
16 -0.11341569920969312
17 -25.70331253065243
18 -1.7991498572950964
19 5.052769716497834
20 21.64510937457427
21 22.013500930695756
22 6.482088223299716
23 -10.4667804961173
24 19.330812301262593
25 -29.474161657364697
26 7.549405259771933
27 25.523284902983168
28 -37.75563081922507
29 72.25115740006504
30 -54.33977817682277
31 47.82076017684482
32 -35.630391019776674
33 2.025376640090602
34 -11.70380096115002
35 -47.99602894507676
36 34.36065604043905
37 -35.03360987375496
38 36.37904607433398
39 -64.51433620579759
40 15.307723622695793
41 11.465795879845915
42 -13.44772237096135
43 48.598785510652235
44 4.429504465205708
45 -19.917002501954553
46 35.99149633995389
47 -26.634318603134368
48 -4.145998530100043
49 25.405864527961025
50 -41.20888080198428
51 44.98174654302357
52 -22.6005246445981
53 -49.99108069044542
54 38.91609415437984
55 -27.562394273892586
56 25.451671997649086
57 -3.841579846752084
58 -28.571794077566476
59 39.09352289291872
60 -18.270356608038142
61 32.492238072796205
62 16.92659994321906
63 -4.425971688319114
64 6.0061967608805755
65 -24.05373412060513
66 26.029212846358448
67 -28.58000804791089
68 -41.199047720128206
69 34.73995999746018
70 -84.8790591933035
71 57.4999952128814
72 -87.69727733338715
73 -30.50026952830871
74 8.47341168404489
75 -77.08344891963836
76 48.3999676168471
77 -70.827145599254
78 21.414927973494315
79 10.320830193569414
80 -41.64293607271324
81 22.386361764703302
82 -35.58543493809633
83 6.28720495668475
84 -23.982564507552308
85 14.968854307268762
86 -25.526017349837062
87 28.902181105496872
88 -25.77784138958028
89 -7.104540535752095
90 12.589923233691762
91 -16.99741450285385
92 44.24743954458049
93 -0.3680817408961314
94 45.3607441283679
95 22.145939686487733
96 45.14448834997488
97 33.05184240706765
98 18.722017296750895
99 38.946841336256966
100 16.568419492352657
101 5.998688131552692
102 52.27465950470758
103 -60.94519117715623
104 2.2082126433575557
105 30.916543174137523
106 -64.59164376431693
107 23.194858225551776
108 -5.389410709251706
109 -29.29521277442257
110 1.6286277872897093
111 18.712692292558657
112 -33.293672140444265
113 -18.879268676503276
114 -7.8505934983387835
115 1.918331917652263
116 2.270577375745794
117 -24.961281467658107
118 67.26220339909531
119 -9.298335291593105
120 27.113176671556094
121 28.306570052891757
122 -6.910928178137881
123 43.95358266136373
124 -3.3681117740114006
125 15.176927779223947
126 0.6334806423636081
127 0.0
