0 0.0
1 -5.326676317814572
2 17.826370338339583
3 -34.79806594384797
4 39.20779211776658
5 -59.16081737455437
6 20.786421217910082
7 -68.25825197299777
8 -11.209481999181477
9 -28.410911771661997
10 -56.793719606646086
11 37.986401813785626
12 -57.82264778522222
13 -48.286638326713565
14 -20.904025254486903
15 -19.77857055603442
16 -87.5150873214239
17 23.10162545580274
18 -61.09526115619501
19 16.853866998910092
20 -64.49660761902557
21 17.351191970855385
22 -49.88022412016259
23 21.68936431946568
24 0.03189598659599726
25 -19.578765244349405
26 46.402833074497174
27 -18.96435593781224
28 46.461939537383486
29 17.186238775740698
30 49.58181750917239
31 -2.28250560410605
32 18.440004575868997
33 13.45410178333328
34 5.23526150765
35 9.349491782452528
36 -4.395878172413694
37 3.3715995030177157
38 -12.275208972020181
39 23.677842087033614
40 -34.91821840912238
41 16.188192744524063
42 -33.77615930156095
43 -20.965245605499497
44 28.29165973752609
45 -34.96929425765037
46 -5.327366937057513
47 10.055866698624646
48 -19.869189511138007
49 -5.716853332209306
50 21.35245486287655
51 -20.16539440830917
52 -22.196991340235495
53 26.596432916754086
54 -24.119772747755757
55 -3.9695370588492667
56 26.85039348470049
57 -12.935991833894319
58 -1.3521352622437137
59 2.648103648754242
60 -11.78486661290849
61 24.723195888698395
62 9.402300241935254
63 19.34734390236105
64 -48.44751229524588
65 28.09710436210509
66 -23.23642106751462
67 4.990914407445664
68 -19.037891122806037
69 3.9474175004488163
70 10.237618148728457
71 -7.184524309015662
72 45.33321301788418
73 -45.89041094239833
74 58.984532449833644
75 -44.800548818474
76 -27.97922887302481
77 44.56228597360468
78 -111.55911092542262
79 66.8999660268798
80 -56.47395435855185
81 4.358932717529939
82 20.41515914123912
83 -43.46028482819588
84 58.29372892210886
85 -83.74745899965956
86 106.02171838804536
87 -46.96865493777278
88 51.91739742156708
89 20.205010116897448
90 0.27745123674012917
91 -11.02092749573586
92 26.382909042358467
93 23.276707856196794
94 29.38419732613233
95 36.7994367545699
96 -40.56415246218076
97 56.692155839138444
98 -28.215432387578424
99 49.76438117527055
100 -9.062496280396473
101 -48.761640249400905
102 43.126880100027066
103 -44.207302511524446
104 40.62946445582093
105 -33.20962134403837
106 6.079551102937878
107 -21.471748031064752
108 -44.30714422061715
109 10.174067229640972
110 -24.55768864401166
111 -3.8460995424873583
112 -19.220155432891154
113 -11.72535931271284
114 -40.15121171062498
115 37.201415493464616
116 -58.201471464135636
117 55.60958515028207
118 -23.119557435185026
119 73.01002243983223
120 -35.56006724573431
121 65.21744873795548
122 -25.76389197684548
123 38.58755722060104
124 -13.261818568328183
125 17.569581883731995
126 -0.543991936453721
127 0.0
