0 0.0
1 -4.631504650097812
2 14.442453288095177
3 -27.349591690035577
4 19.588280521035095
5 -34.904915593305
6 14.684181216729487
7 -24.74246407617445
8 -15.453601056173996
9 -10.291709495860701
10 -3.591953980251127
11 -8.444273072072185
12 3.530873302119403
13 9.495780466210656
14 -20.76627016993096
15 49.183228505664985
16 -0.21682718512714086
17 36.151376999199634
18 -31.799540018788182
19 49.973225972429155
20 -4.751026751761341
21 -6.790967467433057
22 46.0360537192848
23 -23.221741786315654
24 -28.32077757598905
25 -13.35206189915964
26 -87.45515844450412
27 8.23837092475318
28 -82.71562726436977
29 -3.6552483807739686
30 -12.381570635978525
31 -34.0313084345663
32 36.67496037277868
33 -34.38338748902309
34 37.796869771685934
35 10.998706779135333
36 8.831876379005223
37 -14.09750698399616
38 29.489269916964922
39 -7.435594300189221
40 21.135254776065842
41 4.533830050408081
42 7.255011147672087
43 -28.997531966412026
44 9.809010159470409
45 10.730640650853566
46 -23.796255349818026
47 8.527437451747478
48 -24.91902766136995
49 -44.378668278752905
50 9.487165541739524
51 -33.11594498878457
52 16.761202761867256
53 -8.186780918650832
54 -0.26916025836444946
55 -15.28324876093232
56 7.710664666458803
57 9.478030562305651
58 13.08206596134793
59 5.941973130928494
60 12.918829549180844
61 11.414299840284073
62 -20.914659435858503
63 58.57491416982253
64 -84.32691175767883
65 68.96655073253913
66 -71.8482514840031
67 23.485826264686914
68 -38.69356510336174
69 -15.161908977992383
70 -2.9795887250521655
71 -24.340025526526745
72 18.219366268016994
73 23.82732371375884
74 26.444657591800038
75 20.884345448182152
76 -8.000759552011628
77 41.50759422304286
78 3.0301019155856403
79 17.15554448677078
80 13.63819079630605
81 22.93604853438051
82 2.767991548593217
83 -60.37442386332849
84 62.4172711138739
85 -123.27735922484972
86 44.310213572451886
87 -42.44934120565864
88 10.984135336271034
89 2.9690888506776627
90 6.583679341131844
91 -49.084692584884024
92 39.43394125939431
93 -37.2903119346147
94 -6.4073985593735765
95 3.432010668566429
96 0.9773350235127789
97 13.002836991767365
98 30.50784054685645
99 30.745677456896317
100 -0.26965784263743137
101 68.1584649645745
102 -43.228406169355225
103 70.70675766303839
104 -22.007894465794884
105 17.982493977063818
106 -14.400993178728285
107 34.201355255867185
108 -63.39941211669367
109 -3.7361668304136266
110 -46.78032850417948
111 -14.242565095940671
112 -36.6469622028888
113 -33.16173395809408
114 -41.117640946996985
115 -57.13340525295615
116 26.855117535580632
117 -63.35525755952013
118 3.4838948994909695
119 -12.87580640453125
120 -10.39613749943526
121 35.09997807423258
122 -30.188703578922247
123 62.22067436773643
124 -29.028532550307926
125 21.046004900931905
126 -0.2416328420922952
127 0.0
