0 0.0
1 -4.347460410579366
2 13.85547227462331
3 -29.3188921418802
4 16.672670505547092
5 -54.5965880888601
6 21.732771054808882
7 -57.30598874844878
8 14.492536787855032
9 -34.1095075367894
10 -47.05604090267007
11 51.599207586954236
12 -92.68762524654879
13 57.56228279699775
14 -62.02867735379068
15 24.874446674153525
16 6.3891667667135845
17 40.640443625046
18 36.269467251494625
19 -29.209162550390843
20 44.55532357340579
21 -51.094035864498984
22 6.079561343578909
23 -27.248611600084153
24 -32.30310996951967
25 -23.763410792908587
26 -43.9843156683131
27 -20.367985821419925
28 -31.072285028272365
29 1.9527724487084521
30 -42.70347347875277
31 27.420120714752954
32 -52.93837053043385
33 15.723728464587598
34 -57.410529573635884
35 61.00370882784487
36 -53.101109218052216
37 57.178304250130786
38 -32.05932488365022
39 70.50168588103072
40 -14.344594770231545
41 24.64284674629127
42 8.596082353594802
43 -59.635950127217896
44 77.71260761360904
45 -65.19341118871131
46 25.09983809790416
47 34.31871576401268
48 11.736731677794346
49 -34.02853922150074
50 31.077927000378658
51 -56.40714226689644
52 22.980629894443652
53 -0.8774670151530081
54 2.539348527304074
55 -61.47920259638795
56 27.672284163218784
57 -63.844699767932944
58 -22.463856011105882
59 9.956856192826402
60 -42.42108196347008
61 -5.204318731834678
62 32.1125911842493
63 -43.2496315123778
64 19.696210454181482
65 5.693640438097624
66 -20.629612728415452
67 24.985205133974745
68 -5.378487475745727
69 27.429653433304377
70 -15.108132487278583
71 25.91775839434111
72 -19.268370573868328
73 19.741503375055093
74 -18.213898861106085
75 -17.29841143655263
76 21.178467407206
77 18.036558345698943
78 -20.569189006983486
79 34.925798249511516
80 -1.5926625057929669
81 14.247135530513328
82 9.556281886151607
83 -9.59875665654584
84 42.98900860061296
85 -39.407628445989246
86 2.920971088456271
87 -37.13495101165923
88 -0.334666572495424
89 5.443450831706564
90 -49.124102471675016
91 45.242378110178656
92 -17.7694255470815
93 45.54713383164073
94 7.4148433221365675
95 31.874055133822306
96 39.09807641231607
97 -2.799212740100832
98 63.02439515377454
99 11.687443904214193
100 2.3336304413561906
101 9.048509351052987
102 10.807308645529051
103 -43.4624232978731
104 -3.6817045154578936
105 -55.26698297037907
106 53.136747866524075
107 -77.7689113544687
108 42.567673320745314
109 -33.37668817784101
110 28.67771354127511
111 -13.28095290709399
112 -47.31806877784503
113 101.42342445644556
114 -76.688560027875
115 81.07250523578486
116 -56.15238952977368
117 88.29556242814022
118 -70.51838174116078
119 85.81476855416135
120 -46.84050647103654
121 64.58973717133766
122 -10.247824497604649
123 12.014983658156561
124 -1.125132790296801
125 6.526835961136706
126 0.11665019685581741
127 0.0
