0 0.0
1 -3.7091566861104956
2 7.219824498251664
3 -20.287904581508098
4 15.660797354388983
5 -28.581283137499653
6 24.023065621650364
7 -20.258037199168104
8 -15.675600935960913
9 10.428706288835498
10 -16.547909753319956
11 23.671074379402775
12 3.9070052822620833
13 21.68700988123585
14 -11.719340331181918
15 57.62468628318087
16 -55.89948165101868
17 44.18718446896754
18 -15.074578657284215
19 -16.482638713561407
20 -5.41621853540984
21 -29.99534180936421
22 -56.24865244226348
23 15.732878373931225
24 -65.10479862771165
25 -11.823261026810883
26 36.9478581102779
27 -14.75968923466034
28 3.7764556245493166
29 18.409676982424887
30 20.811916078954955
31 4.694508149131243
32 -7.516107029054996
33 56.825984991901464
34 -48.6286204288715
35 114.42636575899108
36 -80.13838167798299
37 44.658011274502314
38 24.047116009914788
39 -75.93074376368781
40 77.63864358569244
41 -86.85639525621832
42 43.10938223923288
43 -7.311242614080227
44 -46.48742325836996
45 69.68316615857864
46 -67.10854835293281
47 92.86297810557896
48 -42.88584544659079
49 21.332586537036523
50 19.28582283708408
51 -27.95182231573243
52 55.51570461065918
53 -34.79258075933153
54 37.616374151532256
55 -32.22555697725096
56 3.735354988582804
57 -80.5488746420702
58 7.602730970450821
59 -80.96305191752721
60 -6.517177188970162
61 -65.99312331545636
62 -19.836961052387633
63 -18.891298387376445
64 -7.122192812214644
65 25.697964063660425
66 -45.72634965142038
67 -6.458723031194015
68 -14.169391280990116
69 -45.03590619934578
70 5.2951896314021445
71 -27.225766177440626
72 -12.507111141728686
73 -12.203600382441385
74 10.155989363368016
75 22.606052935969497
76 27.381675751215944
77 71.95850748785121
78 -29.70400540977232
79 90.19233235521044
80 -39.33574378460246
81 42.37175129301246
82 -23.797519552120214
83 13.319676363191292
84 10.997348421204054
85 -32.92356264423462
86 34.922573445707584
87 -57.478225799454066
88 7.830835366823132
89 -50.09029397378703
90 -21.080444959959397
91 -12.114034253832232
92 4.168580985583155
93 -36.76990003122812
94 32.21848053145347
95 12.027169253570817
96 17.274539118335735
97 -1.1267706739965702
98 -5.02777863597505
99 5.3937701142725984
100 18.184701698657584
101 -31.402102069255744
102 1.8279975305161946
103 -41.938975082549696
104 -16.34053824711651
105 13.070768704442967
106 -60.06091509889885
107 44.053819987017306
108 -36.84314156131032
109 34.051522128947695
110 -20.590831963573244
111 34.43782869986264
112 -24.889869421983047
113 78.4154073528016
114 -44.77573074608545
115 90.8220371383922
116 -44.80910536182033
117 -14.29295848199329
118 11.66171495234136
119 0.6175983543237421
120 15.842783338538377
121 -10.491476552212875
122 11.67355720409217
123 16.921659214951166
124 1.7361685449616113
125 5.054017296301524
126 1.8238623435895325
127 0.0
