0 0.0
1 -4.777967424763507
2 9.48630111449095
3 -6.7859163997771415
4 -17.712358945218206
5 -31.732642726207136
6 -38.29050885191343
7 -43.0734462414732
8 -63.39596147148289
9 -60.5686938056516
10 -17.125694381120958
11 -75.65457431780345
12 -1.2462424611987841
13 -40.160489734566866
14 -40.289383378879194
15 18.67791870453403
16 -60.97417475446521
17 18.00146370300044
18 -25.96033474110705
19 7.18220706643273
20 -11.497565671358013
21 13.694282683369638
22 22.74188021537048
23 -28.962382594059314
24 21.944397580501644
25 12.292619528543987
26 -32.5221476065881
27 2.5042458574926996
28 32.961166590543556
29 -7.148919301576316
30 27.446700217266017
31 16.688137869698824
32 -18.21177190057844
33 53.580668274539306
34 3.9312971146521076
35 -16.559022035231045
36 43.13694708080193
37 0.30322784498232896
38 3.967003897863775
39 59.2947709258045
40 14.149948998030977
41 -0.47456987968414205
42 8.204467786416194
43 -12.147577390469612
44 21.204958417838252
45 2.2311382683837366
46 9.18219805717421
47 -6.8555283926287
48 -7.853518498352913
49 -17.07567583192042
50 -7.897548822184237
51 0.9431809438630469
52 -25.42303680954611
53 -15.348364999626666
54 -22.06529693458543
55 -2.724501074959508
56 -36.36949107872108
57 53.461984163413334
58 -44.08710961064108
59 81.05925723897607
60 -11.394894939734987
61 -6.259450413344933
62 25.614390767164974
63 -49.293909523810726
64 29.087260009868036
65 -19.797164279040025
66 13.743499073031815
67 -10.516560944535179
68 -10.904207801582059
69 -22.286834733378473
70 20.335229144360692
71 -13.967238809486048
72 19.222665516667377
73 -36.88445822072676
74 -16.127417553625904
75 -45.65947602029184
76 -23.003182675060607
77 -57.00497458172125
78 -31.95402878225387
79 -8.28494371792298
80 -50.359133968824594
81 5.508898347254194
82 -30.12553799669669
83 -9.403482802047
84 11.45043256479817
85 -25.377135349984787
86 25.78165219092067
87 -5.400861401366412
88 7.9004512847890735
89 38.75962114426312
90 -27.621594105366164
91 37.77803365284671
92 38.55330140333388
93 33.30688059154079
94 22.535464437798712
95 59.98896779125893
96 -5.0701134681369044
97 23.55908724066012
98 -3.074740941271488
99 -30.194274389080096
100 5.96846430369518
101 -22.859285826428767
102 26.968800287577
103 -64.40598973060308
104 50.25812139846388
105 -75.72803290108675
106 91.75109763816543
107 -26.204859605816463
108 17.414723149399958
109 28.45876567856067
110 -46.91177683983467
111 93.55850981691931
112 -70.54788691331811
113 38.80886909423801
114 -6.840482977062242
115 102.30786793534651
116 -50.97104444253598
117 117.66263446502414
118 -47.84225267654723
119 90.43742801676122
120 -16.880284200582608
121 15.785879146837583
122 -12.541181665323862
123 8.776429848005865
124 -0.21991150391493441
125 5.627803238711424
126 1.2503886331895797
127 0.0
