0 0.0
1 -3.570790948502225
2 7.13130000247721
3 -22.566179752694683
4 2.781545302028126
5 -34.48032492737274
6 -3.7336839993230257
7 -70.6115179563985
8 10.31831501619853
9 -75.79580567024028
10 -38.67058594651973
11 -30.404232781169824
12 -19.98812705638775
13 -1.8994697895095134
14 -29.227210911487635
15 -2.7688036058371934
16 -71.60452264949097
17 46.41088216965321
18 -82.2951642201806
19 43.14485191674734
20 -109.91451776490628
21 84.75598157307023
22 -71.6892336504981
23 31.71293114351566
24 -1.9656538109742627
25 -61.012474241023085
26 74.4782644704364
27 -69.5452713739661
28 99.31619731088155
29 -46.98766010366174
30 40.69150192088675
31 -3.9035130358956796
32 3.0251334216601924
33 24.127307485369226
34 -22.44585402461825
35 -25.076128914533054
36 36.26990121197701
37 -47.31645707186152
38 31.590614888251853
39 -23.955504253030565
40 -5.979638707819846
41 -24.109970323676052
42 5.49873506252727
43 -7.4260383654837065
44 -17.879165414159267
45 -30.645022778908263
46 -0.5162294679506799
47 -1.448294485354248
48 -53.56334993421651
49 85.0453812154382
50 -85.18157584587372
51 62.57539408347367
52 5.290581522442667
53 1.7313168335144271
54 14.220922884416792
55 7.418327921652257
56 25.82006111048667
57 -12.759344817172797
58 -14.562457157210163
59 -26.738981538648158
60 -16.474868932890686
61 -52.526437239856016
62 -17.789490715303913
63 -6.4494918595623245
64 17.124256077167363
65 -2.551493369515076
66 -8.23102431594457
67 33.35792752512508
68 51.08930586575278
69 12.086604335292607
70 62.502722302396016
71 21.78231193240971
72 56.587424002584825
73 32.25618480106963
74 18.636374051524047
75 16.14632966592278
76 -0.4512179811665566
77 -18.32527498519889
78 -17.044582226480134
79 -63.356621037241844
80 -14.313474261471196
81 -23.94039922901756
82 -34.40911033661225
83 66.72720094008847
84 -73.7940190705149
85 -1.5150329388186752
86 15.507543755359306
87 10.77733885972783
88 25.320264170869663
89 -23.398364524369182
90 4.957270853278767
91 -0.1531077194636037
92 -0.6924999695307251
93 45.485404722634726
94 3.1349317621485917
95 30.9200734445556
96 9.694542674512636
97 -33.16447595627053
98 27.033073625969287
99 -48.260388625434814
100 -26.436059706480123
101 12.27934562864422
102 -47.92686363003993
103 39.395269891827965
104 -76.63559152992448
105 37.50839467012159
106 -44.49442670526619
107 -35.815895833607875
108 25.14177176110436
109 -65.96000711035835
110 56.584755643501985
111 -74.90336361214985
112 68.34420424729417
113 -38.0562637316376
114 49.63770378997168
115 15.994166891612599
116 59.20209729174555
117 33.27172106840226
118 53.42627227738024
119 22.589760402099955
120 25.394333094914852
121 58.11655472252783
122 -37.5271816490084
123 56.3333222481676
124 -19.031469219663443
125 16.722076477496156
126 -1.2681899446875498
127 0.0
