0 0.0
1 -3.618534789898869
2 10.452868375186439
3 -12.883337615203521
4 13.872340225097306
5 -26.62005014385847
6 -28.309724753384803
7 -23.07953565556711
8 -66.99172114255575
9 -53.15810156483985
10 -59.04366339292734
11 -15.005053887102882
12 -97.31473881928596
13 -43.01634454320891
14 -58.28951090062621
15 -23.712984444628255
16 -49.68588164900822
17 -5.347314995213683
18 -40.796907315262956
19 18.7897263553642
20 -13.636842653643702
21 21.93809478982218
22 -78.58208283786882
23 23.129586255861486
24 -4.867396056768322
25 22.083732911270953
26 20.893274467156772
27 6.549601072192457
28 19.982700212639486
29 13.265900537588212
30 36.88050466795392
31 -31.842272892458812
32 31.58934743685841
33 -12.608741437364793
34 12.927598433730413
35 -39.26630721082007
36 -26.581577568650605
37 8.052656268135358
38 -15.980267857792823
39 -11.335233636118954
40 -25.845177562952593
41 -17.437787746445817
42 -0.8210402826785167
43 -45.45130172666177
44 4.3283230113725795
45 -44.23910893392736
46 2.2245318403216685
47 25.55196394093745
48 -67.34451168890108
49 49.006368440475484
50 -41.109344429950184
51 54.97804389294064
52 -26.824681440903685
53 -15.542280724935905
54 27.003929770876383
55 -66.96406023207108
56 14.502270234922179
57 -40.74612350046732
58 19.686221873469357
59 13.44120593962703
60 -21.313111398309534
61 1.3884525215301315
62 -6.825327882598276
63 -0.48388693966967855
64 22.780125758215423
65 -34.46422756614375
66 57.28753530925427
67 -22.59048890417178
68 -15.735957135919154
69 29.500888088133717
70 2.272075123463907
71 -7.186288268158389
72 18.30123552657499
73 18.080988846631477
74 -22.581273835164218
75 37.036688607571726
76 10.076058438551275
77 -28.795954687999302
78 -0.014542046213325522
79 -63.04442209043183
80 1.0203318268932042
81 -15.554193810771956
82 -46.04396024792415
83 47.06443475116714
84 -81.22554858656812
85 8.975440683472126
86 26.883338278946646
87 -35.41463605883464
88 81.32846689824457
89 -38.300924233570115
90 53.61364854901507
91 21.352119202291103
92 -22.147510993827684
93 43.359670120293785
94 -17.144818197659557
95 -11.095083464874218
96 22.447290466266562
97 -3.6801824915542074
98 48.2522173388475
99 -5.836919866667814
100 37.35628968791811
101 33.4927436363641
102 -20.45653495724209
103 23.73444362775577
104 -66.6891646188829
105 50.79641461086584
106 -88.18894841513199
107 34.20674690337992
108 -38.45495408759398
109 -6.2282919175331655
110 -22.557001150886325
111 -9.009386325015948
112 -29.25611249198603
113 24.063813731644515
114 -56.93442018587333
115 -16.67038161117698
116 30.180426814928282
117 -21.923867883118298
118 38.21865715283821
119 3.7787264765654935
120 60.115219176197925
121 30.997384111220768
122 30.31793700867435
123 48.42816530722214
124 10.551788374615297
125 16.634659895264075
126 1.2710206147646026
127 0.0
