0 0.0
1 -4.44274600576944
2 11.768355415455073
3 -19.377326565991826
4 1.794962411198775
5 -12.774523606015425
6 -29.166310561806494
7 -2.7330001778943966
8 -17.235890025173113
9 -18.769800370317046
10 1.6527938928932937
11 33.47212591649658
12 -33.318287970173095
13 4.097170108500756
14 -18.624678059367856
15 -49.069194916757
16 8.745394311951047
17 -99.61046376625158
18 16.242466267379985
19 -115.30321936285932
20 3.570736419637377
21 -63.70951240537763
22 -1.226300110399257
23 -35.403242782411986
24 26.746482652184774
25 28.817709550587157
26 -8.16709035718195
27 48.45503776161046
28 -1.4525552810921138
29 68.60720678276611
30 -6.724984333747519
31 103.1061172734038
32 -24.72437660272896
33 60.84485765257841
34 -61.57555522854077
35 78.3162649032279
36 -65.04205908889408
37 9.328097310715554
38 4.650313569179315
39 -37.825275853372126
40 19.676553111152998
41 -59.291234088003414
42 49.09516514804058
43 -28.00259649886312
44 16.600178520349623
45 15.240855731604107
46 -36.70974345100125
47 25.791169932700416
48 -7.318639351521283
49 30.291026448552387
50 -30.153278191944665
51 62.010429106643684
52 -16.863496647745247
53 4.276371169974832
54 20.628705169811372
55 -41.47538880995976
56 17.53810798997445
57 2.190976967611819
58 22.097458060520452
59 20.77398586712394
60 44.456988896990985
61 -12.704853223547504
62 17.464367823939554
63 -1.7374865788251153
64 -4.3299175847468465
65 -21.777116438950735
66 -3.1235604407337285
67 -29.180408884222082
68 -34.58585363956343
69 -10.994839076835241
70 -25.63919550441466
71 -7.4852301782231425
72 -18.7012933334363
73 -6.459268275776862
74 59.69222271321798
75 -59.8284864261379
76 101.64447148805262
77 -55.257708400625035
78 79.35249518989612
79 -23.528565029642735
80 -26.122444241600757
81 -9.14375403797727
82 -46.66564930231576
83 -2.927922644232206
84 -64.21842920588452
85 -21.991248034375722
86 -44.27740760831647
87 4.5101622900422385
88 -75.63559368617061
89 25.991573260973553
90 -72.86736814483946
91 54.77328911055368
92 -54.02494723222666
93 -8.650235599674506
94 12.63230049439645
95 -14.599240076860541
96 68.77639056707741
97 -11.660881327823901
98 62.29324833455537
99 -0.2660775443618652
100 26.859519252306647
101 4.302582977180981
102 -15.902657894580477
103 70.16530253424094
104 -5.837955635024413
105 2.0250536432008652
106 40.54046254447374
107 -64.47509790412954
108 13.43882640205187
109 -29.67339266085688
110 -35.17754883904868
111 6.414659972618301
112 -42.24980697548117
113 29.849045754500118
114 -8.760326131227208
115 18.25619904049009
116 -10.421000216036724
117 28.04107525239942
118 -29.783896314687034
119 29.179142609675193
120 -43.71930417429932
121 32.36376504194629
122 -7.467258734127499
123 34.928776178771244
124 -5.34683620906469
125 13.959499096546963
126 0.26361488900356245
127 0.0
