0 0.0
1 -4.427530682660864
2 12.61139880292603
3 -28.441314023080025
4 28.208844779973884
5 -61.386602819380016
6 14.505681212217526
7 -29.103881944937285
8 -1.9918151214174884
9 -27.82026651553102
10 -15.306030571487897
11 57.17382367990363
12 -35.003955146106
13 12.410336050803872
14 -3.2717791079820895
15 14.802434694088474
16 19.867364470655197
17 46.79934062801517
18 30.853515275307036
19 39.84742735754844
20 38.547991062745524
21 47.30157514790945
22 -12.052293258328977
23 16.194412034887353
24 -42.23611188685329
25 -20.09757788654769
26 -31.60032314861268
27 -28.544002099570566
28 -38.31212037797394
29 -53.10336001361955
30 5.044969195463068
31 -30.578635107132257
32 13.013475220633513
33 -40.9779969359762
34 13.862888379186609
35 1.1552841523511004
36 -53.798254010460404
37 43.066810438825044
38 -66.05417350954785
39 10.175023684663689
40 -59.69398686585194
41 -9.169627598890683
42 -33.4714169231298
43 8.473780320810224
44 4.105779250530047
45 2.863651400768601
46 -3.191308203912755
47 0.7968878381354492
48 -7.899467529648151
49 -55.91638072338394
50 43.695875750127236
51 -36.310653780891315
52 4.256919311679754
53 -5.699216400486209
54 -14.262853305763944
55 9.2480909129115
56 31.107654627723296
57 -6.364062958841624
58 19.296239815094992
59 -8.608793027452327
60 32.05626434114253
61 12.242449973731192
62 15.811075970795962
63 36.57960925935784
64 29.197081694337477
65 22.143563021880304
66 35.67185659061043
67 13.905138080013437
68 13.234876341562318
69 -8.950733600388244
70 -5.852457511773038
71 -13.274358080530622
72 -41.62453047406645
73 27.781518739537443
74 -51.52092135030839
75 35.37130748682971
76 -65.25612811201104
77 28.17361135130173
78 2.5638960507681765
79 11.101582287615546
80 11.360580811280148
81 -2.0690808608059523
82 24.16009857906639
83 -2.961531189831077
84 10.086585453453706
85 7.086679794305146
86 23.389066743385694
87 -20.168145109956107
88 23.225884918341123
89 -22.41682495067693
90 6.268380229873184
91 -25.522597336793552
92 25.779896569756033
93 -31.93093867893621
94 1.2863915149777245
95 -6.646058351369758
96 -65.14473502274903
97 4.693929828371311
98 -66.35737672349825
99 -16.09827032941106
100 -18.62105280551562
101 -85.99768586490424
102 19.068530196774446
103 -17.39830053036331
104 2.3169555689076393
105 -7.274703167554766
106 -27.009641031510544
107 20.759154852998073
108 -3.2667843477751197
109 23.8040556199695
110 19.404642833851828
111 1.6875669722005027
112 7.137264726201334
113 -10.68199533307423
114 -1.3322182844603085
115 0.6505622807991035
116 -13.290416667878432
117 39.81478857458
118 0.3058034286690062
119 15.412423283285348
120 7.998873479573893
121 40.448706698795995
122 -6.778258526292523
123 36.3519276864001
124 -13.42496888692404
125 14.789091665442937
126 -1.8412980168604638
127 0.0
