0 0.0
1 -5.2875578162262915
2 10.806355822211003
3 -30.213017968451958
4 -6.003510199646857
5 -44.58382234717546
6 1.4070112106989738
7 -53.59593778530044
8 -21.66264853687811
9 -5.533422721796046
10 -17.219459134627222
11 -0.5050525310068109
12 -0.8224308920396446
13 13.015816464718
14 -4.7084858009461685
15 19.85587426964228
16 -8.810587257668395
17 21.067443257488005
18 16.264453192842858
19 -45.980213545812425
20 -7.855771572012511
21 -40.547597976884376
22 -47.492527148788014
23 6.577729452818084
24 -70.64546933998705
25 9.785026613055827
26 -58.48305776270509
27 18.92837211385204
28 -56.98793282929622
29 21.925722793874787
30 -11.749190298343565
31 42.169497560334364
32 -17.35055981877795
33 45.72012914287916
34 4.676787192351413
35 1.6913794246289893
36 48.92116906130616
37 4.464366206510228
38 42.49268766720111
39 16.864663824731643
40 10.147490808894418
41 6.127894953033564
42 46.74673711144352
43 -13.627044360457225
44 45.40160355550255
45 -54.812946802999626
46 40.76829394362346
47 -69.13959138260003
48 -18.44132992453925
49 -3.3229982070910515
50 -44.460108406263195
51 11.967586527869067
52 -27.480171716077635
53 4.170521421510146
54 16.712067250330836
55 17.12892742487189
56 28.530022059224628
57 15.59299956794593
58 23.800475056930033
59 1.043992157931359
60 -30.327918257800462
61 69.65794856783701
62 -33.11443400035867
63 18.52033663156105
64 8.373550420296601
65 -7.6705784633848575
66 -10.224446331093148
67 -21.447323930848228
68 -8.962751588707244
69 -27.99645265741381
70 16.70154347454492
71 -22.056461660268468
72 -21.777448540837725
73 -11.867267523736507
74 -28.281016132060316
75 -40.72592860580143
76 -5.762572687268796
77 -14.11293322584527
78 -21.659438417731852
79 21.60268970264404
80 -18.53238802211378
81 10.563643158701137
82 -2.9693449267016816
83 14.400081945093971
84 22.27806660664475
85 -12.591163800442425
86 13.195451148339172
87 -2.651133182221027
88 -43.0980123316194
89 58.87953900582062
90 -37.05103898219068
91 18.95304006108075
92 -26.220275361690376
93 -20.91748806319852
94 -30.076916458332356
95 -40.44619108751083
96 23.819759996275895
97 -64.80651979254185
98 48.789458096643756
99 -24.790356430858417
100 23.753343512893373
101 -37.05819678192749
102 87.20960018140981
103 -44.108155798937624
104 65.20123807942402
105 -16.847329448248033
106 8.649454033820922
107 -17.74794585019445
108 28.664836626021767
109 10.137768985150098
110 15.923148263403668
111 31.714164092788778
112 -34.31268127031879
113 75.4797241068753
114 -31.105968391069457
115 33.42790001146419
116 -21.70058934773543
117 51.47401406864564
118 -66.19869791993558
119 100.43032932266908
120 -55.02553756246449
121 64.04496027613312
122 -24.11944327525338
123 35.3133436747175
124 -7.651959343242886
125 12.408963043540846
126 0.39641532913239547
127 0.0
