0 0.0
1 -4.677191627718545
2 17.291788115519058
3 -28.266204394191522
4 34.439415741128855
5 -47.303828455994555
6 18.76320388482874
7 -26.677445513370948
8 -46.887336715461686
9 -17.848947150604538
10 -78.15899900652717
11 -2.965570536347867
12 -21.354023963509082
13 -56.94263254868438
14 -13.96307098659826
15 -14.710281933060543
16 -18.094024682696215
17 6.825675111993156
18 -18.715522958863488
19 11.037176727500416
20 -39.575719028982014
21 68.23377471332728
22 -49.44292107713952
23 75.05341339081608
24 -62.23298786162896
25 30.856592742062894
26 -38.70855870448723
27 -17.45545952272226
28 32.93783486710099
29 -7.355625018597061
30 49.28038348778035
31 -2.4194001138716086
32 -18.120595302003036
33 16.974819679485694
34 10.859005008642976
35 9.874124668242228
36 28.772613459314538
37 -38.95221173507877
38 32.81484765696292
39 -80.82812577948079
40 38.917207804311005
41 -9.206219367424334
42 -37.722986450512
43 27.238124343705945
44 -39.50982852769496
45 -8.770153148045116
46 -3.8054374962196116
47 -17.11787184581436
48 -43.52591328919983
49 -7.097994493961747
50 -50.50656687880825
51 -27.90185398135393
52 -16.317300351995556
53 -26.419064480909594
54 6.485304084554063
55 7.648772092873413
56 -14.235433583929389
57 70.7758037010486
58 -24.246636071657445
59 46.45211649166532
60 43.33492065530791
61 3.0467443413941653
62 38.22078670882375
63 -7.670306702203831
64 74.67917411959925
65 -8.102697054133927
66 39.47024185974534
67 -25.60142348290595
68 31.597517678427447
69 15.420646035396993
70 -9.616898633253353
71 46.03270444262222
72 -29.79890286188206
73 33.48199496055443
74 -25.07390964448118
75 38.573961134330084
76 4.449238604852291
77 -5.853037890094084
78 48.793377729458264
79 -49.98676317332659
80 45.554909200332894
81 -42.73456178892551
82 12.16351731896624
83 -4.174970014445993
84 -45.411599932621144
85 35.42459777287807
86 -61.578589146535634
87 61.05007187243415
88 -65.7384676105096
89 15.111115268850092
90 9.927225255164293
91 -28.8877404639128
92 36.96280903619082
93 -9.41524965271965
94 27.56068556852167
95 -18.94969200604161
96 26.38919173116639
97 -43.4608639115043
98 25.006254364642828
99 -78.42893360391545
100 14.598740317116633
101 -1.0133723786283007
102 -52.0460955635958
103 19.075426862731366
104 -88.99163760719355
105 57.96040862793713
106 -104.82572526650638
107 37.535821144312784
108 -74.67840860920855
109 28.026460593253105
110 -10.969003397028361
111 -28.407351922760615
112 74.15780174843755
113 -65.05242824547169
114 84.3067761300932
115 -42.275091462485086
116 8.580751620009176
117 14.81170003962151
118 -19.51060679299161
119 61.076002384085605
120 -43.54912610640931
121 36.985617636622194
122 -7.086474541964729
123 34.40266949974168
124 -14.236514613981392
125 16.39713117298333
126 -0.5888983802464883
127 0.0
