0 0.0
1 -5.839291276369855
2 10.363669786215189
3 -24.146666894018473
4 10.091623378545949
5 -29.349712064355355
6 11.116397425997054
7 -37.83022488369746
8 5.684930176831591
9 8.460858608828332
10 -37.77741822730596
11 60.229216239720536
12 -79.3464025879459
13 58.44534563717867
14 -7.450808586427042
15 17.064870835389794
16 20.69460450061941
17 -1.9704189583975136
18 30.18818052649221
19 -5.983376099539098
20 -19.91910082804525
21 24.840805801056568
22 -12.438480345197366
23 22.80921282022181
24 17.9519521510993
25 25.071376954021332
26 29.34193438051017
27 7.259654834541177
28 16.345511496703384
29 -39.400671329295115
30 -7.827183390858078
31 -10.993428525436018
32 -69.18779005337466
33 48.157216215343695
34 -76.29028048360746
35 70.25365272845323
36 -62.55002758463545
37 17.94938701641273
38 -0.7824888988204591
39 -35.95476887729222
40 32.197597035768815
41 -100.44647886942548
42 58.71274793963731
43 -75.6268386901462
44 2.2702251270964044
45 -27.257757795633214
46 25.270367700997987
47 -26.56002306962393
48 3.694703300076424
49 45.952710853993636
50 -33.7294511730826
51 68.06238891256872
52 -26.139282786319125
53 -6.244872269823807
54 44.90762239621762
55 -63.128502999078776
56 35.36925837413964
57 -17.560096665748134
58 -25.109743780094174
59 45.373780240272254
60 -104.38185058711349
61 76.69382819440413
62 -52.851465770340624
63 -21.07580196734907
64 -9.34954594587977
65 -41.34255334361689
66 -7.584894539095213
67 -8.097033202773515
68 12.771260944899815
69 22.808248831092722
70 -7.778887500154892
71 47.74850771743966
72 6.635115146073962
73 31.562462330646877
74 24.303677896085542
75 -8.111763221269745
76 36.92768604954866
77 16.728229817346836
78 30.932989596533226
79 15.763736278111418
80 22.802769511053576
81 -21.82181403082187
82 60.280807728168924
83 -46.0794620758337
84 13.125787881504268
85 -33.30171221734835
86 -21.10553473083273
87 -8.730035904500848
88 -36.8944351955887
89 -32.75569220580823
90 -33.0342418058996
91 6.527596143400942
92 -58.30694036172847
93 -2.329763852645926
94 -24.39835910775498
95 -12.170229528348964
96 -25.01777617115152
97 -33.73512294165659
98 -11.715723047278447
99 0.9596870256698145
100 -41.65830652374534
101 -17.950879228681586
102 31.658546946241295
103 -60.21579946189598
104 3.9527715078788455
105 -47.62387868495598
106 13.487716718992653
107 -60.573091087518875
108 -23.09308967178221
109 -3.239302744036743
110 -67.40497853216247
111 56.68783771796393
112 -42.35639614051799
113 74.07368591092258
114 -61.53176790969213
115 85.3291993345937
116 -27.66395205838363
117 67.16686536623513
118 8.750716389474956
119 58.7650183003248
120 34.61881133797574
121 35.4166024017054
122 35.83091777497616
123 14.15026167798518
124 7.893386358853059
125 9.146609749229032
126 0.01153538309022296
127 0.0
