0 0.0
1 -5.437832643880649
2 10.523794501374047
3 -22.578354313731555
4 -16.071914849860427
5 5.265727961855792
6 -41.19859134217074
7 10.732770136016489
8 -105.03529278080964
9 -23.130465433762527
10 -82.80281709811364
11 12.509364639463925
12 -67.84967315780821
13 -23.199617669663958
14 -2.7702809485183595
15 -33.404295097635
16 7.947879477583353
17 13.588547988039503
18 -23.46780708845693
19 89.61203607838625
20 -74.8497322010176
21 47.2192325749225
22 -45.82034022248774
23 55.723801948403924
24 -19.14352593825523
25 -0.7288825828503087
26 32.358444845414304
27 -46.22870648515866
28 49.84280165302716
29 -38.414602739793686
30 16.01503061190211
31 43.510600258356725
32 -7.367606877357732
33 -12.559875838197105
34 47.07660983186828
35 -6.888168984252989
36 26.619715540905286
37 -16.47204631620291
38 21.44064032544804
39 -3.7123116354138403
40 -7.662399653207705
41 -20.48143338762216
42 35.316084282469525
43 -78.72940008309742
44 2.990813420806474
45 -36.363520719177615
46 1.481515982770856
47 -2.676583712726376
48 -5.945864041863151
49 -19.396100908587886
50 37.64296530420163
51 -15.815188362907147
52 7.316277625665992
53 33.461548841762955
54 -84.57567974633479
55 50.890977124610494
56 -114.94774849648576
57 30.295786867706408
58 -68.43444762758175
59 48.58994510598047
60 -48.13505682483341
61 13.147642733056692
62 28.11688699980181
63 -51.57404612744552
64 72.8766286222594
65 -63.93479139646417
66 38.509168314739895
67 -8.443581594086002
68 10.829204133896715
69 10.689447244154684
70 52.37545677246645
71 -6.451035170300481
72 24.766013448831334
73 69.5175158695955
74 -21.470214330867766
75 46.64703244965508
76 -18.254482138103473
77 37.20132167248095
78 22.11158365778746
79 -32.545101411504334
80 72.3336093679297
81 -52.878062520564576
82 26.70944962532202
83 -39.06200336607634
84 16.158306266138016
85 -9.917411163370204
86 -17.53991935611676
87 12.623116313591279
88 -79.47711786538355
89 53.569410459964345
90 -87.81742150104085
91 17.462930619410308
92 -19.371013658989366
93 -13.224512498052189
94 -14.523963732714677
95 18.74339391210413
96 -9.124293528605527
97 9.248453249590263
98 21.97549458255856
99 -24.644110610294803
100 48.618304342104494
101 -97.72342398974595
102 80.56178030821951
103 -82.90193601221715
104 -4.55751799943748
105 -5.9592873167551845
106 -56.16180717518624
107 34.954090838505934
108 -61.44468255704177
109 24.120241016954356
110 -36.974507823686324
111 50.49562800857205
112 -17.091038294747737
113 67.0685453622101
114 -57.013993241735605
115 85.454144835161
116 -32.51376851789518
117 11.789771798696284
118 76.25044814426109
119 -46.768006018548505
120 51.56574771545183
121 15.396447365279288
122 4.630867864814281
123 42.098285920274165
124 -0.1763514447208067
125 8.48433815552475
126 1.6389405897959852
127 0.0
