0 0.0
1 -2.9167604405712977
2 5.089058537060343
3 -1.8465145489820054
4 -5.911019569499378
5 -8.171721807153054
6 -27.094163884155705
7 17.270712521432113
8 -2.959941428265746
9 -32.43029101766546
10 48.17413916890817
11 -105.859273040993
12 91.76293234863702
13 -72.40208726623179
14 68.49488821898099
15 -39.346222775132006
16 7.742991647004694
17 -39.09204252914634
18 -14.740205385953514
19 -2.401094767467492
20 -64.51657522495813
21 71.79966852252674
22 -119.32943208340515
23 102.05262057388128
24 -91.22560341661615
25 76.32519299469872
26 -48.301709843658244
27 -3.803007874118817
28 -10.960584054736728
29 -25.578093024646577
30 14.38981314883167
31 -24.888333943234745
32 34.0312497503522
33 -16.471188669492058
34 17.31862569137849
35 -7.45197403466991
36 33.00926573078375
37 -30.94286123776424
38 26.819100604504992
39 -50.57088949034034
40 11.544309307393513
41 -57.54816143754761
42 22.763693610505413
43 -38.8416475818049
44 -3.116844964171441
45 42.774502518437835
46 -56.95484427729188
47 87.12818939046844
48 -30.92535814940985
49 35.685007363523
50 -31.264333217499438
51 -22.52601145833211
52 22.881653863538244
53 -23.52349456031592
54 10.27569082852536
55 -7.457200760703984
56 -0.23828294540267836
57 7.976583285104223
58 -25.98410368781027
59 -0.8161086515831402
60 -25.201047632983194
61 -13.59543017947773
62 -21.022928134360765
63 7.235491268025573
64 -36.155511921535705
65 12.734555029151265
66 -32.18261537518863
67 -31.68087161577235
68 29.68382054083888
69 -15.435742681543795
70 36.995744022801304
71 13.416657336331488
72 17.01598286890369
73 -2.5571756286717195
74 39.85057221438417
75 3.5032541309172514
76 7.740459651317615
77 21.58113581376446
78 -3.902506292741798
79 16.080449202722612
80 10.648263768436102
81 23.01962847899505
82 -26.969737851934724
83 27.072280039293652
84 21.34719915453545
85 12.341195402560784
86 17.42434464574159
87 -10.438077536719282
88 30.011758615809452
89 -25.132742750189333
90 9.543822586307336
91 -34.01029559118027
92 44.14392747890507
93 -72.66272717978892
94 79.60207132279037
95 -35.715054859716496
96 60.89117473880346
97 -14.06805640712353
98 0.6856051474510014
99 56.72901139937756
100 -29.941577544860635
101 5.683511087974842
102 -45.27077404052874
103 13.104655174690205
104 -59.259886406455436
105 9.288206933510592
106 -82.7236970635196
107 46.332678082407085
108 -110.53856992479348
109 71.89173958192556
110 -92.82726019305281
111 10.55349367039035
112 -12.71614526343211
113 -26.908607211515246
114 11.27741686489535
115 -54.38788457111557
116 64.53876958637464
117 -43.12281863119704
118 44.6317665595687
119 -11.107899342155461
120 28.416914123175946
121 -4.9701918627957085
122 13.695303520715017
123 29.012836343123222
124 -3.242943860546733
125 12.585822318120082
126 -1.3224454606166975
127 0.0
