0 0.0
1 -5.691689829733152
2 22.195912560338545
3 -29.606113817701083
4 19.620747590928833
5 -23.7014373823516
6 -51.45517858760334
7 13.144861258082628
8 -151.64678820695278
9 33.0494548565851
10 -122.4047480760154
11 11.780671741195532
12 -77.0505898447689
13 27.05382480365748
14 -31.205829557555038
15 -12.76694128569099
16 44.739421816444626
17 -54.193096068213784
18 77.44310787670595
19 -51.130315932272644
20 62.92969600068954
21 -32.634472768956186
22 -29.88087424703237
23 -10.435450122547293
24 42.212816347636064
25 -25.992803285262237
26 11.903814209197948
27 -22.81493128134298
28 -18.71649352599595
29 -9.134482182924854
30 -73.19481741751895
31 39.579749442054975
32 -71.62865788093225
33 61.082254635820426
34 -38.78351857278391
35 56.85315619202322
36 -20.138326081795007
37 52.731285484194856
38 -1.3918659245132987
39 -4.2154741078527485
40 56.421046911481355
41 -51.422937510989506
42 54.21651022983763
43 -8.099821587662847
44 -9.033528437460134
45 25.25673232689076
46 3.209785848144372
47 22.907933957855388
48 -10.925477982262821
49 48.93450162252545
50 -25.098924177941242
51 -15.524177384935813
52 26.32114268308328
53 -53.15796203729785
54 63.05394486062611
55 -61.97995158443567
56 39.80087530331619
57 -21.046202654249015
58 -19.46903568442081
59 15.244033705400124
60 -27.929911733826703
61 -17.15085579288865
62 -34.70988461807686
63 -8.208587724171707
64 -5.669255427667494
65 -13.23121451308302
66 7.749490933674243
67 44.16209139330351
68 -21.19563785310246
69 5.545715806584652
70 1.7236246461465612
71 -6.053251032776939
72 2.884700656853914
73 34.912215373942544
74 -4.063248534919955
75 55.3167156566084
76 -15.69458021536429
77 0.8304737037407259
78 36.114132175912545
79 -54.729002192025405
80 34.96010679771239
81 -15.854400610936771
82 -13.496572919458744
83 -19.416145977596386
84 8.98934251208691
85 -2.729210744503475
86 -19.823454537167823
87 42.83151108759687
88 -61.3638073117533
89 47.38186347479156
90 -22.489676947747377
91 1.315637939961182
92 -10.344958460865193
93 -25.745120168796763
94 -11.365715503193945
95 -40.197716934175475
96 42.47927436777036
97 -68.59355112076433
98 29.83668044374738
99 -10.061516231085953
100 4.45818726547606
101 6.689916803276057
102 -20.775999135681815
103 -28.092422743255185
104 -7.807851620221267
105 -45.21262735316453
106 29.17079414000787
107 -11.508840251496004
108 -26.222831033028548
109 -3.1241126023169086
110 -21.48472316936827
111 -56.103805826715735
112 10.286459888514136
113 4.788524303125153
114 -14.502737740664639
115 60.564186570156544
116 -47.06407526484221
117 79.45042096890856
118 -76.34182226283464
119 90.56946697457086
120 -35.93998999142404
121 66.59042421222814
122 -20.735535784689688
123 31.303618169007873
124 1.3111576883738645
125 10.6544478767396
126 1.5455958518025943
127 0.0
