0 0.0
1 -5.677626491547024
2 16.00903802139695
3 -24.047853266781264
4 6.685799277232852
5 -24.793276065306998
6 -32.032285222412504
7 20.485644805726917
8 -110.97676495475764
9 87.57007584049201
10 -174.5637801906219
11 96.32306432219721
12 -139.1655828028048
13 64.4408047490536
14 -38.06179521150269
15 -36.53049955974057
16 26.752512990955772
17 -80.79296831840446
18 39.121486348756136
19 -11.07394482481727
20 20.8743100800411
21 16.428894586211452
22 41.21692664240611
23 -23.191811732687786
24 85.09717251876783
25 -41.895194241726074
26 28.708084386836443
27 -27.32922472448883
28 -25.11257924455981
29 -29.831792450253307
30 -30.698290075834617
31 -16.954977927641483
32 -67.36329518650108
33 15.328322875090155
34 -80.7950721686836
35 -7.834646407859946
36 -34.52369248835607
37 -24.474940739099253
38 -22.79959639376887
39 -36.532535069093015
40 31.499495188994924
41 -21.672790819236386
42 14.3568730728255
43 6.1349569701447315
44 16.56600165874551
45 -41.703328675161345
46 93.03264174335088
47 -68.26276451755244
48 35.231001531453266
49 -10.631097443507931
50 9.318607165086572
51 36.542075739367405
52 -50.66719210422447
53 66.43615519916001
54 -43.00359948948432
55 44.47465426630052
56 -15.003672946265441
57 13.911616188811001
58 -23.321111798516945
59 15.110832454807788
60 -31.831265242112565
61 -24.948127030242667
62 -18.975874387938056
63 -4.515580731135546
64 -20.168759713671594
65 22.55096987640489
66 -30.98538497026149
67 28.463860904115087
68 3.135147282964541
69 -5.893237994060371
70 15.055173208276754
71 -1.5369937916559886
72 25.859714964267358
73 -39.059149872813755
74 59.58283547418149
75 -11.456769104555093
76 51.924687201496205
77 -25.862774373454492
78 51.63851330317619
79 -5.455890646495106
80 53.811284095511176
81 -78.2136985680894
82 48.660419058808564
83 -14.937096281519842
84 18.787558148360418
85 42.226867581636704
86 -49.066228814274304
87 50.585770543199786
88 -30.594513765077583
89 15.43470609280927
90 -11.82491206329442
91 55.32256055397964
92 -57.11660193080804
93 82.68125446025853
94 -106.49109834527212
95 88.64000853205403
96 -89.25046189167952
97 0.6742406359261401
98 -5.561598920497986
99 -31.73226857448974
100 27.937704162559058
101 -68.98793479067082
102 22.85040312746323
103 -25.546767826165162
104 6.155346658409933
105 -64.72701134260731
106 90.51077062513266
107 -102.1196038566553
108 45.82099969399484
109 -53.43900323270928
110 16.3619574705381
111 12.147559334880766
112 -28.048552818587165
113 57.09265264423735
114 -36.228036486141605
115 43.41605947055582
116 -46.14320935997125
117 59.27643108990212
118 -16.35068604410546
119 41.19614390420349
120 11.121185809038046
121 36.557294924814876
122 15.98969405048836
123 39.451032264114026
124 -7.326976597897509
125 12.379311946215699
126 0.5576366150832427
127 0.0
