0 0.0
1 -4.517265423238181
2 3.732269861890156
3 -8.887163126357239
4 -22.409125073399167
5 21.033685210411015
6 -54.08426944240709
7 42.98779426476379
8 11.380363150803113
9 -13.246296338842715
10 39.273033704918234
11 -58.38199517264535
12 45.99280436916759
13 -42.10776406390064
14 32.17827336579374
15 -28.002632282705022
16 6.683524268730202
17 -27.089244748250245
18 0.40590609481585527
19 -5.0729626912433545
20 -50.28883649176727
21 60.07110474276722
22 -30.62731955686432
23 30.359401444451386
24 -18.205912246261356
25 114.7741259113366
26 -97.49395639927381
27 70.00211248308929
28 -25.301791182053964
29 -24.192704056052683
30 10.92998024370471
31 -28.559991957567366
32 -18.943039892532664
33 -17.885158583029874
34 -10.499530425598802
35 -37.762985130938915
36 18.205699130091173
37 -1.835783717482202
38 57.81582521243442
39 -28.065240414013157
40 32.707199658058144
41 -4.226861646421255
42 51.113413145339564
43 -33.57451260736441
44 24.816994738434758
45 -19.52858469648412
46 -21.411493198727193
47 -1.438603068577635
48 -29.348490080512224
49 -41.757347210578665
50 -24.160015517538557
51 -0.2064207072761619
52 -33.37655674029876
53 -34.2669869035131
54 34.025153188583516
55 -15.716423970199761
56 1.7022058256294847
57 -11.080631607209279
58 -64.62866739678985
59 22.38852291879187
60 -22.663598628539184
61 55.3185024656847
62 -19.834695422164042
63 21.226609014713553
64 0.9847243129047539
65 9.751632629089375
66 36.64263129221176
67 -0.324550279805951
68 27.692937744401107
69 35.61813303620433
70 7.103506619585831
71 -5.186980431523075
72 34.10992527271031
73 27.058983103904804
74 -19.390191721859082
75 34.03813643579836
76 7.540741213151935
77 3.57066451300167
78 -7.050336647482094
79 -26.307238040352722
80 5.1880641248657104
81 -25.41118490697764
82 -42.77789436402508
83 -6.748157369271396
84 -48.8767399206417
85 -34.46192871781901
86 -19.339611411043894
87 -42.43096937151544
88 3.0388071419412475
89 -11.737101942101502
90 -11.170617259099263
91 -16.354996575979595
92 -26.641263483269885
93 -1.062892110205213
94 -19.486134009209305
95 6.337532002191785
96 32.85544793759623
97 -67.29846519458071
98 93.92822901379624
99 -64.50988374906849
100 43.91910005443948
101 -12.183480023802694
102 11.701804702814512
103 31.504075732675094
104 -55.209177372715935
105 65.4425228510051
106 -65.08941804257903
107 37.471467566002694
108 -68.30628094847883
109 12.228688815987356
110 -45.83043982424116
111 -0.7719658331214119
112 12.766726858558325
113 -14.363475527716691
114 3.4764959863776204
115 20.119676825991053
116 22.95687786830529
117 -8.133824898564969
118 69.29040126143212
119 19.414000276977053
120 -11.151236160054925
121 28.72735726265621
122 -4.335234447019293
123 30.522238502070905
124 -5.858533357602516
125 10.5436388954658
126 1.174261022999679
127 0.0
