0 0.0
1 -4.360349931048514
2 14.632264935131353
3 -10.503732754365398
4 12.26614742267135
5 -13.511912849984597
6 -25.265115763014226
7 -8.792190739049738
8 -60.22172953080539
9 1.2814379166305347
10 -61.61111722825626
11 35.602162908085
12 -46.58950991987023
13 20.114524167609154
14 -83.57213085474496
15 17.651975177011735
16 -63.62232619891002
17 -53.80801195378484
18 22.169379198029493
19 -76.10964546147711
20 56.730778235638525
21 -67.77538482895372
22 58.51392534820202
23 2.553746720158861
24 -5.102456393727883
25 32.24880844012291
26 -49.73896132684717
27 60.658747699757235
28 -10.809453607643782
29 68.06929677706611
30 -8.486642726642128
31 56.75857603325803
32 -8.739378311217271
33 14.009687346416467
34 34.0836769832797
35 -44.11820231434612
36 17.745650103074116
37 -32.48870195329303
38 -0.017753304438300338
39 20.481265694569
40 -32.33956489996286
41 -20.537494682457744
42 -42.42824029833095
43 -0.44590568146428483
44 -57.884457653273756
45 9.518915648274536
46 -19.28083064676927
47 -11.00999805689
48 23.397091812408373
49 -44.93004599186044
50 -0.13362164097959878
51 -13.086144964320814
52 7.758638174843893
53 -4.387091296936027
54 4.576711173482001
55 -23.476388278479313
56 -17.31102465173742
57 -11.606828782158045
58 27.937709754786134
59 -24.11808119307202
60 67.06100664436603
61 -28.24834130276808
62 31.87833121041564
63 40.830307761948795
64 -39.718179099155684
65 22.627119711758773
66 11.25794312276835
67 -22.08836575920562
68 7.59041514295407
69 34.711336199389066
70 -43.202760322224286
71 14.750369298496107
72 4.605367493530447
73 -16.63497278402309
74 63.62344533600735
75 -41.80722185696977
76 27.678238997524087
77 -23.24976096101744
78 -49.99332598254374
79 29.054128274723574
80 -70.9768861484052
81 82.62762031911818
82 -64.17960270735716
83 3.379930338291784
84 -9.989351861995234
85 -17.875309594418432
86 7.983562915010702
87 -2.612640997352265
88 9.215153583358177
89 -44.56698660391373
90 41.755585164296974
91 -44.29314808601764
92 -28.31725337192542
93 48.130193691937315
94 -32.55689899381978
95 59.60136667210764
96 -10.443515912619324
97 9.267135406833274
98 49.7808650931111
99 -23.99470719127347
100 45.562849346679776
101 -17.221240721631226
102 40.42161004986231
103 -23.139147313723722
104 9.480675195072207
105 19.557711892583402
106 -25.490681273310216
107 27.69463569756418
108 -42.66342116444581
109 12.013988929311862
110 -27.927188143127612
111 -30.12264274756436
112 -21.157751421656354
113 -12.422602518922877
114 -61.29640577181782
115 5.488033436185123
116 -76.99338659476999
117 56.2298973983318
118 -54.68564546543232
119 62.03995757851104
120 -16.929932404713753
121 15.578198385306965
122 12.134094214806339
123 6.652614851726502
124 8.560015051726024
125 7.646900518992283
126 1.2692674509871444
127 0.0
