0 0.0
1 -4.072999261352008
2 14.339950074109877
3 -19.374362695695453
4 33.11871094672079
5 -18.173188486277134
6 21.10699557631503
7 -0.9768297135622926
8 18.34609238041156
9 6.665035780159819
10 2.464481064004675
11 -28.323899483379755
12 21.633017936208653
13 -22.29090803873589
14 -49.07208600396143
15 13.78111403608738
16 -53.94555673183418
17 5.999536568560791
18 -91.35513031970761
19 60.25242604192381
20 -130.88935493847066
21 47.37147804818908
22 -45.954614225309754
23 -21.871060210484885
24 -35.30622306765358
25 -23.16427978195052
26 1.682706998276793
27 -7.494372654402043
28 24.35539975308567
29 -36.91204152091441
30 42.13685098312799
31 -67.65159978784348
32 53.07529060570033
33 -19.446784417375316
34 10.742445852622742
35 10.091849948057012
36 29.759112523167488
37 23.277685528500623
38 28.94932180895594
39 3.7255510404566925
40 36.64989841687508
41 -26.144556863422434
42 50.78998261187944
43 -14.816959459110093
44 21.369832964979874
45 39.855922056312885
46 1.0767309202034379
47 44.01548757672823
48 18.280914477721993
49 -19.452790472160018
50 18.22099301379153
51 -12.38240718667377
52 -1.8838093642681855
53 56.3711837467865
54 -57.23906793063731
55 31.954284589042352
56 -59.607619277083785
57 15.005489417589146
58 -6.33580917061074
59 -78.9291894299337
60 -22.05918874519402
61 -61.07563387417849
62 -0.775557212637647
63 -5.208568744470218
64 -32.98695440818528
65 76.17570505256533
66 -59.647197914664254
67 73.98866226276711
68 -5.384921331967572
69 -17.20314775234768
70 31.837045730264617
71 -59.074311794483094
72 41.72782689884773
73 -22.27289859221397
74 2.1183253653920464
75 1.1452359447388816
76 -38.41625863503431
77 16.824754309575276
78 -40.53992724645918
79 -13.551030855409076
80 26.62890723436459
81 -65.05994096480218
82 9.763628446098314
83 -10.902391717775958
84 5.433276208679095
85 14.844671224093206
86 2.5944782744666224
87 -26.41891160001317
88 24.255598379750857
89 -42.0289843415819
90 46.30364519169686
91 -52.647525141660985
92 31.05891367691528
93 -33.628762869764806
94 -6.762684861414828
95 8.13536291879479
96 -9.79064018415007
97 58.975054794252976
98 -24.279363520459803
99 59.03783047337398
100 -2.085460058297214
101 46.92371450339999
102 -19.72781956955518
103 27.92023691668691
104 -4.728816965291779
105 11.089671457589365
106 -1.0384053473468058
107 -10.044997515133971
108 -16.92223973105295
109 14.916041258091687
110 -58.23757073275848
111 21.831038466494537
112 -27.65757951919796
113 -8.821082664422525
114 -21.092969576601035
115 -5.1081185834433205
116 5.110123822514299
117 -11.926765303668136
118 32.48800689939811
119 -16.182654119649268
120 -39.19619544932008
121 27.313616231026298
122 -40.63258615995419
123 26.923565121213887
124 -12.5685011671363
125 14.052785295897511
126 0.014240330730237822
127 0.0
