0 0.0
1 -5.052936398532318
2 16.22891865293583
3 -25.856870322155736
4 22.1459274506238
5 -29.530858858709355
6 -1.5353087357415738
7 -24.40454801394327
8 -35.26135276080242
9 2.134581246699807
10 -52.01321412787363
11 12.662223610405086
12 -57.77639711397989
13 65.15059114113012
14 -53.284171781183005
15 57.744672535886664
16 -68.42574403161403
17 41.09481606637425
18 -21.34118337617098
19 23.158116282616806
20 24.318201161468366
21 47.18636145788873
22 36.25939718410638
23 21.829411439884367
24 78.43137877666985
25 -32.07779533893662
26 78.467695502149
27 -66.79429460670043
28 100.37155766900025
29 -36.2689348689704
30 0.002508097034677239
31 -5.972282801002734
32 -47.97596537865125
33 24.25803908541181
34 -26.648221855697464
35 -7.193930364835432
36 -27.932433973842727
37 24.57250302174596
38 -59.22681512434262
39 1.224529785789623
40 -3.275737665159981
41 -26.14021707484987
42 -29.761918697485374
43 38.46259945768646
44 -80.67788714358949
45 11.420615319796328
46 -42.08197165624736
47 1.6845198399456949
48 -15.023430134126304
49 -41.88637565171419
50 -5.996036255061902
51 1.6795586508895846
52 0.6546432002907321
53 -34.836593636119595
54 37.87035880501998
55 -13.543611283047133
56 1.3310098802100419
57 -3.914484059508978
58 42.762982711517274
59 -38.07044561066642
60 54.67811555838502
61 -28.23185706252231
62 20.542534902049987
63 13.474012367473701
64 0.5624963108276919
65 23.54359241840744
66 -14.254758589534658
67 18.231435982271336
68 53.01028556788373
69 -30.11415786492549
70 61.532660746301715
71 -22.11533267702251
72 9.016039614786296
73 -25.7760342817688
74 12.833729173202716
75 -7.21497612921599
76 4.324538057835773
77 74.35844874865181
78 -67.55595797152546
79 82.60347105711419
80 -62.88567161384674
81 40.028314900500995
82 -39.50002621463025
83 2.072097080323
84 40.54595079037546
85 -78.38199024756106
86 43.693250871912966
87 -70.18459990730919
88 -36.355785595002715
89 -32.071514059592396
90 -67.85264003020959
91 -15.586395723750753
92 -53.663224151573125
93 7.0407947225475604
94 -69.88073150028715
95 25.098527611721394
96 -43.72552384759025
97 18.23572794591313
98 -14.558836389498028
99 20.27031889482825
100 -31.63629912366834
101 0.8938483377533217
102 24.177179069890922
103 -50.73342833425894
104 43.193782452750476
105 -26.459101285997118
106 38.26087393789019
107 -43.09150730486856
108 103.30195484795313
109 -45.05834086701077
110 25.41787632110118
111 14.966421117629002
112 -13.893164787574246
113 40.94165335745538
114 -29.15866099631143
115 39.84420258324151
116 -34.75934771524437
117 29.548297980021214
118 -59.00443794231805
119 67.79727417433965
120 -66.52442184614902
121 22.892703731410535
122 -30.06322720120078
123 26.53468715093406
124 -4.018730476224941
125 11.082540926379934
126 0.3466736538216363
127 0.0
