0 0.0
1 -3.670599032572278
2 16.290645367063817
3 -22.674066660226693
4 36.54155957268812
5 -48.71181971916215
6 14.89030772206718
7 -34.56577193053599
8 -40.318824076674055
9 4.998274425713075
10 -46.15661239161944
11 26.362630215823213
12 -110.62812736695015
13 68.2770293103315
14 -64.09396319740549
15 -16.375724992806326
16 -44.232332139841795
17 -27.613201885112687
18 4.752011881723222
19 -37.8867848668111
20 -19.997662002903606
21 6.540482279918932
22 -36.38241967968883
23 -8.775187892041613
24 30.78084101088439
25 -23.510717600266865
26 16.22543468372728
27 16.734060953261956
28 -34.542327439097406
29 33.76870755477366
30 -14.280242299151357
31 -70.6555922648109
32 52.36224308350768
33 -80.37821030244197
34 25.96888935586794
35 -71.22190383886438
36 41.2908344998909
37 -36.50938162693397
38 -27.694405840767377
39 48.50794762384368
40 -63.73838019702002
41 39.5470422010036
42 -49.49083832277706
43 15.868806726343157
44 25.419768351950232
45 -8.16346383279995
46 -27.3118995458058
47 -9.78671936022815
48 -7.063071908117806
49 -13.44482253434256
50 31.587175587796878
51 -38.09443081449563
52 18.67873837154317
53 -17.149221775306987
54 -9.776661441615165
55 53.98898602158007
56 -63.78695952244114
57 105.3557179124419
58 -72.41122199769146
59 28.050571743887215
60 -26.889357252644313
61 -26.62630863817147
62 17.83018263323671
63 -21.96296294603032
64 13.101793467276917
65 -9.710063129380845
66 49.49826260023543
67 -27.207912976785085
68 42.501020802372906
69 8.539089760839888
70 36.75235423907738
71 14.261747947032557
72 7.18950088009619
73 17.71459266161786
74 -5.932586715213901
75 -41.33323553916347
76 60.14162927973524
77 -44.472803071228384
78 -15.801855996151124
79 9.849742170488236
80 -22.514248198664813
81 -23.02647481502057
82 36.19577197678564
83 -22.364467320183163
84 34.12385887471085
85 0.5231505136380833
86 -8.773354695578794
87 32.854134827089226
88 -9.657086150410235
89 21.774035985946394
90 36.85525900232454
91 -15.268183348117427
92 20.967357965513738
93 41.423945218145526
94 -49.57193396347341
95 76.47813667964932
96 -28.44203209505485
97 32.94772837872566
98 21.052787441970956
99 9.05438408171288
100 13.696968811194003
101 -8.908599103967427
102 -2.1061118944461015
103 -27.679169327094478
104 5.190438260459852
105 -76.99261148726113
106 -45.31546344877401
107 -73.3669798361564
108 3.7024588797825717
109 -91.92759781717892
110 42.51116239387641
111 -35.45933588451609
112 -16.468069344575774
113 24.939018533764298
114 -59.637931102238454
115 31.713152705098537
116 -14.454300167984488
117 21.795853280469416
118 -47.66345649115079
119 88.7805993488244
120 -63.96070351687207
121 57.536981804121
122 -29.930609450189728
123 50.72055346713581
124 -6.849453596845931
125 16.42815966250002
126 0.7552009340374398
127 0.0
