0 0.0
1 -4.53574148762938
2 12.105135248283792
3 -7.219332903683681
4 -6.665368017805237
5 -0.8385199560511124
6 -30.080970631744925
7 -20.213069394818547
8 -28.333021810072733
9 -27.79703202793867
10 3.0823716589160477
11 -4.57670828365964
12 -38.86695033324479
13 18.68736222503205
14 -78.2852581963339
15 29.96527883419614
16 -51.995297898475776
17 34.22470472834125
18 -42.98682001863077
19 -27.348334215411846
20 21.442031796547038
21 -40.320653424811695
22 62.17000511366715
23 -56.32578055543453
24 40.81658218577495
25 31.739709256624895
26 -11.744890668705143
27 20.382983481385924
28 -15.200102493854855
29 22.709799822878853
30 -23.05956088281582
31 27.14298630510801
32 -10.985876147939095
33 28.97415000950073
34 -27.64068211646999
35 -7.6481942773782015
36 -7.309311772580178
37 -26.483454156991247
38 18.204864662281523
39 -61.27889062193773
40 52.128123496364914
41 -102.16800916630787
42 45.48822281000076
43 -59.73173717588985
44 31.466693008962665
45 -19.667438620681054
46 -48.73208953714914
47 0.14508691228451587
48 -25.894418764398697
49 45.247372240236786
50 -48.57475243519672
51 36.03295398295093
52 -20.773366074242585
53 3.26970626396322
54 1.4829173875717103
55 11.401114173235804
56 -18.491594435910745
57 36.25690244721826
58 26.39100465817132
59 -4.580680098938482
60 16.765239287096602
61 40.7814204591637
62 6.8206772223388725
63 44.60861611632961
64 -29.8741136301132
65 22.86922685743183
66 -40.12064221024864
67 9.296284812061167
68 -25.593419105802834
69 -29.09425342967576
70 7.636581477321375
71 -76.17306498109102
72 57.14083876589919
73 -22.367730123143772
74 27.041303554923065
75 -31.797046551843938
76 76.13517418791551
77 -32.32303743624393
78 32.184649030030776
79 14.357273607735358
80 -24.228355867384188
81 16.902430473137485
82 -32.87069548326721
83 0.8915493886115157
84 -46.526528723227145
85 -26.04770023292408
86 -28.031875443279418
87 5.593374517874287
88 -40.10168633171123
89 43.989509140299184
90 -62.01970627796812
91 42.709874491661765
92 -24.703861591570114
93 31.397181382788357
94 -18.67945082102428
95 48.201440279715605
96 -22.806771917385525
97 17.288372477661934
98 24.924156811115743
99 -48.63921451784236
100 24.400223087437073
101 -10.846708251906813
102 8.110364710194668
103 -18.979039742268544
104 27.776395160135603
105 -49.27797131294479
106 19.110027562787163
107 -56.621160850522394
108 -23.7283532715797
109 -24.82613788876314
110 -4.516799951723049
111 -41.60020491576191
112 27.183119750446902
113 -38.01017825968782
114 -21.08725553267014
115 64.66232017408493
116 -43.71517224162304
117 74.72310308430929
118 -15.851192152769789
119 64.16257710080674
120 9.593120517925716
121 26.32019786852686
122 0.03034390305647218
123 33.14122834632934
124 -6.677930975813668
125 11.040604512226873
126 0.6076104069673104
127 0.0
