0 0.0
1 -4.711414930744789
2 12.990863802372486
3 -16.289559134199767
4 3.7804833698142346
5 -14.558154998115967
6 -10.903582459283848
7 -8.059032855078712
8 -32.890493674003245
9 -0.8029634808312541
10 -59.9875275936963
11 3.666397560217952
12 -35.673718712809176
13 -3.562680377892738
14 -36.12903305292306
15 -5.531372404627334
16 -22.000991688143415
17 -21.605997533069566
18 3.9236509822674037
19 -44.982161352226996
20 -37.73386736675213
21 -6.480214796240032
22 -38.08518580697563
23 -23.20781320638085
24 9.887295914963671
25 -3.4985395061770386
26 -13.179976498461679
27 37.451854972227004
28 -13.439805107274214
29 56.13063799009198
30 10.807131760842912
31 -8.056617791011771
32 38.35980342770047
33 -25.838474470300167
34 -4.225717510387755
35 19.7208819273894
36 -35.97322876738529
37 -8.200783576836562
38 9.449553935608064
39 -52.867733402250956
40 34.4508390983955
41 -12.431704274872173
42 -19.743980505681712
43 0.45581152272921216
44 1.106261428199432
45 -10.363985339451705
46 4.852203343227595
47 21.017793980476647
48 -26.779929209958095
49 49.13293425532238
50 16.31030181643411
51 -27.07952873068307
52 23.43843596220582
53 -3.822024507118421
54 -10.36947072879214
55 46.9679501563417
56 -3.6255070195142793
57 15.722242893885621
58 -4.518956756475072
59 -51.027830109643276
60 33.50089976896917
61 -32.6494564996626
62 33.42519162509717
63 -3.7805336214240732
64 -22.280781870982548
65 17.708536870376154
66 -60.60239347686227
67 5.473896051140432
68 -50.73911716501963
69 5.878806750155144
70 -46.394124914098164
71 -35.21585574366871
72 17.5116832232302
73 -54.352470273257765
74 59.00887011289896
75 -51.917169493322696
76 -0.09872091838949414
77 26.235600770565025
78 -25.69909597004127
79 29.51203523932248
80 -23.730854181446144
81 22.011886702721398
82 -26.50929851580512
83 2.2885673489879057
84 -29.28317287629705
85 -14.834349919219306
86 11.506112592472741
87 -29.342723812445698
88 11.698554965646988
89 -8.96671647092526
90 -23.65635825890934
91 -3.249391544454111
92 12.701175801328906
93 -44.693045885930744
94 33.392518522453166
95 0.3731223906245919
96 11.463027100529938
97 18.505183144449425
98 -0.9345413833051815
99 39.1880406022903
100 36.38024579613811
101 24.312756089591403
102 64.83384542485815
103 29.039547604116652
104 26.114309569313246
105 15.978978895194723
106 16.547062344167568
107 24.464945747121966
108 7.776662275015202
109 4.586343694588635
110 -28.128872719724217
111 59.34945900020261
112 -20.853226716631127
113 39.704400935371964
114 -25.528633455440303
115 9.861051594882372
116 -34.12169935399332
117 -6.374792240530913
118 -31.916714810526607
119 -17.345410460202793
120 -0.41711987337035633
121 30.04508779846512
122 -40.86264588386929
123 52.7123169791165
124 -12.601573387731756
125 8.415892022197282
126 1.3155559914659505
127 0.0
