0 0.0
1 -4.3844920959117655
2 6.1634415438936925
3 -22.713190682972783
4 -5.98496025257344
5 -37.75995762826245
6 5.495733835357312
7 -63.46022235925981
8 20.865953382294844
9 -61.542374535625406
10 -25.555679560298888
11 -4.167111936634431
12 -25.910810254065183
13 0.5975561990524151
14 6.4833719546203215
15 -28.766080947080336
16 17.57169615326222
17 17.960420759543773
18 19.630806018526776
19 -25.239243765699914
20 14.126599892011443
21 7.43416534358214
22 -4.817935847785875
23 59.28442223061544
24 -28.60333144228713
25 4.399863668542662
26 8.592792884854855
27 3.6590919788451526
28 -12.137900502199235
29 11.831573756431496
30 -13.731031746220108
31 4.630777291923396
32 -44.84921180855791
33 65.19301409652883
34 -25.708065164480967
35 -29.452652252959624
36 -9.60404253409962
37 -57.031991531639726
38 16.66205155501719
39 -56.383179798612424
40 20.720828660292398
41 -61.46330995427297
42 24.47784084652178
43 -53.51580142073244
44 37.85089120392468
45 -4.682937920785868
46 -42.32455478147811
47 28.187546863523764
48 -45.11966809258457
49 8.482719307295111
50 0.3945209498296756
51 11.116776609910033
52 5.925963541411765
53 18.898440602411387
54 -0.31414509272242297
55 -1.7359454103634295
56 8.53882837196185
57 54.25857300704843
58 -21.13650849874174
59 47.70031226920633
60 8.849249825625504
61 -1.0719364299606688
62 25.36267646991286
63 5.162738643989593
64 27.00729561783523
65 23.91376058280102
66 -7.324193408824125
67 17.802703597560836
68 -30.87602035035188
69 45.78816664797471
70 -10.284519854949249
71 41.156632320438284
72 -28.014218330437586
73 -11.73707609818175
74 50.20201784372863
75 -45.16761716062327
76 24.27368343292676
77 -34.35718620585193
78 -40.67689564487038
79 -36.736240661248594
80 -46.767616164978406
81 -42.38220612783891
82 -6.795917344766914
83 -31.653025096179714
84 4.534349688964239
85 -26.992443952698807
86 -13.671036767018458
87 18.222517928920677
88 -52.07765073492334
89 34.46912919742667
90 -36.491066547977766
91 8.004043239940719
92 -12.53399925978137
93 -14.98504258528212
94 10.488625726770865
95 -58.85553175870245
96 60.25842789124059
97 -82.35060145425587
98 46.6570950285815
99 -49.62146853760791
100 39.86868384382212
101 16.152756345342112
102 12.553495832769281
103 60.611071527373014
104 17.256179784721603
105 59.006766225855685
106 -2.655796289205548
107 68.35979076680829
108 -31.170720128295155
109 44.870264119830374
110 -7.481743653888993
111 -1.3470244085191456
112 36.66005673311768
113 -39.303917084623876
114 4.762219544280249
115 -21.313637638903078
116 -8.620395213912355
117 -1.3236262676635884
118 9.665656610467392
119 34.418292046053224
120 -43.11787506536952
121 94.71777916629998
122 -35.719122624964456
123 43.04590725885588
124 -9.333206908352796
125 14.503330688664356
126 -0.697903246841872
127 0.0
