0 0.0
1 -3.3538548462339395
2 12.284982845664938
3 -9.872108826185643
4 -5.599698449948375
5 -10.735330829373464
6 -47.42448067639625
7 -20.012468473813893
8 -46.23154650616558
9 -38.3900380529917
10 -60.07023166395205
11 3.3227232886757174
12 -58.351083898157015
13 -39.004538704666814
14 -26.47454352486513
15 -28.567071632038836
16 -36.98085314292734
17 -20.90770631892723
18 -8.789417143901707
19 -46.18650069660011
20 0.10877856957305576
21 -38.657691536618856
22 -2.5677286482977126
23 -19.823752663815796
24 0.37736919852838485
25 -40.18980677131816
26 6.6167607944530396
27 -11.09169808636119
28 16.414506490861072
29 39.489219021865
30 33.39369766066078
31 17.37761384090444
32 57.999367232871435
33 26.123015145997652
34 92.71100801054784
35 11.698103923600192
36 82.49712461836593
37 32.536841892714364
38 25.0165171085302
39 36.56654354167599
40 -17.582970718464512
41 23.5260600941542
42 -69.46497637515033
43 67.65363350818033
44 -86.91515579809432
45 65.48252247772156
46 -54.02663548543122
47 6.938390329536702
48 -17.441058534922526
49 -31.040565150291012
50 -12.47130246535827
51 -11.745398323923146
52 -22.277859907141508
53 -3.289710956156393
54 -2.990939035987054
55 11.998246793416058
56 -26.428708796245246
57 39.82106108396027
58 27.565237394920967
59 -4.640426309131236
60 23.05279775904049
61 47.94694869058152
62 -54.617630402571365
63 -4.126777690269835
64 7.224075318828799
65 -60.105257333692784
66 37.46135653696042
67 -60.869119163883994
68 -4.82316041024112
69 -36.70013268762359
70 32.74311213050313
71 -51.02869041750542
72 6.994800478878218
73 -18.157219475445864
74 25.890054059470597
75 -51.81873042700581
76 -15.254447748383853
77 23.06379979583478
78 -37.52329517549307
79 20.652152390518644
80 -7.842851988207667
81 24.16292204370219
82 -2.108380145300903
83 24.05041998575061
84 7.323111507325392
85 -19.814131030408575
86 20.394415296179698
87 -30.765824777059713
88 12.271997597767873
89 1.6427732867131586
90 14.640682469762915
91 14.549168514665253
92 29.417499713406887
93 -3.5202671289221774
94 0.39562470957875423
95 46.78503325947399
96 3.9424780540349404
97 53.27921467483573
98 -20.14731223675699
99 66.78986955804879
100 -25.72781625718527
101 18.030760326991917
102 49.21952880779811
103 -30.60168464337862
104 77.54021481868348
105 -44.302680657090654
106 19.04319595718534
107 -20.53509963869691
108 -18.32218224639695
109 -26.683369887358868
110 -51.91781728153504
111 -31.869452274370314
112 -66.85897911413248
113 -20.496220914402862
114 -78.4282977862228
115 0.6282141571097993
116 -9.734749253877247
117 6.2765353802542245
118 -20.217676468895668
119 9.910592616651435
120 10.20878713957306
121 -12.039527411561053
122 30.90924874428331
123 15.394496738940404
124 -6.005230086952482
125 16.023995265197584
126 -0.830405960765312
127 0.0
