0 0.0
1 -5.074192036020711
2 11.19392066248937
3 -26.488509254412666
4 1.8510134063885932
5 -54.04339214402025
6 -1.1572474928389196
7 -53.828698611259085
8 -36.03431877134146
9 -61.00609289488904
10 -69.93294261676157
11 40.833171491318495
12 -123.20592308408675
13 43.7225001695813
14 -11.959810153251654
15 6.423065233411211
16 -2.1772536900715354
17 20.242560224839718
18 8.01306525905046
19 -18.994572044851424
20 65.27629763989445
21 -63.05039720232505
22 60.297107536936466
23 -50.48202465606508
24 94.19580800255771
25 -30.07364658009387
26 55.58721039375027
27 -8.3014211450482
28 -46.36342342495019
29 51.47698031690275
30 -68.20782913525021
31 60.90982940959792
32 -61.62829585902107
33 19.71394564175744
34 -56.436508409376444
35 -32.30878356404211
36 -21.032962017177535
37 -33.15297823747103
38 -22.657050299040044
39 31.498663769255284
40 -52.459555192197044
41 82.69478435102448
42 -42.1667692885532
43 18.297706746961456
44 7.153608236093157
45 -36.4410159389033
46 46.967691920871715
47 -8.839449616159337
48 22.54586032111475
49 21.326519214585545
50 13.86779245786077
51 10.549873908665791
52 56.47019762119847
53 -37.061112328644626
54 77.67264530726597
55 21.471560509625007
56 22.06874798661566
57 11.297484340292895
58 11.916929993604205
59 -18.81777754745132
60 41.19853955004754
61 -26.584167876517675
62 12.987254827191302
63 9.571222712050613
64 -50.941574972213935
65 65.70721052965416
66 -56.92937791905652
67 89.39410013237755
68 -48.61596394793787
69 26.870506288523103
70 -33.67706895269728
71 16.364169141421193
72 -6.36867395911584
73 -5.806671732867926
74 3.204961283330929
75 -61.68908596505255
76 19.864929591521047
77 -19.008153695892826
78 -18.14832229687734
79 17.80439556207212
80 13.299585045875503
81 2.4863867031960907
82 27.121197041257226
83 -33.38061507765198
84 82.63182842302982
85 -68.21372428889566
86 10.130554984108883
87 -41.8783411234193
88 -4.388216006917128
89 -21.875730838469384
90 -13.260926091194719
91 -52.08670272164342
92 -9.728998841931467
93 -49.21666965637518
94 10.218468391453067
95 -54.6095564077571
96 -17.75494749332833
97 -9.668585888950876
98 -64.34664988308647
99 51.124234506475425
100 -62.006917271862704
101 99.21589459615859
102 -47.1714044219004
103 39.715787242673336
104 -29.18593744685399
105 -8.769429129631888
106 21.988947529436427
107 -60.53259251015007
108 100.01625525482271
109 -59.782242177424706
110 -9.277044623245
111 28.558317342903567
112 -19.44643452265639
113 48.37992581422839
114 -26.80402364447475
115 91.80326481704056
116 -31.260560757390717
117 98.92582556589184
118 -10.319221585344431
119 87.5695027151857
120 -15.471377414158082
121 25.957732938267537
122 -15.842915071786084
123 12.512337112151867
124 2.1104392767994575
125 10.381746620947848
126 -0.08434901796839603
127 0.0
