0 0.0
1 -4.897994814003142
2 11.528618197388173
3 -22.16683768223357
4 -1.2731311562155958
5 -6.740790058773997
6 -45.959487354796906
7 18.35517494504659
8 -105.17867843896154
9 53.14071115470365
10 -144.21613279345132
11 48.736878070830336
12 -96.38794384769702
13 24.81478131692033
14 -42.219593095888705
15 -11.871819158015649
16 27.907500637145688
17 -48.457920335823786
18 47.390351568244725
19 -19.23810838747631
20 43.08438899932181
21 -65.44745484511608
22 109.9844218265529
23 -51.009707248609914
24 77.15657768079546
25 -16.966852281935694
26 19.748647272861717
27 -22.167356779095833
28 -4.56444369645686
29 30.865189241656335
30 -30.862458794014838
31 52.85337665754889
32 -55.893858999348645
33 46.34743189169771
34 -28.08519954553119
35 44.17882835102993
36 -49.199931761567356
37 18.544699940771597
38 11.612492147541648
39 -23.534448781276634
40 19.65218047409315
41 23.657574457556624
42 18.031678576862625
43 -5.021062231076917
44 27.31707013875983
45 20.444416721887603
46 -18.41541212139468
47 -9.876715632389446
48 -4.700677892426984
49 -18.574234828089654
50 -0.38678854232818805
51 19.047266714174963
52 -5.390970002142242
53 -20.39760794312415
54 -11.953002415730161
55 -16.608592523262764
56 -23.307294698103316
57 32.48327999382035
58 -22.087026701699966
59 20.207269173658002
60 11.93013827431521
61 -12.153502742632313
62 45.02334371952983
63 -38.16353243484764
64 18.591398716534968
65 -27.800238365749358
66 -47.18371129338363
67 3.3347378105662364
68 -52.40433729455959
69 30.711464594343568
70 -50.19647706917037
71 -12.312550203685765
72 20.75512697267045
73 -16.163177498293035
74 54.11366583801325
75 19.5144080246348
76 52.127862508820385
77 -33.14501237415775
78 77.60689189690535
79 -14.21631802250865
80 -1.9783339681488539
81 42.72620600999056
82 14.133179553652115
83 29.792951539454112
84 1.104288608457745
85 3.769025001530213
86 2.1692448820290338
87 -52.46265940085979
88 8.819338420569593
89 -17.857380078683793
90 -21.4821178386541
91 31.995878173788018
92 -83.61627499266768
93 68.56445530816666
94 -70.24581819572077
95 4.261382420109791
96 -44.187624992133074
97 -62.11501305640867
98 -29.667882053200316
99 -19.691489448556823
100 -17.812140066948075
101 -44.5910355832416
102 26.310186828890522
103 -65.95765049741448
104 60.29072796763433
105 -61.644512038990875
106 72.34198988226153
107 -1.8358769943581505
108 11.332130895012126
109 44.77804443492126
110 -32.349096777691564
111 109.143730828658
112 -48.30925906711066
113 106.78518270933723
114 -39.03327203972807
115 20.5565508725663
116 -37.440967825378365
117 15.288625882301444
118 -6.947316870046356
119 -41.030419221146055
120 23.966774318574558
121 5.829264942655366
122 2.1917497812076574
123 24.9057428577375
124 -1.6188823319421966
125 10.165236122288968
126 0.6077981791184172
127 -0.0
