0 0.0
1 -4.9620301638935915
2 15.134914091067973
3 -21.346247767155525
4 9.440514630921278
5 -27.16346456942625
6 -2.662092616187976
7 -44.486615040586415
8 12.756586599315819
9 -39.50601664072692
10 -35.02635023687558
11 23.981793693123603
12 -75.63604144765115
13 40.73256361457134
14 -105.17819892968352
15 22.875816512687585
16 -42.887597027624736
17 -40.64381293306581
18 22.478700396389936
19 -52.04809573825598
20 10.828118165048421
21 21.334130030240306
22 -3.8565253562650863
23 17.73697176443617
24 19.55827583736853
25 6.593940573961884
26 -12.460923975737263
27 27.692544194294975
28 -7.741366101156441
29 11.429351354440154
30 11.262575512743032
31 4.814821264249926
32 0.471124102409209
33 35.97799561470863
34 -28.302404196106146
35 4.497645022517513
36 -20.485743516171542
37 55.898637858200885
38 -59.72765113469501
39 27.43574259978066
40 -0.83862390423386
41 -27.469037826540927
42 37.44758355830095
43 -6.221702741058732
44 10.926175729473723
45 -1.8047621928260922
46 -12.391491406820133
47 -21.07128764566162
48 -42.965527428990804
49 34.788681595277104
50 -42.32429658345283
51 -22.929408959130548
52 21.410841247629218
53 -62.83545541340775
54 7.100519797450978
55 -28.554831226544028
56 -41.03165973475607
57 -32.20634265807741
58 47.33496153103205
59 -74.96481486233193
60 24.104782658967668
61 28.88799839254255
62 3.4281855985109333
63 23.705039839182405
64 40.84271541180132
65 -11.585921116045668
66 8.480829296941948
67 -16.21334542127046
68 -27.887979284724388
69 14.546423899848051
70 -54.29645782551407
71 -21.645097050122896
72 17.83466826640287
73 -63.68308671040514
74 -12.035379773560972
75 3.90205340659676
76 -47.30916505264051
77 13.300043384029134
78 23.38231629934188
79 -65.85378908280649
80 104.9540482406898
81 -1.492110921126899
82 49.94171133670311
83 44.429228897224256
84 -15.44970961116343
85 63.51058451376473
86 -14.83957801426269
87 18.986416596384295
88 31.93846597041313
89 13.929682511071547
90 -0.5914907999851609
91 26.586858161584914
92 -20.9821912612165
93 -2.950648395268466
94 9.837558133123231
95 -43.76685348360744
96 29.868977447701308
97 9.006737105513794
98 -3.335709543386834
99 28.211637731441957
100 -52.559373104583614
101 69.42522382659372
102 -78.56219114381705
103 24.660843727244167
104 -4.868454330836607
105 25.67698313633077
106 -6.8601129594106975
107 32.20329719167689
108 24.781580604688866
109 -38.47401079939251
110 82.58746506216308
111 -70.28281448882308
112 5.8368310484687
113 9.372789938632039
114 -50.543497115707375
115 39.50280434197896
116 -60.595513924966106
117 0.4419547880119105
118 -26.10142382111508
119 -13.723607386528624
120 -11.866651832730698
121 22.558854158034066
122 -21.775089369473417
123 33.62457307302938
124 -12.23232857519201
125 13.449807364772667
126 0.24727282579673662
127 0.0
