0 0.0
1 -4.603804707342467
2 17.741675817917134
3 -22.52575140779452
4 32.23121211659576
5 -34.50420079120025
6 15.91611344181607
7 -45.47561044197033
8 -13.029404379469993
9 -7.810004523925057
10 11.498791986832764
11 14.781837812767101
12 -54.81290166828496
13 11.579231923980505
14 -53.036259678130875
15 -4.823571106174081
16 -52.61163306332243
17 -28.757856606772368
18 -65.22190164395747
19 13.839357263985528
20 -68.82553963808066
21 59.80693239117524
22 -73.1668244176855
23 23.919808868949705
24 -7.72700885527116
25 2.130480637455668
26 13.686508666516719
27 -32.54360404635605
28 -27.976313169124808
29 -9.726490337774372
30 -37.106565531629066
31 -3.2816723898256948
32 -1.5584505653155656
33 -9.237599000031459
34 6.449896315606207
35 41.93468239914051
36 -5.314355298598851
37 20.001021713082665
38 16.276293048544414
39 -20.787389328116014
40 55.10930561602681
41 -63.075186096739436
42 90.64074894036007
43 -29.591998828306306
44 52.937838155329395
45 -2.98271263445077
46 32.40888831228258
47 1.0690814976737506
48 55.22602669020122
49 21.094006324432858
50 -3.3157728537019815
51 24.48582155948773
52 -38.894588608273274
53 35.612728461334534
54 -35.534022103131065
55 23.92530466339614
56 -16.454142695438964
57 -20.65928772223214
58 -8.516824967297406
59 -22.20606135457308
60 2.0134994668939337
61 -15.369042685956368
62 -37.45966454430998
63 35.03456754210151
64 -41.36914896001405
65 8.920971239446327
66 -26.706722101598498
67 -6.866738260474235
68 -39.65639401732644
69 19.695297503367932
70 -15.917533945368554
71 -12.366444785421383
72 25.701872989692028
73 -46.88260845804899
74 49.11252232959398
75 -12.572668905278915
76 16.746901378117858
77 -11.14050875876325
78 -6.567280215843127
79 41.17314175000538
80 1.7833231109148986
81 36.85963472394363
82 48.05917791860456
83 -1.5335581613895288
84 36.06307310607477
85 -17.06348648627416
86 9.1637919039553
87 17.970977387722108
88 18.271202401394493
89 -36.09696698805465
90 1.2281157202961908
91 42.95228271346605
92 -58.026583808268676
93 48.04910084975708
94 -26.049656258600436
95 -26.58542484366843
96 29.362832244076255
97 -32.70290324660779
98 2.2769369738729996
99 -7.12219080519803
100 -13.831392840851674
101 -23.039590852622855
102 9.29791584931631
103 -7.38127097470497
104 -22.169201503879393
105 -12.586326245926294
106 -12.164125146291994
107 4.924277345567384
108 6.8472268523678235
109 -9.963896288522871
110 12.643669801400797
111 32.95971235208643
112 -21.90051164442311
113 21.538684781162655
114 -28.29615068429723
115 35.575180472965215
116 -58.26342796247165
117 17.072801571090288
118 -79.9937897736438
119 24.2577759266794
120 -23.988013738833907
121 9.762449142029057
122 -2.9016667186655796
123 20.782990423540394
124 -8.669599417696393
125 12.450861714512303
126 -0.3205401480106512
127 0.0
