0 0.0
1 -4.203521566680496
2 12.938608291137259
3 -11.474230281516665
4 4.84321489182735
5 -9.903706217899177
6 -7.302673488561484
7 -13.972981032065611
8 -41.535728544827805
9 -32.50982324649688
10 -66.34510038088567
11 -28.32897417102235
12 -65.80936406991057
13 -28.3340433650728
14 -61.85330423731437
15 9.969203426186386
16 -36.797978474818535
17 -27.50621134292875
18 42.474707635852134
19 -89.77399681083799
20 73.78713401461391
21 -33.37027710976331
22 -26.365493398070186
23 19.00392358628208
24 -27.469626527188144
25 22.51862029131659
26 -9.902646873716163
27 33.04713384007305
28 25.925126188232397
29 64.47149895613475
30 -15.204775874117143
31 10.859718788107743
32 33.86175039777809
33 -18.000332009252194
34 39.517010299265614
35 -36.873670876420356
36 67.92248597895743
37 -37.06888838871538
38 95.94111676025845
39 -55.561479280289014
40 -13.194102232334291
41 57.43202089697698
42 -93.11067675897995
43 69.97483321505953
44 -117.10716351858063
45 60.67315843629148
46 -64.75641097808783
47 0.1291968126671502
48 -34.7522303220447
49 -30.37208842716297
50 -56.64032395819314
51 -6.478329927817501
52 -51.530115847311386
53 -10.760625683848655
54 -10.040592156164182
55 -31.05070879563315
56 52.690076997967964
57 -31.339837798073514
58 32.09750756772555
59 -1.812862599952875
60 13.654016447303997
61 25.199185348689532
62 17.735080753648376
63 11.665212061559295
64 37.953060432452425
65 -25.02597710352183
66 97.32300106205571
67 -69.08599008794951
68 37.62595245530946
69 -39.38446963616819
70 36.26400476868255
71 -17.71979185439174
72 35.809408675473556
73 -19.678601295439623
74 25.48642346006791
75 -14.82085889112809
76 -37.374765580714296
77 16.98454882037293
78 -59.3693471746198
79 18.941820219139093
80 -59.41634140531258
81 53.70220820078436
82 -87.907697881645
83 37.234366407313296
84 -87.99819431197925
85 10.026327555388216
86 -33.30329520367194
87 -1.2411126639660424
88 -23.522320944768452
89 -11.934267872308883
90 4.55837451447452
91 -16.044193453452923
92 31.706147560254635
93 -12.412174674764078
94 19.823384933270255
95 66.71501549107298
96 -48.53625566794711
97 14.005231509668961
98 23.714861030204535
99 -107.48026227785014
100 78.5210530499764
101 -91.19324854103496
102 28.316144174436058
103 -3.8162272512380686
104 -19.528166857531858
105 -5.409208536562178
106 -23.71343205269322
107 25.693245298883276
108 -39.69444510506512
109 32.93710515625394
110 -26.588200536970973
111 9.177191822401936
112 27.11769765088225
113 -30.593135097134677
114 7.16500292403867
115 30.944996883908114
116 -24.993473552968396
117 61.298548466761005
118 9.949221514693559
119 45.29438337151094
120 25.909114324691974
121 53.28349375385083
122 8.44444617969901
123 28.996454512170004
124 -2.7328258505788416
125 14.39626606053387
126 -1.002147771794613
127 0.0
