0 0.0
1 -3.0200339485599272
2 10.203963375507087
3 -18.755875515290082
4 8.119519478807678
5 -40.57908623939152
6 2.6756425955391854
7 -12.173466383324028
8 -25.258922765876072
9 -0.6666342297597402
10 -33.27744341102353
11 12.181808184231055
12 -1.5669454316168252
13 -23.909941480293483
14 -16.14290082400204
15 -21.587160652258337
16 -43.48071930479197
17 51.5539112313536
18 -59.06467977625583
19 88.06879809498444
20 -9.63657585649203
21 -1.1201824326812864
22 8.713174867199172
23 15.49308222405426
24 -9.564234205486592
25 12.8907690773526
26 -2.6302677522335207
27 29.463840959166713
28 -20.241887193802107
29 -22.376302522653585
30 20.837492748844014
31 -26.679899894188456
32 28.443967012591628
33 -2.5068163828828975
34 -3.3076224899078452
35 -19.114135034272095
36 51.849793235335895
37 -45.71125798989566
38 66.0723387536323
39 -39.971576825615834
40 4.0820305995341135
41 -8.118573727350874
42 -20.888683841681043
43 -83.29268718518256
44 9.288218309866735
45 -22.20649308085704
46 -76.01385032509728
47 51.17201987293779
48 -86.08648113072763
49 50.059088595543145
50 -22.569169552114957
51 20.41527427834731
52 44.41169647380299
53 4.029613841780149
54 6.140665790604792
55 35.35736463496717
56 0.773589765033692
57 2.950666523399967
58 26.415695371090465
59 -14.914028787835374
60 3.085387241525095
61 -25.404654255881645
62 16.433847618280872
63 7.293851795287135
64 -25.533600782096528
65 0.4186855242936397
66 6.350566117680541
67 -31.844020320727775
68 11.389692880495588
69 10.353086553015494
70 -9.622440369497
71 -17.669812455343266
72 51.61501730832127
73 -37.3713637120961
74 56.15277352571574
75 -8.94021332697085
76 -34.72042295093152
77 1.6979406332783662
78 -93.83879798035753
79 18.049223106651358
80 -109.9695445830016
81 -4.178675306241422
82 -70.80169485592545
83 -29.719255476586003
84 -33.90863409143101
85 -33.93412342551617
86 -2.432482263404714
87 11.075577357526058
88 -9.325127626474519
89 34.73600076261266
90 -15.025166086195217
91 42.25815133354511
92 34.055902399488815
93 -35.666690082139986
94 74.22991516653762
95 -25.396901585431912
96 20.563198665680428
97 -9.00348344034117
98 35.397931484820724
99 22.77330533909121
100 77.48768166976468
101 7.259560995209023
102 35.738344496213436
103 26.486897997635023
104 -3.8566741973126515
105 42.37840467390776
106 3.350028259042892
107 42.29628218473032
108 -22.36101520128701
109 -14.576913751961596
110 -12.650612977498126
111 -20.822383747995502
112 -60.6997995744557
113 28.300769012005535
114 -64.67446067501855
115 -35.6195689716719
116 -42.53220207896556
117 -39.313076695461724
118 -57.37712597200803
119 20.908571612147643
120 -34.39397366562861
121 48.201385781241065
122 4.79263864036871
123 20.559514096718328
124 10.627192198314392
125 9.589306685812383
126 1.1910654991672256
127 0.0
