0 0.0
1 -3.763506540402758
2 12.448099313551836
3 -25.6904989733461
4 3.921974965597382
5 -35.151901381542764
6 -23.971961403373452
7 -31.925163321788013
8 -22.919368939514005
9 -33.20982941398001
10 7.017778276319464
11 -65.68154726689744
12 -20.9878287805734
13 -26.97683130273509
14 -48.9039575641083
15 23.507425371972015
16 -80.92964358799509
17 45.864757118256385
18 -45.4101543640482
19 46.429938761247215
20 -11.747923505040857
21 23.443266581036845
22 -20.006650403642702
23 2.7766726260398693
24 10.183736561565635
25 -39.20327003883077
26 10.716584405208005
27 -52.483589194204015
28 57.111935435714514
29 -94.33875489576482
30 75.48638224006167
31 -63.15974839494424
32 13.994428615079228
33 -38.04028823454558
34 -35.82898346280519
35 48.55449661812379
36 -65.15450447421753
37 62.36377653822343
38 -33.345111435076014
39 33.397058670590845
40 -38.96218998961715
41 31.522151867598165
42 -71.70219048728498
43 20.38997747052448
44 -71.80543632800035
45 -4.15380244581156
46 -8.099067686553962
47 4.406415544367925
48 54.45246384361668
49 -21.998143742944162
50 51.89574117632208
51 -21.732559607278915
52 82.28886519918204
53 -34.41371167629629
54 22.548734145459218
55 15.9264221736148
56 -33.962240445044394
57 41.80396529010768
58 -33.635415567798894
59 1.1800232095179735
60 2.255922307928617
61 -16.11854167725398
62 46.94328940662894
63 7.053011689241679
64 33.80358927108259
65 44.471264815956516
66 -15.88541062653842
67 -7.820745964088636
68 18.115984264499758
69 0.3356547699916531
70 -36.58314458607761
71 37.6401358549183
72 -59.105629273074605
73 53.80317611250824
74 -71.11082784504086
75 26.40813229762272
76 -36.959347195242735
77 -33.43041660120136
78 -19.819874520407083
79 -31.26803358517345
80 -15.44625553395609
81 -10.3679366831421
82 -13.186935836733337
83 -31.607372110263494
84 97.39086353214368
85 -50.59937422853636
86 16.282635444104926
87 -28.37317096186409
88 29.49566094468486
89 -44.1001721434075
90 64.43064505492724
91 -56.341248659822014
92 65.0798676560725
93 -42.1762543067173
94 35.90657956604261
95 18.28796500263783
96 -29.011743857719562
97 56.905016298221526
98 -65.56592963696303
99 80.5585264654598
100 -96.92420211210862
101 68.54789832653584
102 -45.215536817786706
103 -16.705942447825038
104 12.196124942695203
105 -56.41256595213252
106 34.691769429329284
107 -61.875359518520625
108 22.38188262338072
109 -11.44075040822785
110 33.394888459410346
111 7.327465010306574
112 -6.967255677827981
113 25.534615055408892
114 -12.688532925055641
115 60.09132538671499
116 -23.703426483149713
117 48.88357573626368
118 0.5586059588247541
119 53.48462087349341
120 9.86144778790584
121 20.638477284176258
122 -16.748973390153065
123 36.26453932983646
124 -12.5013010248296
125 13.313779474370248
126 0.2234426413611289
127 0.0
