0 0.0
1 -5.709509877604549
2 16.128035868251956
3 -28.834764880208372
4 4.978777633047058
5 -28.06423621358764
6 -27.8034887342325
7 -42.0333487619502
8 -30.841907068894653
9 1.7366353452905092
10 -73.21683933941216
11 65.41117155902727
12 -45.03624507512146
13 58.54074768297098
14 15.030950874863587
15 34.33481379404304
16 -25.568114117593925
17 41.09634308988628
18 -23.42163184920134
19 -6.758356257819864
20 5.040173008933325
21 -46.737460827677445
22 24.092561101954924
23 -41.53119085509334
24 -32.7780738622007
25 -22.114919628650526
26 -10.885258649819482
27 1.3720480265978796
28 40.65389961437841
29 -16.077836582884093
30 15.534771737785103
31 3.58072738080381
32 -5.19200714624307
33 -2.8301187880567973
34 -3.207160078042801
35 -9.856307588199467
36 -0.8576188141748019
37 -12.2294760404487
38 -40.046526039472745
39 -4.008145131988952
40 19.17883865310194
41 -34.69743104520044
42 -18.172012692059848
43 16.39235131747664
44 -57.973474497329185
45 9.342568943350999
46 -41.408420817999456
47 43.45600487935184
48 -2.8202051339406315
49 -26.469451596167673
50 59.37420153600896
51 -32.88665478270728
52 52.73029972785347
53 -23.490746915281715
54 52.708329294206735
55 32.70010875683358
56 -21.147356857973502
57 2.3744059751394477
58 6.758773627698368
59 -6.9271221982193145
60 10.691816419868578
61 -13.329213601675276
62 -5.618627269744097
63 17.660299152998675
64 12.578061990942535
65 11.513263065547774
66 38.18556607879339
67 -25.94685379269286
68 9.839813602599259
69 17.94055910624319
70 -29.077594255574898
71 74.27235997903472
72 -93.88810223033452
73 42.73132797335823
74 -75.7359262623129
75 -39.88204131337256
76 -0.9592814776261246
77 -68.36047772849788
78 -11.904386320320478
79 2.9288058540067743
80 -15.242511976809674
81 12.738751942563782
82 -5.758745102114893
83 11.709297047343732
84 -0.6676784664084001
85 -8.624519979651009
86 12.957417010886969
87 5.7943642825492505
88 32.213206703713645
89 13.33032131032773
90 59.790899650937796
91 -15.524008335793754
92 28.793912715023644
93 -32.77697409152543
94 21.599695177656262
95 11.25451429270487
96 -16.53403684847215
97 1.5075580005099067
98 -6.217067551545654
99 7.16184661798194
100 11.878497742359343
101 -1.354982480788003
102 -35.10943190358459
103 3.028813509461786
104 -1.2765281053850248
105 -41.04106771609922
106 -21.201135417141213
107 13.215941825038167
108 -39.460673023033486
109 1.359230020438613
110 -26.48281229128667
111 2.643926595604087
112 24.334170449294334
113 -19.173590338901384
114 41.643669179356145
115 7.584893939461333
116 -17.697653026453143
117 32.25586126156819
118 -17.129083191186492
119 47.54850817618825
120 -30.805575806733025
121 31.82260090735326
122 -5.794413454825992
123 22.995232932566715
124 -11.447527400111111
125 17.64839255080882
126 -1.0741050718972573
127 0.0
