0 0.0
1 -5.505619403085144
2 14.30245774303573
3 -25.3898404579239
4 31.668290538268174
5 -30.178687295802096
6 18.213796372096752
7 -30.76477286880593
8 28.993658284505962
9 -53.39796930651123
10 20.599258231697842
11 -25.003825564397268
12 -63.64199864997768
13 40.149757518311475
14 -79.4908290509521
15 24.174266280370198
16 -81.62819075405409
17 29.514916335805278
18 -50.52068521862047
19 -51.02050943312839
20 5.274494287867926
21 -40.66853714810024
22 -35.86538117801314
23 8.291049357029664
24 -3.191622502461523
25 -21.08139715950304
26 -11.202776995369383
27 -3.7367643507669825
28 33.52619428972851
29 -23.212852624762675
30 57.32538893880578
31 13.008585762968835
32 12.965780028383914
33 36.12391841210958
34 0.24751406168621326
35 36.76105923368847
36 -6.976244761647734
37 20.94595561313988
38 -23.063301015761738
39 12.288802622324793
40 14.784977669322497
41 -16.575517241863672
42 -43.67658751939725
43 -5.687757585729725
44 -76.20056277567497
45 9.033478629309823
46 -39.10898670866104
47 -9.354236559518196
48 2.556690607882923
49 -52.259949247019975
50 -3.208120433898029
51 0.23606670805927643
52 -1.4599048875048997
53 -9.888531083390102
54 23.82212193456013
55 -39.38261041159211
56 70.18858523740056
57 26.097831127112308
58 -16.313059201166823
59 76.91008668213354
60 -17.90711423981763
61 25.440868009937912
62 -29.868936280031388
63 11.123109172946332
64 -15.35510872808811
65 -48.987671579976215
66 -11.376668916651006
67 -26.57454328448173
68 3.5696258649978385
69 0.8147460053981933
70 -13.894692686853624
71 -19.387125913203846
72 23.20138967464976
73 -4.490089056270256
74 -5.709302159299824
75 37.32606682442947
76 -5.012889153621672
77 -14.881331015623461
78 12.450616113718267
79 30.156938734385218
80 15.081053591501105
81 28.118247589435118
82 22.82207944030311
83 -45.8337226526361
84 25.25200361480688
85 -46.51159038391478
86 48.4209473981928
87 -52.46649931377734
88 43.98829405570045
89 -26.28548081336931
90 -19.964700031709175
91 24.230572816026477
92 -4.0544524998339915
93 -14.832202831540773
94 -20.107423238235214
95 30.751544408039525
96 -86.60097501300994
97 36.74795900600732
98 -91.28401138242411
99 36.52493189886352
100 -59.48377898014161
101 11.213176442136406
102 27.637098415149914
103 -40.192996387122726
104 23.683615139049948
105 10.437950906836132
106 -6.997205307595288
107 -9.526539924244354
108 -19.815175577671987
109 -24.649445531861282
110 15.143490742844856
111 2.552659412062761
112 -4.534034448135976
113 43.82572382187798
114 5.369258388241721
115 9.234004921568983
116 11.80592542318
117 47.14820448565459
118 6.882069849285953
119 -7.202349971907219
120 27.53586435047859
121 24.724157439360763
122 -21.030022566497003
123 58.44301219447373
124 -20.432904168279034
125 16.77685566382813
126 -0.6033326735546359
127 0.0
