0 0.0
1 -4.6642773952010765
2 13.841611206356134
3 -21.33044499037104
4 10.37120569954297
5 -8.206183696854126
6 -7.179106229942546
7 2.028641425367245
8 -61.43007082633177
9 29.209865060401736
10 -89.93130593148925
11 -1.820740680532555
12 -48.213664420255164
13 52.09675819706989
14 -40.25985867086894
15 4.476795505773372
16 -1.4483972829785
17 -54.87254941766106
18 28.716739115114652
19 -76.47030097502835
20 61.290112702692646
21 -43.12517828808556
22 17.82981199122475
23 22.005045140018716
24 -12.625490845993594
25 54.86338376345376
26 -32.560128176065774
27 101.27186712824074
28 -40.23614112658118
29 30.05848505474881
30 -24.049936172926635
31 8.561760614890076
32 -28.2615354511221
33 -26.90687361151768
34 -8.523146740363789
35 -11.663060329668355
36 54.99064181892361
37 -74.63985915388237
38 46.335774826741755
39 -5.516428911587622
40 38.48516372783413
41 -41.9175874450215
42 57.92455517862045
43 -5.287060421724277
44 11.241155843689894
45 59.9470264751593
46 -63.839049877889
47 0.057101718259072315
48 -33.398047647954584
49 -15.355555234170676
50 13.35162879999235
51 -18.95599609565113
52 -2.9731075852535285
53 2.7350064235253613
54 -17.32766460207848
55 60.40098538204521
56 -18.103213066427422
57 51.68970286751788
58 -68.85957958462241
59 27.362998645788725
60 -31.815416716964933
61 8.535885510004858
62 -26.421273802970237
63 -34.96948097325807
64 27.23045556494953
65 -59.45832891812465
66 9.076966848771098
67 -9.198011879379317
68 -12.981881532814748
69 -26.38785562986611
70 15.855369709431084
71 -29.149923882546975
72 91.62097932087929
73 -29.875478742214597
74 37.616738832244195
75 26.933802779528623
76 30.453395346831293
77 -13.791942362421057
78 46.24766332719649
79 -37.12053844539347
80 5.215029009672916
81 -24.003031399461566
82 -66.3633862480893
83 37.78712656464023
84 -64.77144822426827
85 2.382444441139053
86 -14.574397673805995
87 18.179107500736535
88 -33.92016180646961
89 49.78204915533926
90 -34.163329680544834
91 67.11544173988531
92 -34.17716755151215
93 46.301832238900374
94 -41.49455358293393
95 27.344600529521973
96 30.648316795386084
97 -53.549444263474484
98 60.729188027837814
99 -39.73363370057042
100 37.26902541762833
101 -37.850831408330485
102 46.03267291234361
103 -45.04663810172573
104 57.20399722107713
105 -60.825467475561375
106 4.2172180958721
107 -22.124809786851866
108 -18.102324184630085
109 -20.78469709292478
110 -18.44670792026741
111 18.7151371099566
112 -67.95363005207665
113 15.12507198086956
114 -60.64829047087728
115 4.732753961619813
116 -14.242314402284213
117 -12.91238498903429
118 -32.405583615585314
119 41.20143697513952
120 -7.384455178677865
121 55.98011724685082
122 -10.433647395903353
123 35.29400930640973
124 -5.628248197509198
125 10.035880772992105
126 0.08480524524466314
127 0.0
