0 0.0
1 -4.554122883069009
2 13.654448817681002
3 -23.564431582093658
4 28.065480405031646
5 -21.077642992292198
6 30.23404798956801
7 -19.299372254137207
8 36.71538810267541
9 -29.621715078551112
10 10.426635680562761
11 30.794009190056777
12 -30.002325107055395
13 59.676275061263404
14 -27.341045699324564
15 6.377003593864718
16 -23.42407227190936
17 0.6833651143757052
18 -65.02770452957022
19 49.84832755685641
20 -93.8981949325753
21 6.002514597384246
22 -65.83007847994008
23 5.92140380593315
24 -38.93872458547821
25 47.69563878000937
26 -57.07467263789688
27 13.360234656253727
28 15.980015456511515
29 -47.96925229280753
30 50.561495589048704
31 -75.81045994748658
32 73.41614900873819
33 -43.79822016275165
34 -10.16721242757216
35 -6.002763958240842
36 31.501367905287413
37 -55.794793486009155
38 24.948211850408402
39 -33.65047314921957
40 4.2226906426627435
41 -0.4204381379544909
42 25.051657650324017
43 -45.24560803952659
44 3.8969508207932755
45 -22.14235278232959
46 -44.47532219563871
47 -13.100789127520056
48 -27.90738385847483
49 9.768664822805473
50 -18.66519944936007
51 68.50261635016233
52 -49.51275554760316
53 34.70432371342211
54 -8.936827258551865
55 43.74572860151319
56 -21.919521292497453
57 33.98770180838649
58 -13.436925933739225
59 11.462428142931815
60 24.947268739373648
61 -8.941200757573979
62 -2.584002317302644
63 -14.523285915687897
64 23.955572387867164
65 39.97323317529694
66 -27.529152752546818
67 45.43560192552298
68 -11.353654003333466
69 7.219957781966215
70 29.9359070912294
71 -23.507235878898832
72 70.7480956021606
73 -72.34076805784703
74 74.4981697948391
75 -34.44480238975411
76 0.5486022736615724
77 47.53290080957268
78 -16.307435490349572
79 66.3958890746248
80 -21.652073771718136
81 52.78826767259121
82 -20.746166386894686
83 -16.033801171720064
84 21.240447156688933
85 -39.91996782350245
86 23.600077462260494
87 -52.56762386819551
88 53.31723292000002
89 -47.77212285897739
90 -34.11690925913093
91 32.24100322973622
92 -86.80894094751994
93 27.027990348038127
94 -34.44892290915314
95 -1.555778412439461
96 27.560498732884774
97 -4.537800232740669
98 12.775405863140847
99 -39.98991505023095
100 26.73836195716743
101 -28.031434805611337
102 -8.703619741924335
103 -8.313703138634402
104 -52.358533170972365
105 21.801039085193302
106 -78.43917179787208
107 16.90778578759046
108 -74.12500841127355
109 29.286795890332364
110 -42.659568352129426
111 1.454208110580097
112 32.97317519424741
113 -7.962761792609188
114 64.3677686785346
115 -4.625546451984028
116 36.24402039148085
117 -1.2057813354526643
118 -1.568609227613672
119 52.4673957860737
120 -25.82340864889461
121 40.32354295755901
122 -28.67773295912544
123 27.143515405040418
124 -13.305093284781357
125 8.335724455907473
126 -0.7596710798515234
127 0.0
