0 0.0
1 -4.010785806425274
2 13.292326945985673
3 -10.941740581484423
4 -18.03862937636188
5 2.1516809366300818
6 -29.563268200062424
7 -17.27505312003774
8 -11.089543843514045
9 -57.57548401828709
10 1.4523251633937841
11 -63.1982245127364
12 -1.3316637181932123
13 -32.73544405138753
14 -1.4343318437736905
15 -2.289035896956908
16 -18.351864810905955
17 19.103760114600004
18 -86.29900118367274
19 43.15088865837404
20 -23.270432353307577
21 4.490552749391062
22 10.926599819790576
23 7.101708557198678
24 1.5444988722667408
25 19.816443532229577
26 -41.589832361880866
27 12.84765528130534
28 -56.50215406401039
29 12.565702131187736
30 -7.6655632287695346
31 -44.9737858907228
32 45.04925347014241
33 -91.07962804375673
34 27.505044609580015
35 3.898975677750336
36 -23.040177738853185
37 14.478370977087629
38 -34.35458602758234
39 -19.982368912766983
40 8.873715628592214
41 -16.961257267321766
42 -48.56785837455097
43 18.20567168699798
44 -4.9912531239869455
45 -13.264055157793912
46 30.350860137791052
47 7.147275946777921
48 -25.896908388984684
49 18.56441493711701
50 -33.79808073609181
51 -11.399899966514866
52 6.1276582861574145
53 1.1695415797179909
54 -20.333521446701333
55 74.28530941700596
56 4.357330848373021
57 13.811144315752372
58 25.99338000976129
59 26.86051676415289
60 71.53437383698835
61 22.93694280034856
62 31.52888386071108
63 5.88403254723785
64 15.11284617557687
65 -22.621962924657545
66 20.076148592737233
67 -67.9139839778001
68 37.85940341872372
69 -32.573059950399816
70 -27.811125789856575
71 24.065575498753276
72 -26.741626530838165
73 45.84269093688719
74 -38.30260095693774
75 24.776254760597276
76 -5.520199579938535
77 -34.92705652956367
78 23.294030754198737
79 -38.284979773634326
80 -1.1696474212810648
81 -33.615723019423264
82 5.7826252835076835
83 -25.363114941300157
84 21.031686317716915
85 -36.060833423400815
86 -8.673814487101598
87 33.19545905512206
88 -34.66362361491817
89 68.25215923955137
90 -1.9913478904905042
91 6.546421032809876
92 -19.501716484681378
93 -11.534210837196298
94 18.427444698936814
95 -70.35483824821553
96 64.68212100815205
97 -76.30937882902849
98 7.669954502010334
99 -24.906884382215182
100 -12.773271364187217
101 2.133262852055371
102 -21.07609217244299
103 0.9939250354378844
104 -17.46198652526806
105 76.60324112727312
106 -105.84103189653783
107 131.2687929846304
108 -74.17014497902781
109 55.992742887224
110 13.140608375426744
111 -52.58827669736299
112 19.984052277139703
113 -49.9971354283552
114 54.334308771050196
115 -56.4085647831632
116 34.73090039107903
117 -20.346398966274645
118 -2.559821052622512
119 46.38353216940668
120 -32.08426804147505
121 68.35668699072536
122 -19.77452574771818
123 28.048815993620813
124 3.740062982821673
125 9.877462115468152
126 0.7087690068145667
127 0.0
