0 0.0
1 -3.770507917639594
2 11.932322822145402
3 -21.313494577988227
4 27.117694185391436
5 -31.37402168806328
6 13.5833373894708
7 -16.7047382799199
8 2.9700980484061565
9 -31.406940815146143
10 -15.11734647627134
11 -32.38276178758486
12 -50.03597688658611
13 4.964635174110483
14 -91.15748404310038
15 25.55731666465544
16 -42.243631590803275
17 -15.394619642897673
18 -17.775980055128294
19 -40.60819067869197
20 18.34552958977554
21 -8.100615604202776
22 14.847335618273545
23 -15.055898675114085
24 18.542429950107863
25 11.941387426083832
26 -54.84763979507166
27 56.32651612294353
28 -65.6636033720228
29 58.01163335511184
30 -19.337705192589933
31 12.188297804363687
32 10.60331718886536
33 -11.348767435863243
34 37.74051588784307
35 -29.88712982242586
36 75.28559496369232
37 -1.3015614614039805
38 64.02162870681921
39 23.022976714968138
40 21.423854527086895
41 -7.5616054724672885
42 2.520775906336355
43 10.830546178028635
44 -11.250721400882203
45 6.8811318884628525
46 -54.94870544790117
47 16.533996536347203
48 -89.98972841636056
49 8.945474163660945
50 -44.6715101783518
51 -51.21942816299017
52 54.74760953598039
53 -94.83854988631597
54 83.61146463412024
55 -30.866189960662403
56 22.4427014210906
57 39.954652965408684
58 -6.739800252341909
59 19.466495986092134
60 30.549042781267655
61 -16.4379231881682
62 5.4455056892065015
63 -9.16765679254428
64 -23.887394064262146
65 27.288162172513022
66 -59.94150389680573
67 12.09226129551028
68 -4.261559198921061
69 -41.183486792790376
70 27.318521147031028
71 -25.795618737939623
72 -12.569136700792928
73 8.642482143938164
74 -23.31427264698972
75 9.951221239155252
76 -10.01366190155185
77 -2.906586541676713
78 9.910143579711056
79 -18.35870454404293
80 2.7515593994577987
81 41.69850082612539
82 -37.85422912957521
83 45.365637350182986
84 -47.49391754433779
85 19.21102980632147
86 -51.35878810746059
87 -6.227353088522646
88 18.312268477258165
89 -75.55561329365267
90 13.098850185449654
91 -16.704448200650212
92 25.463704723391764
93 7.3432984206192335
94 10.070060406298243
95 25.412579659314265
96 -11.308929486162157
97 -40.380574748433915
98 68.53265550554114
99 -58.03084870665637
100 -15.401712966301243
101 51.12811523022249
102 -82.85526184137058
103 76.80555599715402
104 -45.783611219986305
105 29.386815598388893
106 -10.289112658083837
107 14.843614271964666
108 20.77244510502091
109 -25.871988999832684
110 41.91847795418975
111 -44.854304067100024
112 47.15801232107643
113 -71.08662761021668
114 -5.186829771103419
115 27.431216043609947
116 -42.60767772270973
117 61.19553547607519
118 -35.240497400161914
119 47.872535154120925
120 -24.368890154537176
121 47.502547141689185
122 -4.294578008418762
123 28.732095269497368
124 -12.053705518628721
125 15.662762508592156
126 -0.2830483264332319
127 0.0
