0 0.0
1 -5.740693196397543
2 15.384029944294758
3 -18.562208579831545
4 10.821282628108518
5 -23.03812103411701
6 44.43216880473843
7 -42.83043677090194
8 2.474501303326124
9 -38.28800218943163
10 -64.10192818523895
11 52.45892429263188
12 -97.52559580385928
13 54.21179046574227
14 -66.09022825844933
15 -20.8465026926009
16 -6.720861811218755
17 -37.301531123392785
18 -15.00508925667304
19 -54.045087135066375
20 -11.237589884919602
21 -49.01139254022659
22 0.26809401016263124
23 -3.6455814054666598
24 15.615334791887694
25 -23.024884639977213
26 4.838112319555009
27 14.015338585749202
28 -26.234185627604198
29 70.47068839453385
30 -19.368132834179423
31 52.454301326362426
32 -5.753938963582699
33 91.51057778097845
34 34.628407890694035
35 29.53550253402937
36 43.03712902281848
37 19.851559994254778
38 42.95513675568207
39 -49.401681909611604
40 42.801755454999565
41 -72.6010217330957
42 39.153311025119336
43 -55.56660406899826
44 6.039305209270527
45 -16.176039683630034
46 1.9924323142916227
47 -18.235572433428047
48 12.337070937114309
49 -22.185568658681387
50 -3.2176079640920476
51 -6.84359334532483
52 -67.72703928349075
53 -3.116477900868615
54 -26.23298428628926
55 -26.238203874308756
56 -36.68595276721896
57 -8.913158184984011
58 -13.569615350009183
59 17.35617445026665
60 -58.58463491589077
61 57.920485448656926
62 -36.38890637017812
63 40.29729295325176
64 -22.388393798973592
65 10.436259803748879
66 -19.542222831964214
67 14.33952248619017
68 -12.64644970421204
69 -1.4609906667845558
70 -11.149359484394843
71 24.406896814052935
72 14.982654896205165
73 -65.97027746060827
74 87.17910776000477
75 -92.33136512805633
76 55.46216057096677
77 -16.691920544091396
78 3.8856535408903725
79 30.146877954009785
80 2.7484032476345472
81 -15.440045975910431
82 23.44881425164926
83 -32.25506234863853
84 -1.782270861730633
85 36.95381971607444
86 -80.47343484822251
87 65.55813506322457
88 4.330244034135868
89 -41.96319077647096
90 52.19421817981963
91 5.290126760722957
92 -10.574925884065895
93 72.9832523035848
94 -21.23584169421022
95 44.486862337753465
96 -31.29694136036882
97 62.634284884365066
98 -42.20594861678526
99 38.10980170427888
100 0.8126804840920843
101 -42.33036251070272
102 58.775632070884214
103 -90.01270457811006
104 50.00861035301771
105 -62.79852329531779
106 9.645465379542312
107 -34.1440360730957
108 22.7527503459466
109 -62.91056611668665
110 32.281733534091074
111 -45.89176544225971
112 -67.63692494236095
113 35.61618596727292
114 -111.98916777726657
115 56.906182098271366
116 -129.3202879357974
117 82.5878796905684
118 -85.79697897859097
119 71.93374628050518
120 -27.964207544651956
121 43.59117502158083
122 -0.9055400272654244
123 34.61588976956114
124 -8.517181053123448
125 14.81634633597709
126 1.5281382586422374
127 0.0
