0 0.0
1 -3.284247131102047
2 12.451564668365142
3 -15.839242762427636
4 4.840809859355737
5 -20.140736522697832
6 -4.2777912616324025
7 -24.04274428695267
8 -33.259487608115386
9 -32.902111796258076
10 -35.53277200008646
11 -26.39605171035133
12 -67.17085033481912
13 -19.582296281048947
14 -30.031895347168245
15 -69.88374146848886
16 -40.93690368387046
17 -45.86480286546669
18 -72.75020181643133
19 -37.285656623632974
20 -12.66516327404484
21 -10.738656235168373
22 -3.022183241172025
23 60.44945850230686
24 31.17542993603151
25 -37.687181626976354
26 86.39718253111123
27 -6.97673753435796
28 -14.317496648620809
29 47.06091325631064
30 -3.133654053101287
31 24.29537576080912
32 -33.20764516291221
33 -32.39881926289224
34 24.172463747865777
35 -22.02913974233914
36 40.74286234801511
37 -22.949705528718564
38 1.1067374301648183
39 25.996285930918322
40 -30.993300048575858
41 13.080053338079109
42 -15.501269151599617
43 -11.200752746890812
44 -20.391005213881755
45 -22.94171516837812
46 -3.5123129614779924
47 -25.639213828935034
48 13.570168469171746
49 -19.845340727238963
50 14.90388332300773
51 6.128686654481501
52 -11.493508584461138
53 45.734822475520936
54 19.085732271885973
55 13.897810958427089
56 10.31481699080184
57 13.620889499221617
58 -16.380595237589823
59 39.005061217423126
60 -63.99074590224454
61 47.13365823936755
62 -41.46087391750617
63 -11.798790960606524
64 11.185212278843967
65 2.745867215021605
66 28.013437589918034
67 -22.82759851145497
68 26.827664309038642
69 -6.5109645463187915
70 -0.5715241337053464
71 9.134531788264189
72 3.7361906498327073
73 50.57065361140389
74 -11.353026525396249
75 -3.058858330314153
76 43.1789800915696
77 -25.266713894582917
78 4.252472071799266
79 -26.455973925093843
80 -21.05654185293511
81 -46.39579990337126
82 -45.70099258173917
83 -38.328699499153494
84 18.120184645845097
85 -19.578607658552553
86 43.026017582976785
87 -9.7682353277756
88 14.431333748301434
89 64.85325228559151
90 3.8862667079911235
91 77.1614497808662
92 -17.320482945486244
93 38.49027744424465
94 8.687011288512075
95 24.706915695267327
96 -19.35952107637065
97 65.24626805992065
98 -28.35816887615427
99 7.635639548435798
100 31.4703209205493
101 -33.178382914148855
102 18.396451713780486
103 -11.890566214609935
104 -17.18496267787158
105 9.356475913833838
106 -30.4401092117361
107 -40.74011733849695
108 2.7216562385683445
109 -43.44234812263855
110 -11.322260866676169
111 -29.763394015683826
112 -14.953624423953537
113 -47.0088970353335
114 -38.68551871976745
115 -30.8301240014607
116 -30.993626683287328
117 12.013529827962966
118 -3.472208074485497
119 12.957278550517195
120 36.45623017085396
121 17.176218431732924
122 14.92757109740882
123 40.121573203645276
124 -13.57959940399066
125 16.539728428460975
126 -0.3869093265566248
127 0.0
