0 0.0
1 -5.045166257883775
2 18.65889216445971
3 -35.44218882929875
4 24.429456246175036
5 -43.839587254437646
6 4.1517550082887436
7 -22.882832242815855
8 -40.57618500847509
9 6.7507851659920775
10 -68.64975642954678
11 1.294493175896487
12 -62.2861004269116
13 -8.26524926205388
14 -79.21140121222749
15 26.62309856493443
16 -33.777270957144204
17 -12.116816710682007
18 -11.32228410279305
19 -5.072963210524016
20 1.2118367612799221
21 -23.194323238852437
22 24.94288803303098
23 -10.258227282741391
24 29.09183135230827
25 19.830642817993976
26 26.264206382288684
27 1.8180770133936348
28 40.52472850763141
29 -5.635797762177758
30 14.452784358013025
31 38.72145604448145
32 5.380865812850017
33 62.15189050330743
34 -17.09979491237908
35 29.73310519117542
36 -25.222786065677063
37 52.51437608738549
38 -83.98861734286912
39 28.39933960362332
40 -68.33409290420848
41 -10.339524217124236
42 -33.882548947990436
43 -15.146589487518186
44 -41.45153821625656
45 -7.541061190174597
46 3.0429906891157024
47 -53.715046552946525
48 40.98206311046952
49 -101.6303094474191
50 27.673358976097465
51 -24.75938366175414
52 -26.106590884765676
53 26.065681959250558
54 16.011660995273303
55 -41.28021091242989
56 10.413517926067806
57 31.607987629250008
58 -3.3539598447719827
59 -15.387326151276351
60 62.43429293227685
61 -41.423796727396315
62 108.63832476543006
63 -26.19865201594944
64 29.36475774170453
65 52.5560892567904
66 -70.8003890142142
67 47.66826878338592
68 -72.345934036604
69 7.983104814628929
70 -62.50343988612571
71 -39.13863787797731
72 -31.826886953745436
73 -40.74967703597503
74 11.517415101910768
75 9.852569109261815
76 -41.04570305981811
77 39.12794776796111
78 -29.08650827044748
79 -11.632903851537874
80 18.33246831412281
81 -22.985704517478677
82 -5.534920071232216
83 9.7692723352408
84 -20.473193667025324
85 -7.022043341890852
86 45.49745614991074
87 -47.66382733974059
88 74.09099663130698
89 -19.20848333165526
90 30.03267332967659
91 -4.890242594847454
92 11.304071950010243
93 17.32997424938369
94 -5.633347455287849
95 42.030204867580586
96 -23.177709149724745
97 42.43131269332462
98 -24.684732903985815
99 -6.950447089130632
100 12.81901238697446
101 -39.03081481157879
102 21.82734211989453
103 -38.049012115052605
104 -10.489537849697285
105 -2.240056245832741
106 -0.12416892439655423
107 -3.0611564092396626
108 11.336169042248077
109 8.799436693385834
110 13.84937555096592
111 -18.034809310963272
112 -0.6054458663346138
113 11.34349623402431
114 -27.851333690995297
115 61.06567537567803
116 -74.87820814813276
117 70.27296565568396
118 -73.81963594082853
119 31.92547544788715
120 -42.51499696298746
121 55.38243441333599
122 -30.93339677508521
123 45.99788974772285
124 -8.051796618000221
125 14.799130354896356
126 1.192564507732943
127 0.0
