0 0.0
1 -5.417646264628033
2 16.106993091334733
3 -24.152641162435675
4 6.502266268581451
5 -19.377650339843736
6 -36.57839269673641
7 -18.955333041231285
8 -25.761664229337555
9 -76.94752744332646
10 -0.5275780936828633
11 -28.602876614804014
12 -72.873627346483
13 28.555063681891326
14 -51.429192716607375
15 -16.496750428678812
16 -43.87791902449982
17 -21.782900621343206
18 -38.679817544741546
19 -22.464143757868257
20 -29.433775830862057
21 35.31488359684437
22 -56.44456441379324
23 43.77282273916119
24 -8.552065217223893
25 16.880713500351813
26 2.3485571950739783
27 -3.235823875175251
28 34.25832711711491
29 -54.424171824351
30 51.109768380495126
31 -46.676190843269794
32 2.7267885474663287
33 10.095530579378762
34 -40.137036029710345
35 -7.795032275595244
36 3.754043774094483
37 -7.275173574605919
38 21.851684456428792
39 -1.9555511609326721
40 20.511359545757152
41 50.84136218978413
42 -80.75216368540002
43 64.01043768202643
44 -66.13722320974797
45 6.878486515933122
46 -33.60678127869295
47 -4.988325304370025
48 15.659983546700682
49 -32.860530980160654
50 7.303701189105286
51 58.43430489169362
52 25.73543460880359
53 81.95282336321951
54 13.98227658750872
55 74.00796106478283
56 64.17249859059343
57 -15.235655040455377
58 69.79289128110646
59 -24.50076625738699
60 55.70127068643485
61 -23.724114725554333
62 44.98425290368444
63 -0.17207576932942037
64 29.34108519000637
65 -6.973257662073873
66 -5.851625775904054
67 25.354959175663023
68 -23.581090346129017
69 -6.493138016138589
70 1.5738360324776626
71 -27.602948489172206
72 1.874043200704429
73 -48.143543596783644
74 -42.63877076014451
75 2.8155829862942614
76 -25.19583979441758
77 -20.45051194469211
78 -10.508035921958658
79 35.718662758174155
80 -58.717873751543486
81 56.04846245885551
82 -83.42092825198519
83 7.832280638098352
84 3.2502577799612737
85 -64.58646252217153
86 42.16096647244477
87 -2.946393670212806
88 -36.43975792831222
89 -10.224338187489714
90 16.19012760129648
91 -39.902617370960904
92 20.887638972677593
93 -74.91156657249975
94 25.44575923420866
95 -80.09251024280991
96 50.90832434380797
97 -0.6155335086382538
98 -39.97600370133468
99 23.78428116794763
100 -18.421068199544237
101 -9.454273855555895
102 -54.548726314159794
103 -21.208625305175126
104 -39.55601182685471
105 -28.30305562052558
106 -59.904489110282775
107 -10.638093896787172
108 -47.997959385032125
109 -10.366997697365264
110 51.62284480330928
111 -6.016661031473372
112 7.116067321379918
113 36.873530475766884
114 -9.615147473579098
115 70.80405625701151
116 1.3096448073690579
117 82.56792006789797
118 -10.912406207523365
119 63.63197111000691
120 -26.59469513446134
121 42.74319403261512
122 -2.199274439053325
123 39.67331668655324
124 7.255693153584539
125 12.50055480591882
126 0.7733847839026741
127 0.0
