0 0.0
1 -3.761526879451085
2 18.203015107572405
3 -12.168780919128235
4 13.986593097559828
5 1.5979288419136082
6 11.41548268094649
7 -3.0674265124924394
8 8.441691245813793
9 -42.688760469141286
10 14.074293319393307
11 -47.471208197550304
12 -25.567003091829285
13 -11.445874756992783
14 -54.38410503921345
15 18.14186000784503
16 -78.44066120893537
17 -5.470268692807391
18 -70.47949089185975
19 -22.33460173173829
20 -2.2127409937222327
21 -7.777987320161753
22 12.362206944973725
23 15.840130272444572
24 -1.5248405680294628
25 -7.153740005872225
26 -2.0399541152056635
27 -31.1581717438069
28 11.478446748966384
29 -37.01245003790778
30 -49.98669988728457
31 -19.44461572017957
32 -49.78170396295048
33 -7.099260315355564
34 -14.91616115880679
35 -4.573885975466091
36 -42.89922843540142
37 16.964322175712503
38 -11.48713678755496
39 16.913561779213115
40 -10.890023613240382
41 38.04487259764558
42 6.637093180130228
43 -8.534782223718526
44 14.653866610837941
45 -0.8444399131505643
46 80.7248152240653
47 -26.44987433075368
48 26.182322051768207
49 51.84062018473564
50 -3.9787084154088337
51 34.75567903583894
52 -47.360518139201
53 -23.148886543126693
54 32.993297777013375
55 -52.01908789226239
56 19.28555757800154
57 -32.29979105015657
58 -23.962650324130717
59 19.551878181501092
60 -38.21220866116166
61 1.2870552025635011
62 32.83444235762928
63 -76.46466338369522
64 26.143479439413134
65 -109.67279146824225
66 51.99803814873574
67 -64.15891989170395
68 -6.898751451698578
69 49.328255060184276
70 -82.24897103345896
71 79.79923805029952
72 -47.38773151770969
73 26.053115225623685
74 -15.924406323827178
75 -1.080095379458877
76 16.392963031861925
77 -26.265659351391466
78 55.78715665403059
79 30.802513457851088
80 -3.0756355365451276
81 29.85057666410063
82 -23.583894683491607
83 46.85148350162774
84 -40.296874338103684
85 28.266486895932506
86 -20.534790488930327
87 4.604349089528839
88 10.672327271070309
89 14.885949726973427
90 -29.473834482358985
91 12.33828348385249
92 -21.243038639204528
93 42.20332780540237
94 -19.095478486628476
95 -22.2267694000463
96 41.38409349022473
97 -28.03785469856625
98 45.6590163197118
99 -15.103846946754016
100 49.120549893963144
101 -25.918381504613922
102 37.732491278210254
103 21.28488924883641
104 -34.81646841973067
105 30.41171880769882
106 12.474326389027512
107 -13.76334996762269
108 26.026672948845203
109 -24.11614839205787
110 -14.404684511403442
111 -25.922878966686454
112 -17.21189555567069
113 -18.940438220778177
114 -39.36851616571024
115 -5.7205778866176145
116 -67.10375942602408
117 -13.802825436600562
118 -60.8499765583084
119 37.86909350415641
120 -61.394341581220274
121 52.98535101386783
122 -21.303820280561276
123 27.928228387931135
124 0.6154492079004802
125 10.704001097912508
126 1.1555617559563511
127 0.0
