0 0.0
1 -5.885680676106179
2 16.241184651496624
3 -28.598596858944433
4 7.213299133348964
5 -36.42483811693425
6 -28.51232750379446
7 -26.456834722976122
8 -71.08340518190649
9 -19.015583638691087
10 -70.06669472198053
11 -19.181077678878562
12 -45.16063412373621
13 -39.06511781656814
14 -22.395670216065405
15 -21.70052977440202
16 -33.92203699979255
17 -13.238734416576252
18 -6.154181786503484
19 18.89267723606028
20 15.602805528898632
21 -48.01127125807794
22 8.966558528247583
23 -47.69680468926978
24 -17.26953015110264
25 -41.08945853460146
26 -23.200083828617807
27 6.835132996918246
28 -15.051446435085651
29 13.13476759621138
30 8.313313136961812
31 48.83751895108471
32 -34.763144868293644
33 79.0449437386105
34 -4.86925166909789
35 -17.869985125439687
36 38.093355332323746
37 -18.005111698576346
38 -16.984226065646673
39 50.59268844022357
40 -58.45531339949472
41 43.75243132315255
42 8.703521728154797
43 -13.192405635148722
44 15.635690757535974
45 1.1744468772754795
46 -9.599728536474057
47 -3.146401830499243
48 -0.316440451639672
49 8.881117010444935
50 -4.287845469874137
51 24.892265277368928
52 -11.367885182301444
53 -10.277814768715201
54 67.58687674427144
55 -39.915697759030586
56 11.858349524080538
57 -31.03336463120631
58 -29.230374678984766
59 13.89368256910373
60 -43.94492359834444
61 -35.13755587829087
62 44.274498212700976
63 -36.034197725770376
64 11.902853502409146
65 21.065036673151038
66 12.222544220672734
67 12.28942836667424
68 16.16557846409441
69 -10.982610350130747
70 13.23533718351488
71 -48.44931709046808
72 9.382584967661955
73 -19.71139216696592
74 -47.650132280564335
75 2.957988568422632
76 -32.75869845635132
77 15.301282914785236
78 -41.88965488605733
79 69.49857768733449
80 -12.17706409371423
81 36.88408854835477
82 56.84198112028862
83 12.021332402147856
84 86.15322687257542
85 36.66436530825415
86 14.055154728226704
87 57.75378428550509
88 1.985101471244699
89 24.63869712289959
90 -20.412230696160872
91 -15.984261262969273
92 -31.85892959576791
93 -36.76250388383448
94 -31.15967767424264
95 5.890733582676541
96 -52.99257795184172
97 14.428519960767503
98 -33.70508841943274
99 -30.89176903473424
100 34.727527133805474
101 -113.54664459356229
102 45.429261353243255
103 -105.27391847550358
104 -11.984594372066114
105 -27.401839711387165
106 -39.27855467069418
107 23.09392269836684
108 -49.9924926681159
109 72.97650963225968
110 -2.0284261867315565
111 57.19012516668669
112 37.85958830384262
113 39.6957766918489
114 19.819379245254986
115 74.27160806433332
116 3.681120182198087
117 84.05484524931235
118 -5.224594082645321
119 83.62106449115655
120 -32.97631765927821
121 57.82626176211714
122 -23.390040790692275
123 35.67707877518496
124 -3.7129631019550184
125 8.156417574184145
126 0.881234020653268
127 0.0
