0 0.0
1 -4.730647922871656
2 15.229114699591507
3 -33.74473181972564
4 31.97697279736427
5 -55.45884660257976
6 19.757800353681223
7 -69.87727662464393
8 13.589213063264335
9 -30.513089847382265
10 7.008168171398858
11 7.9344797711413095
12 -30.3923513227008
13 -13.543895813377937
14 -50.6803935310164
15 35.62973647531814
16 -55.06060222957543
17 31.069664067344064
18 -37.13317750352118
19 20.736514252249975
20 -47.2664460815459
21 45.970306652393695
22 -54.33691244218441
23 3.3159642132312714
24 2.503436708576371
25 -45.61451481713228
26 32.406489605881774
27 -5.606211438065678
28 -34.566993150538686
29 -31.645471646741726
30 35.261484745847994
31 -25.523127231607415
32 27.17056953793865
33 -5.08748767513246
34 -22.554048671324367
35 27.92814760010335
36 20.002984143613894
37 -15.632742568332203
38 47.12005625011166
39 3.438585318469216
40 29.275649412737888
41 29.17636758382651
42 -26.303104185385823
43 56.14700041845689
44 -43.81556009173308
45 15.062548417312238
46 20.205011768374057
47 -27.550966757185
48 4.515081048887889
49 52.0196850199471
50 0.1307449526391435
51 30.11538118052317
52 26.50329326527459
53 -20.16935873475381
54 -13.574498049593062
55 41.13853744749588
56 -99.17940170976746
57 35.430131754284034
58 -49.31089780551345
59 -32.864846455834765
60 5.683999398468727
61 -59.156858672358
62 8.584968951235474
63 -60.089061570611605
64 -23.491960963713925
65 -11.08217623679484
66 -28.140919588477527
67 3.288507239273169
68 -13.357264056488518
69 -45.157966528293436
70 41.71885753817133
71 -17.71897503332649
72 55.990410600685976
73 -28.0468685667679
74 27.109359669360334
75 76.43533771950875
76 -47.74905178924782
77 78.44240113723396
78 -29.90921918175382
79 16.300387728908884
80 8.691933319027465
81 -10.992989525696668
82 17.031667157660262
83 -49.011179211754545
84 -12.3008952144264
85 -29.91777193134641
86 -11.571378219416534
87 -1.7284829669615145
88 -22.394644069671333
89 -0.9190027740804143
90 -43.510051893128356
91 -34.95301693726805
92 24.58260093340173
93 -25.127785044825337
94 22.453661511464656
95 29.71425321981546
96 -3.35152204508094
97 13.881828787345171
98 30.503795928073966
99 23.81138399490553
100 35.743969988763006
101 15.380233404788974
102 2.9858612610530395
103 9.895947008223299
104 34.31053284772333
105 -44.06949597746603
106 63.68799869464588
107 -44.892647872378056
108 18.181464027284143
109 -16.94169048044431
110 -48.404702693288
111 61.861536151481175
112 -110.14379304330777
113 56.103853420300844
114 -65.15748697895367
115 8.042338233664067
116 -31.759664606451405
117 -9.18404673657742
118 8.58897579183974
119 -4.1347429767949695
120 -4.749284059410183
121 54.91195014821658
122 -18.743149633103705
123 53.31903214910558
124 -17.24113576380383
125 15.703159558281786
126 -0.38855364340231924
127 0.0
