0 0.0
1 -4.277381332599436
2 14.561613265059174
3 -17.32742023976888
4 14.778755068394782
5 -29.292162637125394
6 -19.215263236942878
7 -28.19649844148235
8 -20.419811309365613
9 -51.58841077722574
10 -24.9051324181868
11 14.839100074896031
12 -92.93914540579058
13 68.44504043501178
14 -72.86573151757439
15 52.77267764668072
16 -53.33929397404791
17 7.6590477838375115
18 -39.212719075944364
19 -11.144545130992427
20 -30.240462082817015
21 -13.212611280413135
22 26.11185402987384
23 -46.63429587648374
24 39.98993273467686
25 -31.287748822500788
26 40.57472808231198
27 -40.046650840925366
28 39.0413453248588
29 -10.271975212110723
30 -20.68969692103495
31 40.740627713506456
32 -24.892314300448536
33 35.261466824140264
34 0.2562427022838992
35 15.282186570142295
36 -7.792890355785971
37 33.91702294241183
38 -24.51622129681712
39 33.1536663426066
40 -30.474925234694894
41 -18.649442838956396
42 -1.2507108882354983
43 -29.626001794652883
44 12.049670737687636
45 -31.278015637553754
46 51.42273120960518
47 -72.71312155480854
48 28.12668884442877
49 -27.06736757027289
50 -30.12287465115595
51 39.61871929399058
52 -30.217917683899405
53 17.14997074688915
54 20.15494371795013
55 13.171043372022295
56 -34.94187762863431
57 11.757641588529454
58 10.134341743719029
59 -28.270181909859996
60 33.43153953429336
61 -28.124002098332593
62 21.192406336113212
63 -21.228259036481862
64 36.24306833976111
65 -27.413407732408274
66 11.538666138294294
67 1.6632781727629666
68 -50.49956926608835
69 56.54307381639162
70 -45.32481150625521
71 37.28088208362179
72 -30.872624185534423
73 42.03503736521648
74 -44.23469824323657
75 31.321006923524603
76 -66.31529149324778
77 23.995848218276056
78 -15.500516375987209
79 -13.332942644766609
80 34.253352332747724
81 -67.17381782100784
82 43.61780135663978
83 -110.66263368811609
84 52.79780065411119
85 -44.75652398931736
86 -1.302351327531474
87 34.49352055313258
88 -97.37072510590387
89 71.99428064103677
90 -72.57111676788361
91 17.17286048422941
92 29.026213747993623
93 -17.473120942673486
94 18.352540018457727
95 -4.838062010781567
96 31.751258244997775
97 -20.907656962577608
98 66.85412563443535
99 -34.880882590036926
100 4.508610659926814
101 -8.319001875051898
102 7.806594855494705
103 -21.793592288174544
104 7.834444559952898
105 19.420707966157902
106 -35.28526958482831
107 45.75250331276856
108 -59.94513436051848
109 56.97875939748488
110 -62.73341890515126
111 11.992338529442776
112 34.1126459760546
113 3.137808047896271
114 28.40956225244759
115 4.404149096475596
116 -15.673373675313428
117 9.667277717613525
118 12.274938552340757
119 9.761322670447916
120 -11.509162918356747
121 40.57532902726123
122 -10.84263355359517
123 22.630153634463703
124 -0.6515624759440534
125 11.344379580084986
126 0.06782564951558828
127 0.0
