0 0.0
1 -3.4552932154177287
2 6.589289260385106
3 -17.350086390302106
4 6.089375672128287
5 -15.07282250855005
6 -10.42105794842763
7 -17.883834214238238
8 -30.582959206165047
9 -5.428823259493735
10 -15.249097273118391
11 -22.949368262082082
12 0.6980731285909222
13 -67.98087796204231
14 12.118035261656939
15 -60.97805471375463
16 -35.099477654129494
17 -6.9734458688899945
18 -95.14314621878428
19 -20.130558077072408
20 -87.17899753041642
21 3.6262810711452893
22 -34.21530240105513
23 -46.45900157343639
24 14.102911830054556
25 -9.357248611134006
26 66.94235714140171
27 -9.549169550671
28 71.93659954694841
29 -44.31590552667753
30 39.433759208775854
31 5.948698053808937
32 20.93101616268093
33 13.32167234168945
34 -27.80508385014078
35 20.16385268771485
36 -11.008757414703998
37 -1.5393796767850407
38 -19.11937657736901
39 21.95869733825733
40 -10.575150003866673
41 48.153150912117674
42 -7.864424944764044
43 89.87005138648388
44 -38.0655275773558
45 100.99299896608889
46 -19.850561438763073
47 26.90893700855102
48 -4.648158236816859
49 -33.11782459099181
50 6.411761609270214
51 -10.009749996464501
52 0.9119394083769649
53 -27.124624730644953
54 2.561962233920682
55 -31.570619972600287
56 -4.513307881430303
57 13.988419740941765
58 -0.17901291775059347
59 0.5818425642752303
60 26.040449400352134
61 -38.817976226535855
62 49.641491912239864
63 -55.82392843480435
64 43.93293001112435
65 -47.54505092646514
66 22.435028184354547
67 -17.257920937701176
68 -15.303619383702511
69 2.169279991207067
70 -10.254933726789522
71 -23.29531111013403
72 -16.718710057235246
73 2.4708364076648968
74 -24.18485769971571
75 9.566467754487888
76 -42.259849051399
77 30.621285225249572
78 -48.08875167501124
79 19.59710137128451
80 -24.78387590322693
81 -5.627283714609411
82 -39.04476792429237
83 27.727243755925752
84 39.78231735643372
85 -0.5872221661015455
86 19.492091841779317
87 16.125099261934892
88 -8.007355058998705
89 9.58143654011926
90 7.846114709668496
91 -16.888039566477218
92 33.66847215109561
93 -28.50225263422
94 33.03251270910899
95 -48.868432420663055
96 37.19448675827991
97 -14.894846905306295
98 -54.33929822184751
99 7.58050750218423
100 -54.85207379148114
101 -4.893797568324657
102 -49.01387189235007
103 13.08723747608992
104 20.101764038826502
105 -29.100054091261217
106 16.13534424381867
107 -0.7773960149977948
108 18.811914066990667
109 25.535824125190203
110 3.643476844325501
111 37.944209901417445
112 -34.93275014247231
113 72.67051384890677
114 27.176690599122892
115 19.13262776855915
116 54.31321606350101
117 32.45116266016089
118 -8.660675957913124
119 52.06554321560038
120 -39.9877842932115
121 51.832257943921405
122 -27.49622193189651
123 24.932633104223775
124 -3.358196710376012
125 5.790864055588755
126 1.3484621824770089
127 0.0
