0 0.0
1 -4.53923754652492
2 10.610932006533034
3 -24.605743525133356
4 -3.4674554571780227
5 -27.47137748993434
6 -5.721059756294782
7 -29.327645299359034
8 21.912100217442866
9 -66.34409898398555
10 -49.90883959133264
11 -53.856325463860514
12 -44.85037228229855
13 -39.872101930306165
14 -27.32783264918613
15 1.0994750306596675
16 -7.8582950775201965
17 -43.72418075670467
18 -7.487321549330464
19 1.806964030727392
20 -41.23737179284937
21 44.438430061241824
22 -59.02677648329778
23 50.34287502188704
24 -57.531458969465646
25 39.028226308571575
26 -28.32015856274736
27 28.60977658776422
28 28.834451387181122
29 13.460820314063016
30 17.190106528555326
31 -10.789453802476668
32 -18.55551926796729
33 13.539718161130379
34 4.557160023121793
35 20.761634176576646
36 28.383387578042395
37 -18.72774569341769
38 31.207036800672064
39 19.691712915246182
40 4.464188728445997
41 -11.073457782712268
42 95.7832520605884
43 -40.5460744177224
44 79.15276787781302
45 -7.070830610108627
46 33.497072938779546
47 5.860412143333459
48 30.73966953760709
49 19.517262634879273
50 -64.03707697561369
51 64.72583308670318
52 -68.49779601010596
53 65.47978751171017
54 -13.986477870347283
55 12.777975431341638
56 50.60797625005844
57 -2.6680288964589813
58 1.9930593114447006
59 36.69192942193355
60 -42.84792960106554
61 6.117467480761835
62 -34.27042245779042
63 -36.10064360039709
64 7.261831554102379
65 -56.59361326796445
66 4.711069784733725
67 -30.441734531414873
68 -32.98227560629858
69 -35.71013380948608
70 -12.412878746009872
71 -48.93787687356118
72 26.420942830755006
73 -11.728454242927972
74 13.428829763136966
75 20.056092357460983
76 11.632984570122108
77 0.18585434703805284
78 -6.198609973803362
79 -35.94689222124214
80 35.84178933614094
81 -29.493931993200373
82 -25.12211355525208
83 31.54882418386401
84 -62.346522511837236
85 59.71057009351396
86 -64.69673040429055
87 78.35413045781334
88 -33.97652585845657
89 41.961554989630756
90 -8.330250400853387
91 35.11677245024526
92 49.43073243966506
93 26.526080313670988
94 44.109887878927594
95 -17.751393539278414
96 60.18500648615421
97 -28.10230510558061
98 7.768648915831402
99 -30.269355747479484
100 -17.379444018401244
101 -17.9852479605407
102 7.602808325788504
103 -22.29637147825379
104 32.6657283021119
105 -63.44799047109004
106 18.75356035535133
107 -75.11615666829297
108 8.981138236074166
109 -62.78932378113964
110 -27.095592185881912
111 48.88928499064346
112 -73.87750853215536
113 62.37931277264941
114 -30.348783758206064
115 51.0780470392707
116 -28.91268911746732
117 72.35671935729128
118 -5.25275237880859
119 35.56389227601221
120 0.463766150388621
121 26.02436819024723
122 -29.61289977546703
123 33.56488305296454
124 -11.721587959926282
125 8.902453962853745
126 0.9112632815093157
127 0.0
