0 0.0
1 -4.330763848879627
2 15.413381001661989
3 -20.462918066602096
4 11.491001577811904
5 -2.729363634566488
6 -26.808290963754747
7 19.83156912805295
8 -28.0496356039373
9 9.010913921910712
10 -6.693246026696776
11 -4.4127493057606895
12 -56.5347186232327
13 8.06051452706366
14 -15.372476483064604
15 5.780241331529844
16 -7.3298105208757
17 34.198322175598605
18 -16.938592380345614
19 -4.297257327710683
20 -2.6396424403525565
21 -14.304257549154558
22 0.636747378507158
23 -39.38661224204205
24 18.623145023769126
25 -59.77894531830578
26 -27.65271768912496
27 14.63653502710872
28 -83.02710174167854
29 30.383995783888594
30 -68.08222445530642
31 -1.5227276965562944
32 -25.70807460396126
33 -47.69743179294354
34 35.140937128448314
35 -36.7755581834037
36 32.393132108657824
37 -40.29836509733813
38 58.63388517749056
39 11.466928454244677
40 -23.97878852683485
41 -3.7878141215146286
42 -6.529117366202065
43 0.10887719820448699
44 29.33589969509308
45 36.10537235422967
46 5.642897991186608
47 26.799802085533656
48 -7.831480300857155
49 32.95599313298396
50 -5.358387020760472
51 87.70706246859777
52 -52.99159618979103
53 70.12797806208647
54 -25.746424848317382
55 -8.544979605445231
56 45.68558829879245
57 -70.46189988252375
58 -16.108287548965055
59 -17.089481762856547
60 -51.912312502442816
61 -13.955186764669328
62 1.4280401823668594
63 -70.93382686815903
64 32.9424924128386
65 -46.90380815055395
66 16.123212594960968
67 6.089684170800491
68 -35.718981479370875
69 14.476727230519609
70 -16.0805854656068
71 -0.36404986584236215
72 43.05627799060693
73 -46.50619881332111
74 33.48239378107593
75 -51.2401347221004
76 25.731696033292874
77 -30.692035095282797
78 -0.015047301621839398
79 4.734862435774947
80 -30.306144033465415
81 -15.63629766155796
82 -27.529423832526344
83 24.733414188375267
84 -18.835132424855274
85 35.57147018769678
86 -9.812216073193056
87 46.054666673211855
88 -49.37645703894424
89 64.41701366010939
90 -3.5661136798763673
91 19.428205011844863
92 36.69907057690752
93 -44.48189636524759
94 61.12769507541298
95 -15.078341398593992
96 45.480935718655836
97 21.152673921787134
98 -30.763225428375765
99 4.537404148695162
100 -20.291414787699736
101 4.338371001733711
102 -12.391182942198764
103 -18.985522382378242
104 -5.8832666578236275
105 -26.451791163149494
106 12.44717731091302
107 25.682170601703454
108 -45.44243913111262
109 10.84697306689558
110 -54.57086072235192
111 24.761502693118487
112 -61.67209358277484
113 10.390513712439212
114 -38.487055710593495
115 -4.768861849952922
116 -27.984722581180115
117 -3.646741569526012
118 26.25001573972342
119 -21.430756461590942
120 46.07821932283461
121 -5.714038961057426
122 11.214470508939392
123 29.258614854386195
124 -7.1181873277745895
125 14.187030999507487
126 0.3585474552026181
127 0.0
