0 0.0
1 -1.94018562434899
2 2.3098437770579663
3 -3.127761389030366
4 -10.332612180838279
5 -15.608835766994808
6 -29.562140233354143
7 -34.750671335401655
8 -36.77351850595982
9 -43.14382154106598
10 -17.156134314638113
11 -62.16985727339977
12 11.834175195186775
13 -56.41113754499193
14 -12.488973235303915
15 -80.03493881156982
16 43.42792733736747
17 -97.50577374847289
18 46.63794038689656
19 -35.997073706514804
20 3.439008818044527
21 22.790412489119923
22 9.616033751589844
23 16.7250398673226
24 -34.193543609465976
25 46.425700508768045
26 -63.728654146572346
27 77.18799461850885
28 -69.72650759886183
29 74.8336435321125
30 -52.02688622601997
31 47.43983063381412
32 -82.10486613034644
33 10.981049365111248
34 -22.40105776167186
35 -62.12105250215806
36 33.60959368710102
37 -102.39605302669597
38 -11.63818361462906
39 -54.634596791749125
40 -17.01114611523486
41 -49.116684002696324
42 -3.050053215024464
43 -2.5732605426230433
44 -21.098758707001778
45 33.64311276312173
46 8.2683149982133
47 -4.158357096606391
48 30.563822488281225
49 -5.332386515400039
50 20.567244891633443
51 22.133179122954186
52 53.04222653191132
53 13.382002414754377
54 42.192840530322684
55 -4.782335754956851
56 52.79037487166518
57 -21.52536099415671
58 7.451648235624717
59 24.291011619045385
60 -0.031057604141402035
61 -8.169133144272003
62 -4.084358241197823
63 -43.50136061798592
64 6.283952689544746
65 -30.673703867352433
66 -4.648248006117858
67 8.63371799575018
68 -16.59164327183293
69 25.695148176527397
70 3.3742386098531947
71 -2.1730299538045172
72 23.174595292539614
73 -20.35540674962076
74 19.766956109368767
75 19.7349937191453
76 -55.55857159253325
77 45.70520729017768
78 -17.663274268688625
79 -13.510246989844832
80 -40.25103187022916
81 -15.784571046818142
82 -54.32381816626746
83 -39.766074149903396
84 -29.76676460250021
85 -10.657400163343423
86 -38.26442509749253
87 21.98242786232949
88 -44.71644051454423
89 59.61555984879575
90 -12.895906109544324
91 36.14508527395677
92 52.49470102928094
93 -17.544888052674715
94 65.41186807166363
95 -48.439644140334714
96 70.96770775516691
97 -35.579668252618525
98 86.55371985088611
99 -72.88386808608254
100 69.57301417014708
101 -23.907188550908693
102 -0.7517014020157454
103 48.39729103937672
104 -7.834365671313544
105 82.32083799073371
106 -42.37712541243426
107 47.08315735616127
108 -23.790360646970885
109 18.54205231287363
110 -41.583745336930384
111 57.241166477596494
112 -43.245692503417146
113 52.49882077620443
114 0.7386851951501547
115 20.34209391139748
116 12.334007610650653
117 16.713415065715335
118 -3.6716676037735536
119 -11.55307178707098
120 -4.199358749574172
121 0.3904973707545112
122 30.361072597035353
123 2.5931308185229933
124 13.998240684054428
125 10.017132105369118
126 -1.1298850034167465
127 0.0
