0 0.0
1 -4.303738342918221
2 16.865729057185614
3 -10.35211330524326
4 12.073738046731334
5 -35.79354430648932
6 -13.83891516852941
7 -44.51272433745778
8 -79.1932083767635
9 16.843674388015188
10 -98.35306818821604
11 5.471483503467681
12 -87.40603197151833
13 11.465012783109817
14 -115.60395719503755
15 1.6869637955016095
16 -64.25192073813226
17 -40.35340183954459
18 3.098343424338095
19 20.537684281962836
20 5.810760581490228
21 16.77070802097342
22 54.65169789006105
23 -10.059430459967702
24 53.39429491128227
25 -48.72889430743937
26 15.145294319977877
27 4.045397519988712
28 -46.57385172448885
29 -25.11354543291252
30 -42.445092155063
31 -24.379975538616172
32 9.743544418826984
33 -27.09908959114381
34 4.757980671135079
35 17.37474134882856
36 -55.49895723165821
37 63.88208178140996
38 -29.51743253291823
39 46.80672796913535
40 22.120693540593045
41 13.456040222245184
42 42.00009667447838
43 -4.339675153965256
44 51.55813625993836
45 20.565419522070272
46 28.59613304030089
47 58.29799660495703
48 23.572029394526936
49 39.00722313298462
50 25.915512161237064
51 4.624634060120809
52 -30.41817586941271
53 19.059603037197448
54 -37.05124801970301
55 -0.3534807581370034
56 -3.80267357823246
57 -10.242675793819863
58 -12.671699926209383
59 -19.675505465419683
60 8.959612465759006
61 -44.84879587574825
62 8.719748425652389
63 -42.04361273074804
64 18.774690092920768
65 -29.62728356318159
66 12.055306138604752
67 -14.683755538793587
68 3.6513302191302284
69 7.550229361547159
70 -53.141205483356096
71 45.0644598541412
72 -38.37381700520233
73 2.79303294732217
74 -7.999123724538372
75 -10.764308667178724
76 -5.263243313205905
77 1.275168373265026
78 30.679215271632817
79 -0.22754028348935484
80 -16.6770328866977
81 55.45545572196141
82 -50.904355299418
83 15.647499103961033
84 -14.562005822566448
85 -30.628255869133007
86 5.5357390716579005
87 -39.6485254435106
88 -22.09596774261573
89 1.574462680469201
90 -36.93889819805996
91 -2.6336390907787153
92 -25.07305022485544
93 -41.876755035579556
94 -2.131502144784913
95 -9.024311851134389
96 -11.686798203724734
97 -33.17063583979107
98 11.107464628258795
99 -1.9508159543063643
100 32.1410930716595
101 -8.239608959983544
102 110.3945872102219
103 -37.97336615307413
104 115.47973426174268
105 -20.635106836549625
106 55.80932948938466
107 6.172985766599997
108 5.581903306745586
109 39.461299789913184
110 -42.09359338392293
111 38.39354524523137
112 -86.73637415459768
113 41.02175389189705
114 -76.07614097457233
115 49.93176776957336
116 -35.08855443136482
117 23.38671091198098
118 9.138669018151123
119 16.26559426576153
120 -11.807602886590429
121 11.097996522818086
122 -0.01217469490902364
123 19.11238305250879
124 -6.4501702030872945
125 10.031253136750506
126 0.8240263363608407
127 0.0
