0 0.0
1 -3.7276334447854063
2 9.028733079639172
3 -8.954726158417115
4 9.091097338794519
5 5.719262734119962
6 2.834157069737984
7 34.404446512229015
8 -50.12319685605029
9 58.09383236974914
10 -34.70614348159006
11 -12.874088406941944
12 -14.735015503719286
13 -33.7467168490879
14 19.075749724439543
15 -112.91839106108092
16 56.55543832852082
17 -105.5636045499023
18 27.65669548996413
19 -52.03556206734055
20 15.784342959893058
21 5.090560503838233
22 -2.7425161153901936
23 5.280638026928914
24 -0.23081302421435415
25 18.414913381601167
26 -24.70623129744849
27 61.13459190066099
28 -78.40838622277545
29 54.12879384516053
30 -61.069547780648335
31 -2.1230788229700703
32 -41.15598660157701
33 33.29111067300956
34 -42.416095039614746
35 15.652226018433208
36 58.88020218425843
37 -53.67687755148274
38 71.39987253837089
39 -43.42526433248264
40 29.010528350563717
41 -5.118345128650836
42 19.95458883393955
43 12.267720545494411
44 11.355765984410432
45 -7.053810698512678
46 -11.481193996996101
47 5.4126600703828975
48 -41.70910247299046
49 54.205124107989796
50 -44.22784481012328
51 14.611101707085627
52 15.734201047345898
53 15.28064561753814
54 3.3750698229170375
55 -28.823484292448462
56 47.31842719460291
57 -41.629126150084716
58 25.77039476620498
59 36.86629308999963
60 -42.039469373599694
61 89.07087272694484
62 -93.1402519249943
63 39.91657069923029
64 -40.91438598560007
65 4.28955808844429
66 8.404277112458788
67 -58.40131919421203
68 54.006074149099994
69 -74.94993394305642
70 56.9905986872793
71 -75.91760027660547
72 22.80676695431158
73 -29.847909266337485
74 -31.285914838689617
75 7.325925384523791
76 -24.680272474939088
77 -37.91655405841964
78 -23.387949821945032
79 -2.2683103341217157
80 -28.518446080919208
81 -2.970092407578805
82 24.04995709810318
83 -0.6821587574950827
84 -13.24064179343705
85 57.772435954058324
86 -0.816830823990703
87 35.09294307243594
88 4.853617048058194
89 36.709921059020765
90 -25.552214858203996
91 63.43468449357807
92 -44.19333302581026
93 42.42545119735841
94 -19.40140988426427
95 -17.177573750115886
96 66.86870776464139
97 -50.67444624518648
98 83.90975225216013
99 -59.93042496266243
100 69.0114009378777
101 -30.996511523647797
102 37.56111094095837
103 -27.94807619484487
104 -22.278778249011918
105 -10.019576945411227
106 3.8213557318255655
107 -24.160935681301694
108 -3.8499011812506043
109 6.072485017714199
110 -42.09383493935076
111 -12.788534601299517
112 -35.77884894683336
113 -12.97823307047526
114 -46.728683965976764
115 25.072034422917515
116 -85.72466898546827
117 39.91492865226091
118 -82.45341971902045
119 52.732736676969665
120 -50.95220727651352
121 44.00601188456865
122 -3.0020722838533103
123 15.387981733170779
124 5.8145535376824675
125 6.15938007914861
126 0.8001363588348296
127 0.0
