0 0.0
1 -5.372935186052699
2 9.321643532580975
3 -22.603396566978947
4 6.297854555654727
5 -25.512707879152863
6 7.0447664693933785
7 -59.06510138328491
8 5.680713840105681
9 -31.110999443635837
10 -13.882126712209507
11 19.94447567228422
12 -56.75416902328835
13 55.90763385642203
14 -69.78053025884286
15 23.301267585701666
16 -19.02486255920209
17 -34.32380594648825
18 -8.668083479699096
19 -23.975297160862752
20 -13.1142081040453
21 -24.242427785650058
22 -16.359272041845248
23 6.8883750523303195
24 -4.303085622185298
25 2.9493299629030956
26 -14.529756787158947
27 -6.034613668266386
28 12.40541721497826
29 7.855832785852186
30 -28.90655455077508
31 28.872576125763416
32 7.473064373464207
33 4.483044497851213
34 -12.843980889435787
35 37.67668349322661
36 -34.259802281761324
37 46.21720319448604
38 -43.012523342826185
39 -8.033432428573098
40 10.297242110217928
41 -11.823540761657489
42 28.272163764052035
43 -62.336281890535695
44 78.75645765919796
45 -94.17838663792398
46 46.28157370277752
47 -22.40569089981603
48 -3.757893188019946
49 14.648066896728293
50 -27.0673905061543
51 45.762327456587336
52 -27.104666084540618
53 35.52959125900533
54 -55.848669403501674
55 9.716992406601895
56 3.2504870301394164
57 -21.417973466839907
58 46.49466105233781
59 -2.5493985925941427
60 36.6217211911794
61 -16.68562872161486
62 4.940294266488622
63 9.56496704934397
64 -33.56897996093429
65 11.18669546131847
66 -25.41886640629275
67 9.450491324567585
68 -33.178122587720566
69 -28.934815702300607
70 12.212943261242085
71 6.449565868133152
72 49.08941889444942
73 -4.204223458361117
74 28.590080717247833
75 9.871016526904874
76 -9.457363302921477
77 -3.7139016052116793
78 17.009594715089055
79 2.5991864398460183
80 -19.599290077795697
81 9.861715779798294
82 -24.462642107893625
83 -29.218603266214632
84 44.13400184367397
85 -45.08940438301027
86 12.73722373781222
87 -2.106101071498547
88 -39.003962633944575
89 3.53690975880863
90 -53.04330067165566
91 53.213430516924966
92 -68.6421167005613
93 42.075737040155076
94 -52.34281782545082
95 -9.790081948450355
96 -12.345409113883573
97 -25.762028548666514
98 24.18980033342194
99 -72.93273472021208
100 59.85154888872029
101 -95.30046731035297
102 82.33159710434984
103 -62.68123683187317
104 10.062145678172303
105 24.183323859361572
106 -51.44800920570067
107 38.89596803502917
108 -24.95661134320533
109 34.63784566473426
110 31.253382360046693
111 -9.306145072857012
112 39.32158530637421
113 20.918300251915223
114 13.323822828033073
115 61.11145189169668
116 -24.52262388348326
117 91.89066206350759
118 -31.771126021053767
119 63.1267257315094
120 -15.159767461818808
121 68.85059002580435
122 -28.702769369312243
123 45.338999746865866
124 -10.156376176796396
125 10.801120110167423
126 0.017996682196222233
127 0.0
