0 0.0
1 -5.028218159119502
2 17.57033566362553
3 -28.51397922430447
4 20.086738679938243
5 -49.69646466453822
6 -15.916230388332835
7 -32.05011688272037
8 -35.04728755430748
9 -24.315429415459686
10 -44.27033063212533
11 2.326969308457155
12 -85.57209882203396
13 -7.800956315348132
14 -34.02126867942696
15 1.6564326817660706
16 14.528578003856836
17 6.72037117554952
18 36.36262482409609
19 -6.491441728023964
20 10.986033851492165
21 -6.6621495828429795
22 -10.225213495551651
23 47.94246134162873
24 -54.062552750394104
25 65.32451785428623
26 -33.102201049688944
27 24.793021598009876
28 -9.573169338184925
29 37.04395508769837
30 -10.184164139145654
31 -3.401612235607398
32 -1.812027694112435
33 53.512697674464945
34 -26.607983700561174
35 44.75887202646196
36 -30.04248536344665
37 33.19554975055835
38 8.540668957653113
39 1.6715496744834462
40 -23.663294570368507
41 -9.933282558875698
42 -40.211315526619444
43 -33.53663120974802
44 -23.033668778797455
45 -38.45679297563101
46 5.428257938137191
47 -70.2696414181627
48 18.240014867628584
49 -50.43601302804145
50 -5.259045664693384
51 -4.456006700875639
52 5.4672686286928
53 -8.803683310829815
54 9.612246702033676
55 -24.078596601062
56 14.199184562433762
57 -32.62053277498402
58 57.68841359500139
59 -22.895526701775854
60 6.042866777092303
61 38.10607830208923
62 -38.614725189024256
63 6.432984304322955
64 -13.778017235025672
65 -21.876171489285692
66 0.13255012980056172
67 18.433532500499123
68 -5.69391720396137
69 3.300073222736711
70 19.15862121856623
71 -5.731843971325195
72 61.76531412566398
73 18.84935119811861
74 1.7220855368114372
75 78.91134280978096
76 -40.496522006995555
77 80.57173634600083
78 21.914753404729893
79 38.00414979204573
80 32.48520981879044
81 -26.798011308696
82 -0.2651561483773894
83 -39.362394477629216
84 26.231554999284914
85 -46.0537635992624
86 -20.942876920380748
87 -42.8197350074087
88 -76.86085578109748
89 23.462529779023924
90 -28.789188457166333
91 1.9604144089145463
92 19.977388393948814
93 -18.88548801060894
94 32.129147760667415
95 7.516400869303449
96 -23.15982740720492
97 39.32175986127423
98 -6.267197622799329
99 -7.1921545042731365
100 -3.6714462296428065
101 -38.404111614424096
102 -8.798335011178924
103 -35.448518573074814
104 -4.222979847182515
105 -14.735167417733978
106 -18.43945302613555
107 2.760354599734031
108 -17.62147643500195
109 -38.39135309350092
110 -70.94753070257083
111 36.31829206479963
112 -85.23661460756529
113 5.261196179826547
114 -16.838888424001343
115 -9.73545226960684
116 -30.372728977484307
117 53.0402417913244
118 -41.01748221598881
119 62.33719762452791
120 8.521237818190256
121 41.246994696787965
122 14.434070592078829
123 20.897023323275526
124 1.440284141371581
125 14.531485592553988
126 1.5143360146797242
127 0.0
