0 0.0
1 -4.25075639894964
2 16.9078886021091
3 -26.834217641694575
4 29.429947477372917
5 -25.547556017802062
6 4.076550917691983
7 -25.357894709431942
8 -38.96033677364016
9 7.272977450035206
10 -57.27473547871731
11 22.55921498863473
12 -57.19043706185742
13 8.598393102890736
14 -29.793750709126144
15 -39.80253558033015
16 -26.176870845397
17 -20.849034056825086
18 -8.645352806848342
19 -43.77125977469057
20 26.7962030098405
21 -69.98484095460982
22 2.5562880010818496
23 -5.604870457530174
24 -31.043467204565165
25 47.18657842481856
26 -35.279288903992295
27 58.439577178021146
28 31.557324581033978
29 4.2605586295918565
30 7.167983944346305
31 24.64395729068837
32 3.632224617196254
33 15.273793206578967
34 22.569233261718257
35 3.3593296313357204
36 -3.74951920587546
37 32.24720290799563
38 -34.336709752069574
39 17.72879931107013
40 -27.529372197460816
41 -4.817103061525366
42 -28.38937247592741
43 13.717399829798119
44 17.351368605167245
45 4.568610859891147
46 -4.887582030596234
47 -13.336469242555143
48 24.27889620850459
49 -12.805152838496323
50 7.5835131105809666
51 -27.994373120226424
52 -31.32389862284023
53 -10.415431701831414
54 -41.38912149191267
55 -41.45193728916446
56 5.239837239704984
57 -64.00527235731067
58 30.782701130454942
59 -26.666543371557072
60 -18.886776251766396
61 -11.004118454039112
62 -3.615971751875104
63 6.052348211022871
64 -31.018076372406515
65 28.434893225769706
66 1.058085354272786
67 -13.553359708890321
68 -20.89527102734403
69 10.027283471934895
70 24.131330829278095
71 5.798996945744211
72 -15.237921054292922
73 -1.3715429023469092
74 4.879737572583876
75 11.49491955971336
76 17.917951024652346
77 3.365038852221152
78 33.829278376994424
79 -20.14139215301595
80 42.81383445923038
81 31.32522682415567
82 3.58873388712437
83 29.153551243159743
84 -28.387965603301282
85 36.09254147123953
86 -32.8347718679825
87 17.025428414340514
88 -24.23617860046039
89 -71.02935238989501
90 16.37685036330073
91 -122.40630427134802
92 23.15869937847981
93 -40.93415506437596
94 -45.18736815273418
95 11.972319061893144
96 -21.321290034822894
97 33.56041006724368
98 -26.502356477736917
99 79.96538734911928
100 -38.00982599255099
101 38.15817370566667
102 21.988345030901932
103 6.109543386516838
104 19.26751757249385
105 -53.91757937021783
106 -17.751888198822417
107 -35.84264132418484
108 4.212759107829626
109 -11.38368403381974
110 4.692275989160802
111 39.02786766322261
112 -33.26383368633818
113 3.046510458992359
114 -32.007682967783275
115 37.56348483890535
116 -81.95576746818358
117 98.05646915024901
118 -40.292175506936395
119 55.216675827767446
120 3.763332701389085
121 31.601186695333
122 -1.713956961678363
123 21.43052013638408
124 -2.9098816701096535
125 10.895598062134493
126 1.4161662806567248
127 0.0
