0 0.0
1 -6.220669106443349
2 19.552928760908472
3 -47.84149586337441
4 39.30162717689056
5 -79.52349771986171
6 10.301638459016806
7 -45.48945457134615
8 -42.59306841071984
9 21.733102800551563
10 -89.13280978813093
11 29.798650960003588
12 -96.79719489928613
13 34.135126805364095
14 -60.68424992367295
15 43.12211745434864
16 -44.03701266180658
17 55.742676897730384
18 -45.574293489831426
19 51.913172456786626
20 -102.7712235653826
21 90.94231522355629
22 -52.725957656246884
23 1.8878246412182553
24 28.53417512552878
25 -66.0204748052104
26 107.70690097289655
27 -80.62993097311207
28 88.79482522286055
29 -32.24359109291782
30 65.07638151421091
31 42.55761582546207
32 34.82807344341216
33 24.146029667574364
34 -9.291792861288746
35 1.5587701027705803
36 -10.939145786811306
37 6.662662858503245
38 -42.20853332263222
39 66.9833185931777
40 -26.76572167318248
41 -24.034260839187947
42 -39.55897035805722
43 -20.99706767623254
44 -105.05665515787982
45 -25.76949995999994
46 -42.50320133385061
47 -34.90915442704097
48 2.646090867983582
49 -0.1584489460909024
50 42.96904216793572
51 -23.817427483967844
52 6.50883922920815
53 34.416541884662955
54 -10.229845317303395
55 54.9519615512874
56 -15.076411900687539
57 8.382163687454414
58 -15.189766431273666
59 -21.69158764844737
60 -22.046519530395823
61 0.19610461015704153
62 3.209578094035007
63 -40.65277127167203
64 67.22736714942616
65 -108.92662630968309
66 13.697665683153815
67 -21.948688896068507
68 -3.6859720033170147
69 -0.33422855705851207
70 -28.17558771748978
71 14.374737333805937
72 -62.730335089133476
73 23.21380859185964
74 -32.65120880473168
75 2.1410235801203688
76 -5.643857280514881
77 -24.74266887758871
78 44.723201604641865
79 -0.26121228610576575
80 19.18798969440408
81 -23.55410981566379
82 41.56324400976353
83 14.202052365338204
84 49.53198965041766
85 38.97795980723705
86 62.42580933967699
87 -10.862108876304577
88 66.78062861756175
89 14.813827628375885
90 22.505923417932518
91 50.84457780143513
92 -9.208279101342379
93 11.071256391305427
94 -18.144413549471164
95 -26.715972552742397
96 -19.21320294584592
97 18.210873971654607
98 15.027200081185363
99 1.6897511221398673
100 -4.385954224624401
101 -7.912884964519977
102 -43.63937657204147
103 -22.673477897801234
104 -55.4799954486926
105 15.972753907552315
106 -40.65592266806447
107 -52.995057183108486
108 19.65443744991265
109 -66.52925223544584
110 38.23674566724378
111 -34.50623715282705
112 5.804009512704818
113 13.744570779183537
114 22.337051278540883
115 25.28518856711
116 -24.45153785269646
117 98.05702516235961
118 -58.52120358285871
119 125.77042996616466
120 -68.37148625108155
121 80.24682887378214
122 -37.279225276146065
123 40.489791262682665
124 -11.792247137861494
125 12.642838219263279
126 0.7358829241529418
127 0.0
