0 0.0
1 -5.452687556978219
2 10.778642315261049
3 -21.934215314625472
4 -1.4992740736802268
5 -5.9164157126379395
6 -42.60255238326031
7 30.559428526334884
8 -71.33562195174837
9 52.66575452033019
10 -53.19128695157428
11 -2.563695646063653
12 15.084348236508607
13 -59.22471839583536
14 11.719829234254803
15 -33.50810468499411
16 -27.15223699403674
17 -37.85454300364761
18 -5.745706176112866
19 17.897468326613843
20 -12.782893183328557
21 -20.865643919596774
22 -28.74459943498852
23 27.87070870603372
24 -44.58097849384105
25 59.12246414421637
26 -70.19894682560073
27 80.8583804929848
28 -57.81108160763015
29 67.6835329569219
30 -37.26594540792939
31 24.822645412575422
32 60.45310293513774
33 -60.42029340071283
34 126.56779451523352
35 -65.38211258393522
36 53.321367486197005
37 -25.640420821564355
38 1.8224023054114895
39 3.0734033344634244
40 -32.12767241849874
41 18.250700075936564
42 -15.286542695706522
43 0.008852563784924111
44 -2.024085053619936
45 -13.90662271037455
46 -3.4891693595539905
47 -14.731866636453644
48 8.534846285161553
49 24.531261237856736
50 -9.120785464349295
51 28.825929558860313
52 8.632104467928068
53 -1.0826320650248387
54 13.036643218524594
55 -0.6773710221199538
56 3.6646917844371285
57 12.72204711173316
58 46.865797103372714
59 -58.74454958907303
60 58.1247329603575
61 -8.170801853362875
62 -50.24861224775186
63 47.606628195811595
64 -72.60823238819191
65 64.87075755526897
66 -47.05310375382449
67 3.2435146888332556
68 -27.049880064995797
69 -24.76218893520093
70 -22.13209912320828
71 -62.713412355697294
72 -11.109903395709521
73 -60.88685350175862
74 -10.786237189660849
75 -45.42153039714224
76 43.17222649927982
77 -76.02940384714478
78 6.528206355297418
79 57.067274411603115
80 -73.85452118753737
81 96.69048722966916
82 -33.048657018146564
83 16.055251018115044
84 40.587418505576665
85 8.318250050770647
86 48.21123166226803
87 6.946577848071994
88 69.95362588579226
89 -39.477130757394654
90 36.55548508342484
91 -2.443258803391907
92 27.57370842663438
93 -61.754526016361645
94 11.306163554946144
95 -45.036672480254175
96 8.446522825490524
97 -33.8189592049404
98 -9.56905305316458
99 7.090141098560066
100 -3.8951806957770203
101 19.605508560019263
102 -43.54458454436657
103 53.21939761246828
104 -59.76748033196952
105 30.672863291316258
106 -75.00000950529419
107 17.14896800600213
108 1.1897782144580684
109 26.949129628878513
110 -13.491172568106117
111 23.272165427542795
112 5.941240429618569
113 -37.21454948028163
114 42.114212009089016
115 -48.40833973885401
116 -10.36503583222391
117 34.04925746854566
118 -49.09970979205939
119 38.592184889331456
120 -28.925767043825573
121 32.221388861820124
122 0.14431149796193096
123 25.91567898033748
124 2.6825692497033353
125 11.14112098358254
126 1.2521707914656122
127 0.0
