0 0.0
1 -3.848567388909872
2 8.079201402145785
3 -20.370547955112507
4 10.665203502209602
5 -14.855325534532454
6 -4.4611883176510485
7 4.607581682726459
8 -24.350517636214907
9 16.36953548431722
10 -47.091665832579295
11 -13.571840366306088
12 -8.23055097254946
13 -35.375895886403875
14 32.97798436365845
15 12.456876862100989
16 -4.899363927693188
17 36.2643995319379
18 -24.698603878974975
19 15.406858126924433
20 1.4801406884402928
21 -38.67122489242991
22 9.703038628565885
23 -7.437214689695072
24 -58.17033803626504
25 38.028442157433915
26 0.4016206747763234
27 -26.054308608113182
28 17.98525546847421
29 -33.41616625009856
30 -32.18608138353053
31 -3.4873449483458634
32 -61.426269086134745
33 15.467005692361807
34 -36.21624910027531
35 13.188017940280892
36 4.420741790883263
37 -0.43928111534961933
38 -3.6054054441475714
39 -6.285845343848549
40 35.273492201591026
41 -27.54288819126307
42 -15.373937492065325
43 4.994332199612271
44 -24.086803848897883
45 11.54159879399012
46 -18.208326468042383
47 9.226477757618133
48 -10.108162375210872
49 -16.241475286400394
50 -0.20033314989193485
51 -36.5522094350646
52 15.875288660076794
53 -52.74632298146114
54 4.1872545495287765
55 24.53020447489755
56 -33.77057477754357
57 23.13661565476638
58 -34.97097167137492
59 -15.041504996093982
60 -7.166801361683594
61 -15.169096269480287
62 62.50456396908039
63 -32.600682421436126
64 27.606339093689684
65 -29.164968383730866
66 -1.1999347126392381
67 -11.102289933598993
68 -13.75904814086639
69 -21.125905894011616
70 -6.090812119147081
71 58.08953936851849
72 -44.225571444410015
73 53.15808536395207
74 7.125161033361324
75 68.38080077216584
76 -7.940978427361737
77 -53.44785144140861
78 54.65920139587118
79 -80.39008378786492
80 4.377883414164706
81 -8.602783310653068
82 -38.28027073551092
83 6.452688538429789
84 -34.77653579045269
85 17.995207625781298
86 -15.364469051430861
87 -9.812939989344821
88 13.53189326891527
89 -73.05696599324612
90 17.146648319751147
91 -30.167933181540278
92 -0.7956959166589014
93 16.184803402627406
94 -15.943443765156376
95 -27.62665687156465
96 10.560968106912348
97 0.7746043541735446
98 35.89900266283605
99 -8.50008988882079
100 31.232858825256603
101 8.410806700489285
102 37.82204091368651
103 -22.007050462981777
104 19.294419000521085
105 -4.884585055373528
106 -58.54524466808114
107 66.33887490453446
108 -66.3237769220882
109 59.72923976939774
110 -40.32568732013751
111 19.97728490014001
112 -41.464616205282674
113 24.586827735393406
114 -27.225073236228678
115 12.744011902276247
116 36.842046618355155
117 14.858123850498602
118 12.251462224637567
119 37.223442480227355
120 36.218256196805726
121 34.94975237983954
122 4.187606388547138
123 24.874955102855814
124 -3.754017424892506
125 12.828072803164842
126 -0.1503787600773474
127 0.0
