0 0.0
1 -6.367567025043121
2 18.967883746772827
3 -31.660859561635547
4 31.079962870548837
5 -44.01566981001854
6 20.682978847374724
7 -23.358700304786616
8 -15.770643996464425
9 13.364850698309365
10 -80.20941605877337
11 -0.6236677523231845
12 -89.33298282824383
13 36.58234143304393
14 -102.74786661571837
15 25.207732856822947
16 -51.62779319796128
17 -8.551718702361987
18 -0.22309356958616042
19 10.93555042415176
20 -39.30776853664615
21 22.080270227608263
22 -38.594174105641976
23 26.173324465391595
24 -24.907957576475678
25 35.795799781117196
26 -5.037846369924468
27 41.919635297652704
28 15.696248365196771
29 -6.610112449696063
30 66.68581110488574
31 -34.18901995036996
32 52.38438598386378
33 -22.836721580702903
34 37.600907159591905
35 -37.23437430998595
36 62.35222977468605
37 4.381010256383644
38 42.32750014614338
39 6.008771191668739
40 25.87019690197607
41 -5.764271566656154
42 -26.029947163172928
43 45.90830220367652
44 -60.66175945883375
45 42.002557596456754
46 -69.98008314880946
47 1.5274248532543884
48 -51.01919018214885
49 4.051576621926889
50 -25.631880108725927
51 -46.26238947284317
52 -11.06208884331695
53 -28.645586529512556
54 7.540290795514503
55 -36.50275363707529
56 20.554920337394407
57 15.520419263338454
58 -1.0868869337712228
59 58.90896522215819
60 1.666923128244887
61 -15.675763150705617
62 48.62752895985163
63 -43.32864085322659
64 57.66135896504168
65 -11.152482352879142
66 -14.47139110231055
67 45.73291032509307
68 -43.305135581727164
69 -4.258688520789419
70 -11.346513634855663
71 -25.436569027539747
72 14.535205489723474
73 -26.15332801386869
74 -1.9850291896479029
75 -35.48528180627842
76 -10.017112513614292
77 -8.558428208789723
78 -65.43283395137586
79 64.9340724113906
80 -65.98280462203132
81 70.51906917986884
82 -20.400475617551546
83 25.703808359734865
84 2.0746604522523535
85 8.368847218082035
86 11.962853832199903
87 -16.35817823076484
88 50.50357912881123
89 -82.4362551750023
90 49.5030103335881
91 -25.99666964229234
92 10.067527047262338
93 2.7386169700442946
94 35.68546330704599
95 -16.991372045654714
96 91.75407016995118
97 -20.9764977241026
98 17.54683726346156
99 18.829168131058086
100 0.49889633245679305
101 10.041978632943833
102 -24.504752741051227
103 -0.06719815277760507
104 -20.70531642929199
105 12.927016872948084
106 -74.46515012257991
107 8.025329567563778
108 -35.94256003162406
109 22.538572340652397
110 3.6037117905298577
111 -29.598868420364262
112 62.11688552342548
113 -22.070710588197013
114 29.216504824641902
115 49.56232754541285
116 -84.36630649221003
117 91.2849475061913
118 -104.98699161137658
119 61.33186860021708
120 -57.3799148282609
121 47.645791644178516
122 -23.917207988066274
123 13.805619385070719
124 -0.5021441785084896
125 8.238695004361038
126 0.3014846981064508
127 0.0
