0 0.0
1 -3.5123704571739776
2 4.186190632888724
3 -2.879046375633162
4 -16.74134319974213
5 20.927031137715787
6 -64.827567735227
7 31.658571176717672
8 -16.367597422909288
9 -44.09454519892029
10 24.417653594215082
11 -92.28007324975312
12 44.546639025411224
13 -58.96466120178344
14 30.466453381761866
15 -27.038592133354786
16 16.674049939408484
17 11.122583286237267
18 25.125150574182843
19 -12.421392683393044
20 -8.17224116675328
21 20.2196275154652
22 -35.95360693208969
23 43.486818512658665
24 -55.74460298563497
25 -4.667594189541691
26 -32.01792284969495
27 37.18056831180544
28 -69.79956688430075
29 43.96824016252248
30 -25.750321133557776
31 27.850388121954143
32 44.193174772769936
33 4.378701303055058
34 30.614170300731324
35 -74.18911418151066
36 42.27363634269519
37 -76.81396710557873
38 56.75882364785106
39 -53.99963781147951
40 -8.686664493189882
41 29.293321768439448
42 -69.51020393065644
43 64.64428606026837
44 -81.7426081673487
45 49.58497880335245
46 -41.84799760339959
47 -36.828181890470766
48 61.48647654708089
49 -48.35942786506671
50 33.28617012186419
51 5.263998438318976
52 39.237740770924155
53 10.555619963929976
54 40.16908110068224
55 31.01215638722171
56 -0.35624841588238604
57 28.55950883446791
58 -17.060857996403428
59 66.27726953933599
60 -34.80698566559106
61 27.675113148628277
62 -2.467915558283926
63 -33.20215489354387
64 11.637175145248259
65 7.2833910940443465
66 6.324110028542733
67 8.339745170445632
68 16.85237331573088
69 -9.021495021126354
70 8.661920583219144
71 -47.0935756186115
72 24.10650592437215
73 -36.89321071957405
74 -34.05362552199404
75 -55.742797471495145
76 -25.81000810091354
77 -9.218555069356682
78 -39.458901349703545
79 41.41774930035539
80 -60.243076362119474
81 57.499892824767784
82 -25.191367199523086
83 -15.35385623982778
84 47.38506569022021
85 -79.65913796620507
86 68.95647134813031
87 -16.74113899167169
88 44.16482968225976
89 -4.410204461780326
90 31.644288007739448
91 13.83114745472983
92 12.721054213259364
93 -20.616939334591013
94 -16.56180172360272
95 4.043016027958712
96 -0.32531167712645304
97 -6.110104755267763
98 -13.95853634589974
99 1.4177633635227198
100 1.8452306725913872
101 -19.371146344148976
102 0.34461234481072744
103 -40.42554839391158
104 13.068951408267655
105 1.1103136769919657
106 -65.78747414849688
107 87.68569349855419
108 -94.57281600474406
109 73.54776012905464
110 -52.22661971154791
111 55.21724933614485
112 -12.710680318222744
113 51.080800741136414
114 -27.28238911661981
115 4.368092301695338
116 33.69442864576715
117 -35.041245585381795
118 28.05277491903683
119 -0.8544287700781793
120 17.17872300429428
121 -4.916359975071683
122 17.628893828361342
123 8.270308856139469
124 -0.20163144336900343
125 7.568959170459469
126 -0.31636742810244656
127 0.0
