0 0.0
1 -3.711506778234907
2 14.108191262618275
3 -19.253457442907873
4 5.464341117545129
5 1.1898900821600298
6 -14.358731386777553
7 -0.586123983030368
8 -29.38600007587326
9 -54.32143801000661
10 -16.793059290527165
11 -66.24204931490068
12 -12.157471584956559
13 -86.70138153170406
14 -6.598189175449368
15 -55.441275419324896
16 14.370613224911349
17 -4.976975294412391
18 29.58831919534161
19 -34.48771842254124
20 38.64340252001067
21 -9.165947410814637
22 11.92721793346976
23 8.987049881710027
24 -11.209208928402449
25 46.80929466572643
26 -65.67051369186994
27 49.27574272050208
28 -57.17291333389477
29 18.846933777131568
30 -85.02418604294435
31 23.824654010300947
32 -50.146724709279226
33 -31.066804004052013
34 -8.09970710848498
35 -10.93244799160207
36 -45.79647332060172
37 -2.2065963423758475
38 -13.550983925738755
39 -16.37002626329965
40 -14.422165516521627
41 -8.08372499015874
42 -9.088733748245893
43 23.546170636368096
44 -31.946663069085158
45 20.870970684079495
46 -41.6243187149361
47 4.049928150237028
48 10.035660668978563
49 -32.033058238113
50 49.95875671838509
51 -34.48699608417642
52 48.914191567039985
53 -41.43500329691612
54 80.32932027750249
55 -58.27382166610388
56 66.45911588524653
57 -66.70740543123262
58 -4.210869538216886
59 13.942693529083412
60 -19.41044875683615
61 39.89607698813441
62 0.9232202773383842
63 3.7783654126404262
64 45.483348602433274
65 -18.474256742761376
66 70.14276302039607
67 4.472997009530532
68 4.164558253677974
69 56.565401193332306
70 12.838715858771192
71 36.975183126143364
72 21.471557301284424
73 75.88111064089117
74 -28.449035765389798
75 34.64777467768433
76 -22.538253557639894
77 44.86344369606635
78 -46.622054195540166
79 39.376636402912204
80 -60.984684830060665
81 47.25069193877495
82 -11.524101803343582
83 27.224746544447978
84 -45.5216638875667
85 20.350374249587464
86 8.873244362251604
87 -35.940079703109745
88 20.58998179914842
89 -2.75735761117439
90 -3.942501823293402
91 -59.974283378399726
92 27.00539005566923
93 -64.2210289400238
94 24.89883741607499
95 -54.66253570823426
96 34.30952770414476
97 -48.22213365601159
98 -27.22992138834627
99 -10.854180239268429
100 -4.744789891286733
101 -95.75102750432245
102 33.47717658884207
103 -69.40068689441937
104 4.3391937016264155
105 -44.36197865686946
106 -6.505487276939655
107 -7.3529114052696904
108 -35.510630770236205
109 21.489381562749546
110 -65.5853406748745
111 73.65324548725336
112 -41.73417013993691
113 70.97651873422849
114 3.8472454350401453
115 25.952681745937873
116 -28.980412826670662
117 73.95741826958293
118 -41.230499370381686
119 73.21589368686968
120 13.943461149903598
121 31.0237356659244
122 8.63871537836951
123 26.36152332302839
124 -1.4755639106260359
125 13.727763241685594
126 -0.4504418438120551
127 0.0
