0 0.0
1 -4.823931102079853
2 13.687421211161093
3 -26.82585689503864
4 27.353912999381148
5 -8.016857206196846
6 7.945169802289244
7 -4.160119272550932
8 24.415550124909576
9 -0.588788716445969
10 -5.913130686206527
11 24.3576631166077
12 -40.878551231872365
13 27.13683480877689
14 -29.934312975487938
15 31.495596191181487
16 -60.36686013619653
17 34.88898789582785
18 -25.49942770288713
19 16.77451056152041
20 -1.6647653154781374
21 43.95409418823302
22 -26.40736342373197
23 -14.129055143837103
24 1.2642706778571577
25 -23.009229645372663
26 -32.62644371203288
27 28.165960337043632
28 -56.35331363844768
29 -48.365673948973395
30 -17.065036600972867
31 -63.0876361109016
32 -63.75604017220119
33 -13.495762072884272
34 -2.820760606394451
35 -43.90888841915502
36 37.420265100148825
37 -2.6728637970033553
38 15.068981235942585
39 13.207038948010505
40 3.741862530827777
41 62.02068503047573
42 -0.9521282152006916
43 41.89576219904912
44 18.782869674920235
45 8.355638897382137
46 86.1973984392304
47 -13.313835531180514
48 27.485408062512757
49 33.25127034223265
50 -43.15611347905671
51 25.131097525579445
52 -44.678253874554485
53 -2.9693839400834094
54 -39.60337131645765
55 -45.77495568206352
56 -6.447505320367948
57 -57.131517226968384
58 -8.15097823398282
59 -26.550036538833083
60 12.286842687685482
61 19.376949547373506
62 8.591949837577912
63 19.742735291755192
64 15.637560880533245
65 21.773661174897327
66 20.845414420684598
67 -37.09037952841455
68 10.853350474070268
69 -1.7118052759006417
70 -3.37232237897084
71 -4.475771627663364
72 -2.381517730251276
73 3.912951423568885
74 -50.67449276008983
75 57.10531160604582
76 -21.429130161513754
77 -4.73955604015322
78 46.39064353768725
79 -39.59211452318165
80 64.94774535976411
81 -43.63812871569242
82 10.368132228332804
83 -14.570261436092887
84 -27.36537329931183
85 14.180215997622037
86 14.184527243283757
87 -18.832570093389144
88 19.151262172194432
89 -17.68229490126314
90 23.016931230788387
91 -14.889164680645642
92 -8.138880026522347
93 8.262577249183082
94 -46.105079410930244
95 -31.627397116601703
96 2.254378740098563
97 -79.44561859294532
98 13.514326508634444
99 -7.100515104975223
100 -34.341301873224275
101 24.036589421016625
102 -23.680191623264744
103 34.51954620837268
104 -54.22006012424444
105 88.22818607882823
106 -91.92318631803701
107 78.23669017925418
108 -44.51639105299711
109 26.52428667100172
110 -0.46522008092023526
111 -18.496679082075637
112 4.8439759466565055
113 0.3600186175564066
114 -14.144849843992073
115 33.40186819541653
116 -31.5624643367724
117 12.812569465554269
118 -4.4659030275584914
119 35.73306190396841
120 -12.704029042175236
121 -9.659321781933874
122 12.722911873329704
123 9.361752557249796
124 4.322045109199138
125 8.599267052337169
126 0.40209678610514954
127 0.0
