0 0.0
1 -5.810363615407116
2 15.882110171372732
3 -29.784899325424277
4 6.07982753176718
5 -40.150566660337866
6 -30.906421701108076
7 -25.51675282587761
8 -17.959431094774335
9 41.42458266517778
10 -28.143128027285623
11 36.210867766832294
12 -73.22626243416998
13 73.21468600385212
14 -5.239409438451319
15 32.798144114829064
16 31.05398234350802
17 3.766489801512759
18 10.77393567132246
19 -12.963129011621795
20 12.9439535514421
21 -15.945035533810275
22 0.66275920580696
23 42.449109400249
24 -22.538479347780886
25 39.93318523531559
26 -32.26088000491637
27 47.88021997060753
28 -55.24296105252362
29 38.932471138275375
30 -48.64436449631532
31 11.974317425228728
32 -51.169875683892585
33 -4.148135331587812
34 6.371823480218587
35 -49.78407933182881
36 22.410951078877243
37 -26.650165742219382
38 35.482639371683945
39 -54.42397211278592
40 52.83155349836371
41 -49.87988039749904
42 19.823190876156264
43 -57.637343775163615
44 22.363744883265884
45 2.8141100364558413
46 -55.39226099801876
47 7.490733089300516
48 -19.667837936372628
49 20.49106064985233
50 -17.537971522339618
51 -0.3189714608330691
52 22.026877796082676
53 13.434706354864664
54 -11.576969131691126
55 42.21126496266168
56 -6.386184335754346
57 1.1453849638128764
58 14.28854146974074
59 31.51449064920574
60 6.518831336032639
61 36.68483628241373
62 -10.299237737979638
63 5.89308908534034
64 -41.24372046512601
65 -71.41737974539829
66 5.75496576723326
67 -94.01105383900814
68 -25.07057087499621
69 -32.14065497120956
70 -13.630063892329261
71 -7.2889141866438525
72 29.01766654161162
73 -23.41065585103348
74 35.74252329807404
75 19.362954672494133
76 23.51781022986112
77 26.014182051359562
78 8.863932236065102
79 16.524423747321222
80 -14.40935953032642
81 18.40340844157603
82 -19.41882225725821
83 0.27792210760995506
84 29.13729846200222
85 -27.40238066403546
86 -27.480117446705698
87 18.340518233544376
88 -55.806565513584324
89 48.21680173648139
90 -77.71342637230545
91 37.77229073852255
92 -58.05546238158215
93 29.83107218513083
94 -40.89404510172285
95 -12.13565495567474
96 41.86959181439548
97 -80.41384290976478
98 103.16177722489604
99 -86.54597832155173
100 87.80629897892409
101 -19.936540410232766
102 6.9853896900716705
103 -23.923784599220564
104 14.25267967045468
105 18.261314562295325
106 -45.70068601843185
107 37.69865081725249
108 -38.57767032361931
109 20.119200723032943
110 -4.74621794215466
111 21.582958211964446
112 -6.968824537865743
113 71.93919401209449
114 -18.63414719957128
115 45.849552381431806
116 1.3186166795763579
117 15.832838945396052
118 4.430298675085962
119 -1.4787702125934201
120 -37.927075270362664
121 21.246914239255023
122 -28.586391713449466
123 23.61663908764148
124 -1.8263126869148838
125 9.37915933702313
126 0.4469834059826835
127 0.0
