0 0.0
1 -4.60778410166671
2 12.235531223708893
3 -17.26177941787446
4 -3.880488298765834
5 -26.009132635651024
6 -18.996717789023467
7 -25.219238192863735
8 -43.87149078621543
9 -53.71181433725722
10 -15.154523412945686
11 -8.700559930028897
12 -10.211515173240286
13 -42.57164041154166
14 44.887952244287334
15 -31.23719736737909
16 -27.10429999107432
17 19.9903096838412
18 -22.160652979878975
19 54.0611089751414
20 -42.51499717246899
21 42.93581638032505
22 -60.296217870551686
23 20.01032709330753
24 9.933619961284643
25 -24.78551768997061
26 4.826738011386678
27 9.397884537681596
28 -26.413048814109754
29 14.085846335166758
30 -18.37055577323588
31 2.283493587379078
32 -16.305315937080344
33 15.257410927323331
34 -23.35179042683556
35 15.772173833049944
36 -38.669148244106644
37 -36.409803918350185
38 44.67466783719057
39 -126.37872299002645
40 2.3412570466501976
41 -29.58973159382568
42 -13.936206562719967
43 7.611781092711463
44 1.0624495941940866
45 30.11044291739371
46 0.11427106503187676
47 -1.841861686208016
48 83.14465833605061
49 -50.22672548800569
50 84.58114367678057
51 -5.552671033198066
52 31.578566310231253
53 37.15716707949567
54 -7.724375076401679
55 70.28011445501795
56 -19.729590968057288
57 36.67781461814893
58 -25.974546319645707
59 47.54289336182825
60 -62.92683803389478
61 23.57127437023901
62 -50.61570176230972
63 41.67074064870362
64 -39.71986673439898
65 14.170409408953464
66 -2.3345525899135224
67 -72.35542781045544
68 32.31553861695975
69 -36.42068735203378
70 -37.52090843204756
71 -10.001895843609482
72 -64.06160421314709
73 -6.0283960355063675
74 -41.05643573528557
75 11.124418626471831
76 -63.319559374900265
77 -6.937448884123404
78 38.55817986245325
79 -95.80626484281055
80 72.9788542142459
81 -71.03753345143586
82 83.82465347764722
83 -48.82552605702284
84 26.68924096569459
85 -17.674111401930386
86 14.268583701804852
87 1.7979949391368
88 3.7580183951134605
89 30.441283895350363
90 -66.01250003096698
91 23.738667727515296
92 1.5868445332523808
93 -29.804688125423034
94 21.627491037472915
95 11.967901102694114
96 29.072302819886076
97 -3.345672485359235
98 11.533787806555505
99 54.280194748849645
100 13.854364570925435
101 18.571912927986734
102 -17.908557728259165
103 61.0709806289893
104 -67.6222577995352
105 19.61179744874234
106 9.699492337140594
107 -16.661167348485765
108 -8.961315401700274
109 -13.927775372799985
110 22.76600978968439
111 -24.113658957733605
112 27.270314414971125
113 53.239813686474854
114 -40.71661351093339
115 76.37541654209139
116 -45.96142268048132
117 33.30983762444816
118 17.536547920479073
119 -0.2898508334837538
120 25.960411776272856
121 9.108364250557267
122 19.67031717544986
123 9.472431133494007
124 -4.225497219833781
125 16.280677057899876
126 -1.228078111034641
127 0.0
