0 0.0
1 -4.409381270926668
2 12.63569998458237
3 -19.208664771474545
4 4.207254875733386
5 -16.748459136133217
6 -54.13746398183157
7 23.65852672406692
8 -41.87640743202813
9 32.16597705218423
10 5.103063125336247
11 -40.50464823541224
12 24.677257996816042
13 -21.49476401695723
14 7.72369980004819
15 -7.706716016668833
16 -7.894829045277977
17 17.39614619651722
18 5.199674229522532
19 -3.6478647285194636
20 -0.2983913952642339
21 -35.78970252066691
22 15.66048915343771
23 -24.635907736231893
24 9.289247484745092
25 -5.594809163452122
26 -67.08181182500809
27 20.428109722443512
28 -62.164119724008
29 13.799625574539114
30 -84.40189205858238
31 41.895578703521714
32 -81.36421332224478
33 4.443222024055067
34 -24.87631470489845
35 -29.337253424718536
36 -25.675546272106622
37 -17.585865400365332
38 -42.042302630205604
39 53.357184165092725
40 -9.684323434734491
41 8.634364987799295
42 89.77029651231503
43 -50.26536975227131
44 107.73810882738529
45 -92.99504283220156
46 121.4331895712322
47 -54.57689074863741
48 7.324674098203214
49 32.427258661721375
50 -50.265514023462906
51 27.999538725593304
52 -23.395648047723757
53 10.389849090200086
54 -38.85125069291373
55 12.94822873005203
56 7.5927832413078775
57 -1.0456492897514067
58 13.163645755748087
59 17.080920527890967
60 39.68514847616745
61 -11.973161747801498
62 42.68450152304281
63 29.833426221984936
64 9.113495268711041
65 23.91907283153654
66 -10.665578112131033
67 51.21211231981308
68 -117.03327842543663
69 103.76691406817179
70 -68.3571956697651
71 -16.817932573068983
72 -41.40467123277761
73 -47.16443680184143
74 40.90710948580833
75 -78.47095150692807
76 39.54235018410586
77 -73.12291958720135
78 82.06240300488365
79 -83.72111310619839
80 27.790154290656353
81 -22.72701753218493
82 -18.93923867557279
83 12.443458162238429
84 -9.097483364316963
85 7.532577038380837
86 10.107370725755601
87 30.227988569630668
88 16.72974123192285
89 -5.086047452566121
90 18.046482865829258
91 15.094025216754076
92 7.667100123534731
93 64.37132903720347
94 -10.999250910133929
95 58.36953481851104
96 15.660414985210572
97 12.084027091701525
98 60.357417842781174
99 -22.23594947510603
100 35.84045559587504
101 13.040004917361038
102 16.895621015342066
103 50.44565859428115
104 -70.01292560670674
105 44.515908869016464
106 -71.19005930561599
107 4.004271868139315
108 -47.16971820998143
109 -23.545978101335397
110 -0.23931097117357863
111 -11.408668351448114
112 -57.28286245078256
113 7.257956234182902
114 -27.71779599986343
115 -39.30404202509093
116 -13.75860966175913
117 10.106648770107482
118 -21.549154390784675
119 18.899998506813205
120 -5.2208863224966535
121 4.506619331941155
122 -3.6994588281123697
123 16.43147615801157
124 -3.5590784059869702
125 8.774351114350644
126 0.32794397662660846
127 0.0
