0 0.0
1 -3.857062774801035
2 8.634031259999004
3 -11.87034273721545
4 -8.226290506560229
5 -2.714505963080101
6 -47.65531052906073
7 20.090492451709082
8 -57.55647868491527
9 11.322321592026297
10 18.664307515197144
11 -48.52289445414224
12 0.3061729918086
13 -27.738073123448736
14 9.174516317261771
15 2.4025447942417166
16 -8.770067331607537
17 -33.215725463938526
18 48.68940707791604
19 -47.432272193770466
20 54.764473534827005
21 -26.672499700915
22 57.26317429810668
23 24.412677076632534
24 15.889755287319742
25 34.70755166781277
26 -21.612950017204824
27 41.572723588233536
28 -28.099669937088805
29 29.767970734125488
30 -42.37257159821882
31 -43.61378728109827
32 -11.807699116565692
33 -38.242831213387106
34 -25.58953280492315
35 -19.33242054955866
36 -60.58817993637718
37 -0.26900428449807384
38 -45.257851875437616
39 7.915720921415107
40 -38.21631388013707
41 70.90257720516021
42 -45.33195163045177
43 57.404764151560315
44 0.13027998465426524
45 19.84103096358638
46 32.05095127871134
47 -10.282081083564735
48 78.81972695938605
49 -90.30715162743864
50 58.80840146176259
51 -72.29985982508154
52 50.335714112814166
53 -29.15990728460414
54 24.266564501692333
55 39.006024832394296
56 4.661668459947396
57 14.879189063387301
58 -9.830928060825713
59 -12.758234249780811
60 3.837232044566553
61 7.851982562207263
62 -51.69911403486734
63 48.09166639206408
64 -78.88261818747958
65 25.901981079708445
66 -18.857542888171043
67 -40.22344635586974
68 16.86004070369273
69 -13.140874321716884
70 -7.152597683764409
71 26.49639959785207
72 -46.47148452786963
73 42.378988006007255
74 -52.42111829197063
75 41.53138335383536
76 -26.41717800693411
77 -10.474342966738059
78 12.541818028498431
79 -31.57517900360032
80 31.60644498112028
81 -53.26375711162197
82 29.314159408662345
83 -22.924810146927367
84 31.464236164314922
85 -81.60092482968757
86 51.84507706445774
87 -29.359899273177504
88 9.522696854786119
89 -22.595585277524023
90 -17.601394621083166
91 -16.990415364323873
92 -27.991232689958547
93 18.15764920180461
94 -51.97821284623396
95 16.73345882881997
96 -17.730110041389523
97 14.952904093610147
98 -14.013570431185409
99 46.18632570905358
100 -11.464657314957343
101 33.23869342211471
102 36.852112125440165
103 -14.049190808888852
104 29.698753983294342
105 4.765022689017029
106 -32.22274209118432
107 30.451836183203852
108 -43.99133864304647
109 13.241707445338637
110 -16.543167332230045
111 -25.15531778179125
112 68.23687366423373
113 -54.540368675460364
114 91.0617370503071
115 -58.08423495528149
116 64.77074096343205
117 -15.672610349375532
118 -29.54358327333867
119 21.311671100760364
120 -21.70229057628048
121 52.69533855240962
122 -42.043296542080355
123 35.229035015417494
124 -18.392145925736564
125 15.059296101271565
126 -0.2532139983211546
127 0.0
