0 0.0
1 -3.8987825779281065
2 7.24214301462509
3 -13.18552936571982
4 -4.3988698760623235
5 -32.94539168741689
6 -39.45744874112847
7 -27.734125644779713
8 -12.239001245399594
9 -58.43522603005207
10 21.429671269657
11 -36.744975226559895
12 -1.1588092994329284
13 -19.207910940851317
14 4.345673976096515
15 -24.0375947677718
16 -12.819954128215532
17 -1.7088601461303377
18 -92.60469605253286
19 17.252744312062056
20 -77.6882396441472
21 21.141090451190745
22 -68.151730194236
23 43.719366363768145
24 -47.116340881836294
25 58.524461123187706
26 17.343554524521988
27 10.202588997065547
28 57.87609360470308
29 -25.310445637244616
30 43.48472052125522
31 17.35921698488809
32 35.50236675753103
33 -37.31947002738969
34 17.550595505691586
35 -0.40717580472536474
36 -32.77047210084436
37 28.780574844223516
38 -13.40343000721944
39 -14.515183144040563
40 5.004499689334311
41 5.984520755875988
42 29.836483793457393
43 -34.98143994769653
44 17.78594660124454
45 -14.286966267157238
46 9.849820686348476
47 0.9378419806816772
48 11.274810943243722
49 -4.680528219122448
50 24.17966922982486
51 -24.468421696951093
52 29.95942824664056
53 -23.162609938369613
54 -35.78731591717389
55 12.9202129162498
56 -21.604712970317845
57 -4.054969518630667
58 -25.476629338449253
59 -21.67641390039513
60 -28.40304103530534
61 0.07673616615401298
62 -57.26736629849087
63 29.814169951691326
64 -50.646638275594356
65 -4.341905509663025
66 37.84824561864597
67 -50.886833898484234
68 25.912066033552186
69 -0.06654050066107342
70 20.782093118747103
71 31.79205259550469
72 -1.1404834233414152
73 31.885087356935667
74 -17.99847441128092
75 -21.788270850152514
76 -24.24181659435246
77 4.2512313003910425
78 -4.616581128172409
79 37.109930646866964
80 -9.60090196080901
81 18.70521748166169
82 -10.721376720589289
83 -17.298267258948634
84 24.127253180845987
85 -21.375277712693222
86 46.88904713173456
87 -71.61965349125254
88 93.61426162255158
89 -78.95669675503524
90 25.38088717529977
91 15.124187317760493
92 -28.534466370959823
93 58.714700289286526
94 -72.35157100324797
95 24.648165434050824
96 19.653918118141235
97 -27.91675985301926
98 6.488017225346702
99 24.164995421561922
100 5.428513704700845
101 21.34367309054374
102 22.79044267800936
103 -28.692654152057116
104 61.87733993899356
105 -37.672557558953514
106 -33.47201924104637
107 46.86794684325634
108 -77.6455832562522
109 45.581631337336255
110 -59.56711505182535
111 42.569147495528874
112 -30.76022119148987
113 9.471984047454873
114 -2.4759235391466854
115 25.959830605669975
116 2.178420352848693
117 -0.9498013055499538
118 6.170127725633416
119 2.0155346242257255
120 5.817965875708044
121 55.31851493916037
122 -2.8717577355965727
123 24.017514753488943
124 6.49477110223127
125 9.129823274178314
126 0.29777725246237363
127 0.0
