0 0.0
1 -3.5739340953092857
2 10.93717895216891
3 -16.889349616367966
4 1.510380091844434
5 -7.543365464179027
6 -5.181497084046869
7 -60.033347068721035
8 50.175050821806295
9 -79.48078501229581
10 -1.3865152993073862
11 -70.21519811331554
12 -12.331075569150217
13 -20.514013664381483
14 -82.42368878039059
15 47.2498585991058
16 -75.08198889692919
17 34.44606297758382
18 -58.09732628658231
19 29.51743157970056
20 12.62575257452722
21 1.18748897294193
22 3.611158596929446
23 10.366374436834572
24 4.3606593456869795
25 -0.31713327321423873
26 -14.920444864362985
27 67.77173638054487
28 -25.442663242416334
29 40.17337972247384
30 -1.4265704820391005
31 8.275692005427839
32 9.60019043566111
33 -18.27190597004851
34 38.4603640549834
35 -42.904397837417896
36 36.16531883591091
37 -21.504037334162668
38 -13.844278314634012
39 28.987459039506174
40 -25.279859736411247
41 5.708578239931241
42 -47.50567852562231
43 44.779212038284214
44 -54.31487134547517
45 5.825353057065115
46 50.28127866417499
47 -40.414831840707755
48 67.206170191511
49 -16.729082736916283
50 39.36622075762621
51 -29.996899966644452
52 21.46552986209445
53 35.30107190019688
54 -22.3314122134378
55 38.97904300747602
56 -32.65776550251357
57 -12.970145160354102
58 -13.654455947884307
59 -59.09234001986527
60 -35.53819446808681
61 -31.86023459613607
62 -51.59006510005327
63 -14.504278273388088
64 -4.383321135593433
65 -18.75784839145801
66 30.17668228007423
67 -16.278664675459673
68 30.374879696167053
69 20.73196810365739
70 14.634415496601548
71 15.263348470889971
72 -7.755997998303784
73 34.28278307112304
74 -23.811913480481493
75 7.581620572102522
76 20.122051615539007
77 10.28356467437297
78 -15.340707368932778
79 18.662432413239248
80 -5.176375669547534
81 -4.308110053221869
82 24.14103917871039
83 28.366167887913456
84 -8.437815760461916
85 32.63174062786657
86 30.947239873963262
87 -27.446968059662613
88 31.729683488684177
89 36.710639376038586
90 -0.19988351597440934
91 25.199559147504893
92 -13.829722587622598
93 23.042570753165723
94 -7.675731198570096
95 9.23499384144279
96 -9.479927393270188
97 -42.5818967957924
98 -24.207006834436562
99 -24.579468184175056
100 -11.48834798624211
101 -36.23591320999129
102 -27.635419666538606
103 12.54443787021209
104 -59.578920610093476
105 -10.258626849682786
106 -14.107601542014384
107 -22.01025206822349
108 12.043106984409645
109 -67.40355097559961
110 17.96690810709625
111 -56.33350725173006
112 24.982872601804257
113 10.638265664998455
114 9.438601861625331
115 1.1980792425428703
116 -50.0607482102939
117 52.36675011049955
118 -44.28306471440316
119 15.786467971338492
120 3.404209079963475
121 27.080210945671425
122 -4.558735422904719
123 43.063489595755165
124 -5.893267753272601
125 10.23491787713023
126 0.14646139415269846
127 0.0
