0 0.0
1 -3.953080339507891
2 9.423664014345324
3 -5.931116571788413
4 -6.60547123551682
5 -7.621953264329393
6 -46.77674371143843
7 0.9278623197779876
8 -60.227753931357924
9 31.44136085085832
10 -68.43765413721857
11 -0.7543617888563805
12 -8.270326120027045
13 -90.854595435104
14 23.117851504607422
15 -62.37118061068222
16 22.985132443913436
17 -100.72962309418185
18 38.73003027765639
19 -85.31614697129055
20 32.148439535118925
21 -53.48117904535996
22 -4.203954300473451
23 21.622064631552377
24 -14.99815900184061
25 48.12057612777366
26 -32.61558280478503
27 25.140621852341667
28 -45.78700526814865
29 40.861999532013584
30 -53.68152626373487
31 33.25143577078273
32 -73.69771554512297
33 50.678889421157564
34 -54.805018173404584
35 29.898614861269838
36 -23.43535390433216
37 42.095560980759664
38 38.96282287979447
39 -2.263391730469365
40 24.16630393096715
41 32.11139317733459
42 3.069018400707935
43 -8.401772947332375
44 10.09959603335224
45 13.363159238412077
46 11.688332160666747
47 -38.31970108210569
48 11.451873233331206
49 -2.4603161487488916
50 10.852481123539851
51 -21.093650727225718
52 24.153309205178385
53 -12.65624015863292
54 30.780135017919296
55 15.64268062072635
56 65.4184894862615
57 -24.446686779443503
58 76.96941707446858
59 -82.50522068329353
60 51.42734671415992
61 -59.92528730126404
62 -29.114219935261342
63 34.63097959561845
64 -88.67886300465867
65 91.57007000167127
66 -98.0016129513736
67 52.7365623554035
68 2.436476068989022
69 -6.789104084594415
70 46.15795453600195
71 -16.189782602597916
72 56.225356992537115
73 -28.524254263558174
74 38.4558458977139
75 25.593417913698183
76 -69.01072546651686
77 66.64415775193099
78 -49.992122367367635
79 -3.739283116474311
80 -2.0850952278579764
81 -10.663836817262064
82 16.006806351036133
83 -8.349279112843538
84 -3.6486790578734998
85 54.96780462115816
86 -38.375573625948924
87 30.20645925112384
88 6.848740983424018
89 4.837936726686093
90 20.46629599799063
91 -30.60334402978585
92 -2.233169508341208
93 -42.31971233763951
94 6.98942883218151
95 -39.00441594082481
96 -19.114146330133348
97 -0.5708750495757324
98 -27.87659568662765
99 11.099899758540301
100 -0.17325915826058963
101 -19.36000807305675
102 21.529282297364226
103 -49.57814025542975
104 14.751541357358484
105 28.436495359658238
106 -25.24482197690816
107 38.70898828259899
108 10.536419085301896
109 0.7755541174927272
110 24.12124251225247
111 -13.71421944387266
112 -26.438821997176234
113 25.514412243663458
114 -39.687597114122255
115 10.977401126874087
116 -32.719550055608856
117 69.8276617046841
118 -75.53107953167186
119 -8.9693455841998
120 -14.596589732355328
121 -9.185959110183278
122 15.26744003136652
123 8.367626428084169
124 10.537074022588424
125 9.76827404198616
126 0.7787957936049626
127 0.0
