0 0.0
1 -3.3143675141999185
2 8.921744809470157
3 -25.482063554615117
4 27.397011270185914
5 -60.26417361734729
6 39.02534442494293
7 -68.0117780902253
8 -9.614138022619402
9 -0.23322010711045513
10 -55.647209531212326
11 44.287171904677635
12 -61.958396338957996
13 74.61603805781994
14 -78.15166833593834
15 44.2485018129285
16 -29.88255235143272
17 23.234072385978862
18 -22.736302734150012
19 33.376942799596456
20 2.703415581510354
21 -46.70968400196828
22 58.76081639309166
23 -20.74023647002893
24 30.56679388683143
25 15.41350602507489
26 -11.134958765483528
27 -16.505205581297048
28 -26.509957389401723
29 -62.287839111027
30 2.4550864275334354
31 -106.32535713360072
32 65.9056782479213
33 -47.92180464045213
34 16.830651757377158
35 66.44614426885063
36 -16.72164034522696
37 77.80523222545243
38 -22.62655972809571
39 89.1804676152295
40 -60.71579576608324
41 125.71401889569754
42 -11.582633579466913
43 12.61343125466245
44 78.91659581992265
45 -15.163521996014197
46 38.86647588491142
47 26.198214832211185
48 10.394713039965625
49 18.97157673699477
50 11.032866429882423
51 -23.233624161809498
52 -14.981622889757066
53 -12.586667720497363
54 -33.40419175043373
55 -23.8622707480086
56 -25.29554064669486
57 -39.241685899629566
58 10.82117522333252
59 -64.06206411570781
60 24.737894879844873
61 -37.810965858574605
62 -18.33118914783645
63 1.6299133419743075
64 -42.84023386063279
65 -6.661967523253936
66 -46.48219498889891
67 11.418315594430656
68 -13.815081782113502
69 11.200034517615308
70 -6.333707633558475
71 7.269897559723189
72 -15.135597938419506
73 5.723681385202659
74 -11.519881850491592
75 36.50373513558083
76 15.496515883908016
77 -38.53297496938264
78 40.529236928751466
79 -30.89186858014316
80 35.581778113884866
81 9.096853616552304
82 14.315582179267086
83 23.93415638833636
84 4.035553299615531
85 -4.219654223726626
86 48.30707345833059
87 -83.63108749463778
88 39.84700475831788
89 -42.020168534045524
90 41.318288290034076
91 -13.222838794419326
92 -1.6524329173084735
93 17.09972164374845
94 -31.24276194713632
95 37.428679700171365
96 -9.54942577842233
97 4.030281784316722
98 -28.230974283259727
99 64.21582803359468
100 -82.64758988414151
101 85.8787395014662
102 -65.88928441482481
103 57.01679609515921
104 -39.35673012028
105 3.981397650833481
106 32.137852906130746
107 -40.12030296871427
108 50.60439467688478
109 -21.475563477246062
110 75.50093357533419
111 6.231213626502334
112 41.4679998625598
113 -45.5732313290306
114 3.980955487817785
115 -7.98639654634363
116 -12.281283515145857
117 19.54134248350861
118 -82.30530138353993
119 53.45664421473322
120 -107.38039962333413
121 25.580368745442808
122 -27.837954410995977
123 6.165406789379575
124 -6.584805958502631
125 7.91193816648538
126 0.0375983112535015
127 0.0
