0 0.0
1 -4.434479009028892
2 14.545571993313528
3 -26.37460708311489
4 20.87172910357603
5 -30.22102987946171
6 -5.928241554907116
7 8.160784548417116
8 -62.5670889471799
9 55.15813167930212
10 -41.598607426723554
11 1.3414323150343501
12 -23.49463101599115
13 -1.927539512676407
14 -55.16639037438378
15 15.485857780870747
16 -4.30231727542444
17 -33.44965013568671
18 7.133382555479758
19 -24.82280976312129
20 -19.63316299316908
21 -27.53812469647461
22 -22.598391472539035
23 15.183856241527554
24 -22.972344029667134
25 -9.725674673731413
26 32.321114022045776
27 -9.116998861706792
28 44.81802276051305
29 10.03249413620535
30 5.2860781269580555
31 44.215242985513584
32 26.859180189652736
33 9.048624528466988
34 -8.87046219784284
35 11.911596447579914
36 -60.69270048659189
37 -6.66146462549893
38 -36.22242169678808
39 -61.8378904841643
40 19.25689365929606
41 -51.21920460653694
42 -21.266643030103953
43 -5.085659434492382
44 -66.96829207489212
45 60.414255819365025
46 -88.50293784178282
47 42.37322461311346
48 -22.965555077678072
49 11.824192010375695
50 -0.7714895954573256
51 -0.22626679072907402
52 31.798019405016767
53 -42.92507207012318
54 40.25423869730749
55 -40.07663362016593
56 36.09695943964665
57 6.236756587560598
58 3.691224891776094
59 11.748145089233653
60 13.608632575852495
61 48.65572958722343
62 -3.8323992351641865
63 34.177837399148245
64 37.500737219190064
65 -39.341793185402544
66 48.710194147132086
67 -43.43009430852977
68 55.60682833029619
69 -45.14899389806575
70 -11.778299981423087
71 20.159726220158845
72 -41.00607476213044
73 33.87887321839074
74 -22.513333433338886
75 -30.562506316969614
76 5.811707018209644
77 4.9288516201448
78 -52.812380191480365
79 28.998980125391974
80 -48.09758284348594
81 2.4131884448696397
82 -30.731376360182722
83 -57.209582642144646
84 -13.669465847241037
85 -34.3046333068107
86 13.447479441799988
87 -33.25586901995619
88 -5.747002675963704
89 33.37747276471402
90 -7.776925194548062
91 26.148472033369256
92 41.38450903980837
93 2.8241160482703505
94 33.93566521650947
95 -6.735452559266849
96 29.75854429281033
97 -7.207614185275675
98 38.35330709868298
99 3.928400680984786
100 35.42595662867593
101 13.700658817220221
102 -14.80112110710435
103 58.34434441804402
104 3.3104338412349184
105 5.5340358877822435
106 -13.826892055249305
107 -4.250034968693663
108 -28.18059864877614
109 -16.651498938087034
110 -4.22494135994067
111 -40.699992925903096
112 -63.18456052072265
113 50.17009796386606
114 -121.9922249738032
115 112.32492055326841
116 -61.15708331662578
117 30.385702981520193
118 10.500411055712767
119 -6.434104178799927
120 19.054072455389683
121 -3.3971577838761857
122 27.383484715131328
123 9.974897042817346
124 -8.846887459742968
125 12.641482221244761
126 -0.060464611482812604
127 0.0
