0 0.0
1 -5.929887160835396
2 22.565706621700294
3 -35.60570109853483
4 40.047437647068875
5 -57.05639379258858
6 20.49285606057728
7 -55.66154099831385
8 -14.69100741821296
9 -40.27669632126771
10 -70.89980492800066
11 34.6122622105068
12 -81.46021151492491
13 74.38153582662383
14 -85.42868525757122
15 55.22344151556739
16 -17.40646421569222
17 -17.13175467374551
18 31.98180613768139
19 -8.667917002245897
20 9.110245127340429
21 -12.309003811381402
22 15.8302937711028
23 -14.166204274464876
24 -15.913088753491804
25 18.032633410661294
26 -36.28023741082041
27 -52.96308559969934
28 4.836792591986818
29 -25.843334262155512
30 14.914113931092714
31 19.809876336607743
32 -7.634896885740482
33 37.52827493197037
34 14.797662419216833
35 31.64907485706001
36 29.83051399456666
37 24.412228509483487
38 12.03337437098324
39 29.332067509737993
40 48.32807192515428
41 -11.060818970061824
42 13.883920849245523
43 -22.3059061520445
44 -30.000481802381863
45 -11.933743260191717
46 -46.382994293648245
47 7.5909720936159655
48 -61.85228049300931
49 0.014855529667747586
50 -18.087615128504027
51 15.795807084383087
52 -3.9338135954294997
53 -26.10332972902336
54 34.39341058266409
55 -60.23011479893232
56 35.74566128651621
57 -50.53205925880894
58 54.06424651072755
59 -47.78679456311433
60 -5.2106154734314325
61 1.3233675867299826
62 -48.107060692046005
63 52.14759091463852
64 -53.88589312094385
65 22.618042360884143
66 10.244493096647421
67 10.271717045301521
68 -8.78194674559412
69 23.29318395769618
70 35.54539151921623
71 4.212587424616785
72 52.584225958261534
73 19.533591076607127
74 28.320738669592263
75 38.22001474120114
76 23.877608978250148
77 47.240525776450085
78 3.272701806080205
79 51.433307010913595
80 -31.53398052576826
81 19.211532783929716
82 -47.559603365906845
83 21.304037084519884
84 -87.01029154044723
85 -15.844967419275765
86 -44.98438620370916
87 -105.19574236335258
88 13.000961879237478
89 -89.13248166484884
90 14.977528112629717
91 -48.912079838939036
92 9.87152479835777
93 -35.811020660203496
94 -53.97918928502128
95 18.721276073041764
96 -60.30505334820128
97 -0.5840009192473884
98 -4.562270779404744
99 8.727281661767282
100 54.46012488334607
101 -76.96412255561057
102 61.51588781475681
103 3.8269805085499184
104 5.53541946705504
105 28.468932501105282
106 42.7446534817934
107 -32.85968018555732
108 40.05664829046604
109 -19.038884591493893
110 21.262415851490605
111 -17.994109734886127
112 -18.031014128229373
113 -19.56164109055538
114 0.5049750995265472
115 -18.768567622160468
116 -32.84467669302399
117 47.80222307950069
118 -87.7827870860511
119 84.58398649730806
120 -86.1585517796674
121 100.62513581460931
122 -24.859764241444566
123 53.21155294415645
124 -11.23660581607442
125 17.145126967025483
126 -1.8998066564493101
127 0.0
