0 0.0
1 -4.821302856997905
2 7.653264063400571
3 -30.991395379008864
4 6.838108981846272
5 -63.48868540193152
6 5.393313110317383
7 -52.665392605832835
8 15.958362996241336
9 -21.745932725318344
10 -60.832326628214055
11 -13.111870107765238
12 -32.515595141265074
13 -51.58179695997815
14 -9.093481235646333
15 -23.983436503426947
16 -14.003548867805893
17 43.41271860292316
18 -38.53018411016615
19 87.76478681310562
20 -54.76967267080468
21 111.83168943708195
22 -57.05188556186089
23 48.14362072498255
24 -35.55636142647155
25 23.314257883656996
26 17.700387241877635
27 -14.93298447659944
28 22.52400943069263
29 3.2030403666141662
30 31.636174076517317
31 -18.196274751802687
32 43.706746967888876
33 -48.09163760787643
34 43.09709725059039
35 -8.914922985270834
36 -28.691763398004603
37 13.534925757280295
38 -9.443450735316384
39 13.45740208589859
40 5.63351688625921
41 -7.65120508370226
42 -1.6564762148996497
43 -14.901438683372954
44 -27.299597322895593
45 28.991666408880487
46 -26.644950000071447
47 -30.61993702947474
48 30.73463133002483
49 -28.136088676061064
50 13.783094236843308
51 -15.731691251905746
52 -6.57281700014143
53 16.035116530231626
54 -34.17019611389986
55 8.01944991140066
56 40.29443553621701
57 -44.227466166981365
58 -29.925857729746532
59 -10.881658825459862
60 -69.58463361007958
61 6.641966053249263
62 -47.43820044581973
63 -2.5507511779556653
64 -11.883899410056452
65 -28.36294476313696
66 26.02960986469392
67 -4.468178994908347
68 30.7034599714141
69 13.581056776058919
70 15.532739499102108
71 36.943648799999494
72 2.818845386827767
73 -6.293689662002151
74 34.84516518519594
75 16.631075381721974
76 -15.771407784281326
77 53.47396999131979
78 -47.82303080262246
79 75.59199843061968
80 19.821032945659436
81 39.765045885165904
82 50.63039425791839
83 -50.09451467879995
84 51.30971060034394
85 -22.08821323613052
86 38.12434528655585
87 0.1960890224266401
88 11.15910850399537
89 32.94667951346856
90 29.682002763329812
91 -22.066579896051955
92 62.04778100314182
93 -52.57114358862625
94 17.0606872991975
95 -3.12185537206861
96 -15.340879190573878
97 -15.546177553558078
98 4.93897807007969
99 5.140161751578944
100 -30.265681804355832
101 -3.0724261125140204
102 -30.613315343755165
103 16.97920737486201
104 -32.511542089921086
105 18.894604927102883
106 -20.03573509833213
107 -13.746796437036343
108 -7.798129204448541
109 -33.343871547684095
110 0.45584185455473547
111 -3.270843298982183
112 13.115148904699568
113 -3.3587692310506525
114 -10.921903214659437
115 21.40949173532356
116 -63.58569685697961
117 92.93299153648208
118 -51.7854741051323
119 90.79405834195902
120 -36.826499381352335
121 56.06767128441661
122 0.5111441947355165
123 5.556055544333453
124 -5.4355739385412365
125 7.46996355076657
126 -0.047091638080628447
127 0.0
