0 0.0
1 -4.5382670796260625
2 7.280732718692502
3 -19.563526929204578
4 -8.219057630913007
5 -37.226773075769835
6 -41.341822445553234
7 -6.693261455798672
8 -36.9248293726293
9 34.10186158688027
10 -45.016496809219774
11 14.109216227157846
12 -35.292557307284255
13 -25.51198768127432
14 11.645937424030613
15 -49.331080915061655
16 21.23630268524224
17 -9.598886302053529
18 -15.69825176385586
19 43.76418626331492
20 17.225604274412568
21 -1.032493658725837
22 27.21618497321264
23 17.940881402779215
24 45.76756484889057
25 -37.129470320559875
26 31.187412468704633
27 -28.57569438571094
28 57.96338809014703
29 35.55844498122747
30 -48.293087572642655
31 76.25240238959766
32 -76.54455939561433
33 26.337124445064845
34 -85.32730431463266
35 26.445374749795576
36 -79.78730907669869
37 48.91636747912212
38 -37.022618968455845
39 -18.256918133225987
40 11.538632588373597
41 -77.74317752365612
42 24.551337867765547
43 -30.301594499156145
44 -8.794714590655687
45 19.702350542290592
46 16.676172353543897
47 7.0184986663888544
48 29.134504506606245
49 11.508656788591678
50 44.98583524872786
51 7.02511674686309
52 52.43189432147898
53 13.97656052119766
54 32.17194440640139
55 -29.9013677664597
56 71.10382961935
57 -42.46075629744138
58 9.251622943955304
59 -7.147693799729863
60 -24.90556997918003
61 25.44758470839065
62 -16.982530150762333
63 16.493539166961956
64 -32.11913177462631
65 1.8844633447263162
66 -13.031699763114347
67 -7.317079897711076
68 -2.8817497118724757
69 44.52103702129515
70 -72.78653564119834
71 39.10471618640896
72 -12.385664233785182
73 28.019646405581195
74 -24.50251976109419
75 -15.905345275705441
76 35.766567557409125
77 -25.00107410472496
78 58.14726479328957
79 -16.612139892126137
80 2.763433641382313
81 20.988775852183725
82 -2.7660869821425966
83 -41.3775997870207
84 11.021606935733264
85 -44.7870764597621
86 40.22692082945151
87 -61.519859835733
88 5.329875688321044
89 29.17687059212134
90 -55.261503980646886
91 5.575371176208629
92 -23.89411350592901
93 8.413515225358152
94 -68.14652747339562
95 -50.85136445032317
96 -8.435926813280751
97 -63.2604381157249
98 -16.851053743708935
99 -6.0737679009885674
100 -35.14795105679595
101 0.26002361174792216
102 -37.3779918025228
103 44.01796933473816
104 -36.527225037899676
105 4.474310078490393
106 13.05174224922694
107 -10.100598240118387
108 12.223202725342105
109 6.499887091944275
110 36.80270932112036
111 -14.553624862874637
112 44.560041608587085
113 35.95678050534057
114 24.781069255972405
115 57.05596189173661
116 18.535872504780556
117 21.74478509483832
118 18.3767332599821
119 50.86552663511918
120 -20.549030188512017
121 35.61295448263837
122 -8.936010832624312
123 21.50239547271859
124 -4.626976834752415
125 7.5498588417891765
126 0.211611155350896
127 0.0
