0 0.0
1 -4.390703027115487
2 8.313834817397886
3 -22.838708106300626
4 29.980272052703224
5 -20.61359763927889
6 18.75658073034569
7 9.03958726678987
8 -28.530753180906515
9 -11.984294461139235
10 -6.345914896716712
11 27.475868626343722
12 -37.19613027049662
13 53.617293048639596
14 -30.689962139714925
15 26.11361989938961
16 -23.475929035620258
17 23.754019819814552
18 13.41292273621487
19 -39.656131285536325
20 39.5624301060428
21 -47.97522836215031
22 16.651577095226084
23 -10.19039442771174
24 -31.02311203426643
25 34.11469868116701
26 -42.628984968324
27 21.597576659247313
28 -31.420610119510854
29 30.994702095468362
30 -37.17756047371815
31 47.45523859805394
32 12.473928830160634
33 -29.076874610373817
34 -19.180102761650804
35 -12.848746102743476
36 -38.17679150071128
37 8.867689380194772
38 -17.123745410656994
39 -0.2897341921125531
40 -3.326750196100999
41 -17.943055971542094
42 10.664230220162995
43 -25.226055855252746
44 16.552012563171186
45 -9.553537456371306
46 -16.21728798125553
47 -12.654248949728116
48 17.238420640845458
49 -52.60655235145685
50 -12.56081196992222
51 -20.5387260754922
52 -37.76460735728825
53 6.060973665517178
54 30.94668270890025
55 -18.154722479424827
56 19.392500733337165
57 9.108578386601438
58 49.92381798541449
59 -2.670698462677412
60 30.03293795506798
61 35.42781304080135
62 -22.880573892595105
63 -2.3666553709364617
64 9.670868870100527
65 -26.689987429489847
66 6.847874675338007
67 8.092269650655664
68 -39.568588468157714
69 7.048685088207101
70 -49.81233482815236
71 25.577933349198965
72 -52.19173741531727
73 -7.161582624892866
74 4.224711202727037
75 -48.44793034449488
76 36.42529555710595
77 -97.37464869920983
78 45.68395658649354
79 -27.479892429432848
80 -7.512517194913961
81 25.63170477534591
82 8.353318831136544
83 18.287875429646633
84 8.032220940422958
85 20.408645955676526
86 -16.664795949336273
87 14.716410827815766
88 -14.153887103738363
89 19.915723270304223
90 -32.73727342947072
91 7.118438643058816
92 -19.557911012018412
93 -29.764849966124036
94 32.86649275881367
95 -42.86077459012946
96 8.008193614819257
97 31.73097587075146
98 -25.16021617558114
99 44.36581421726864
100 -23.566411722463254
101 30.847036963471815
102 -44.24731612773827
103 4.967883219764463
104 -27.267416094631926
105 11.310008451030402
106 -3.1257695783381516
107 7.580291615144959
108 52.00275051089924
109 -19.658283587190894
110 28.760799084082013
111 -18.429543344964085
112 11.982842418933616
113 10.220797751323996
114 24.739230446761866
115 -36.36550539338793
116 37.51560450335944
117 16.019989529545544
118 -49.36547334862749
119 91.21461082319055
120 -44.09913499440615
121 23.208544494065354
122 -12.677626462870899
123 15.013672466647641
124 -4.928425413150364
125 11.075704618683694
126 -0.6680847155209696
127 0.0
