0 0.0
1 -4.6094981742178085
2 12.161179013733179
3 -16.90737934529549
4 2.9487022379628405
5 -33.530109606094165
6 -7.394534767866905
7 -30.821362794078556
8 -60.199158905761294
9 68.06443508449792
10 -110.12663632841114
11 30.63683882491052
12 -31.90033095203886
13 -52.048776786339126
14 16.19291652090024
15 -17.598431180940356
16 -10.08078429383372
17 -13.075870792545938
18 4.650102291991087
19 -21.66571283928559
20 -7.577236068366345
21 18.620799176184057
22 -11.304783845197138
23 -16.352600888324616
24 -1.9369915746186859
25 -9.203950564013345
26 -63.5621431032707
27 20.240273724581
28 -56.39421823366515
29 10.544492081215378
30 -6.468482570581732
31 1.8129624738236165
32 -13.615849231711337
33 7.738488626384363
34 -26.657978711419307
35 -2.008788504481493
36 49.63327517819755
37 -57.8514816840309
38 70.75649583451542
39 2.1744733207347733
40 64.48352141149707
41 13.885364876195046
42 52.34720708969472
43 -12.357741075831326
44 -11.947568690040445
45 -7.8991177700146995
46 -24.43158436361912
47 28.02667626144126
48 -7.72442993909293
49 -24.86918521745829
50 -10.329881905289467
51 5.002404015017314
52 -44.454635425451634
53 28.515849695511317
54 18.865011284543513
55 -24.627723958344546
56 -0.6019643490687308
57 5.581385910279692
58 -14.122968444281636
59 31.133488353361408
60 8.060689870974546
61 -6.564322163479112
62 33.637107787564396
63 -8.032205341025026
64 -9.203170309391853
65 33.950884688593085
66 -34.14693787319383
67 34.665943583711595
68 -66.41163680412387
69 21.796750161426978
70 -33.368320897940194
71 -52.232785185539726
72 42.59627149564546
73 -26.682164288718877
74 22.820120274002463
75 8.792587399384562
76 3.5714547204066283
77 -10.254727352671884
78 7.109646508799754
79 13.842001766811178
80 -45.20900849217227
81 22.364866709879898
82 -32.796047840557975
83 -67.10559678763174
84 -8.554930498262516
85 -13.60882148689164
86 -11.935997935886142
87 17.809222796810765
88 -27.46893539363005
89 17.550792609803445
90 0.37633221379146486
91 10.26123033786649
92 12.917149484426867
93 -45.883661684801375
94 66.41620571109753
95 -46.77439286047355
96 36.057917683059095
97 -8.651980797849523
98 21.79748928386163
99 -33.00784591264156
100 65.42598136807476
101 -42.14158246273595
102 20.050668026292527
103 24.382258718994027
104 -26.080513136431996
105 46.51971624613664
106 -30.82879578243396
107 46.38126872811929
108 -38.37386021114767
109 40.80536500686686
110 -7.37368886385146
111 -43.065571914428716
112 0.06280485299804534
113 -14.17704008788907
114 -17.554734681222634
115 25.3802963275161
116 -48.97094630103957
117 59.485372875766934
118 -75.65037486049067
119 64.92016382333443
120 -30.159363583661516
121 52.09398452875679
122 2.175865077605522
123 24.614827776889744
124 -4.293355485652834
125 8.461861719206762
126 1.8834388536526652
127 0.0
