0 0.0
1 -3.343888736789329
2 12.464357087325363
3 -11.841429119586168
4 4.048047430838452
5 -5.639158435897601
6 -5.551714858891635
7 -43.635541728839826
8 0.47728712318992306
9 -97.1857112198496
10 0.05099093820331096
11 -128.91833283799656
12 37.86874260400004
13 -118.57314720911738
14 -28.032549830450506
15 -2.823997742638565
16 -77.67256324622089
17 61.41880671034188
18 -46.58291798239899
19 89.7492069895786
20 -70.31445705253432
21 59.12827502308689
22 -42.34335065961415
23 39.74291547578412
24 -14.443551695518723
25 -19.64111902198858
26 33.88740027130168
27 -74.77632606144373
28 52.897323477438626
29 5.784133253205322
30 32.043222361545766
31 4.521293725909672
32 51.82828368051796
33 28.37340672436678
34 33.25815093841011
35 -29.23989795411481
36 8.46248113316727
37 -15.234044302327952
38 11.171774359682859
39 -25.10215048900456
40 9.276525360874988
41 26.634104742395667
42 -22.85951555858832
43 9.033392908472193
44 -6.674073007756993
45 19.503913127831314
46 -2.784974926038577
47 41.7991641165277
48 16.862865095241933
49 8.046960489506214
50 10.20720938505121
51 -6.103181310143104
52 -25.449090410439695
53 -10.124098493875927
54 4.014785687816526
55 -19.851343808599623
56 -30.291330418017218
57 66.81577190779174
58 -105.77445141645958
59 30.40179431795088
60 -67.85540888265673
61 -32.031642188680514
62 -53.670450333316545
63 -24.85433983822141
64 -25.709967332908978
65 -12.850030833678773
66 -54.33260027235072
67 -15.289021339211072
68 8.815105041914203
69 -11.142343034509157
70 24.84634441860871
71 3.8957843849170377
72 44.82840886246191
73 -10.158765249220789
74 32.56218670204404
75 22.886182767851412
76 -33.91332306562384
77 18.919946389957037
78 3.9384697892461267
79 -22.45578669429202
80 10.816577722922984
81 -32.9861489257555
82 33.54804262583973
83 -41.858473142932134
84 96.39945437016823
85 -18.15899053602989
86 85.94191574472707
87 -43.14633638023565
88 35.44516331970706
89 20.04397284252206
90 -7.454480692806524
91 21.376765842873247
92 -14.607448323348981
93 -8.362947251626139
94 -11.77121989340382
95 -57.9004918346039
96 -19.70376379798752
97 -17.283920932470412
98 -59.01464816707832
99 10.713869196235734
100 -57.13244901597631
101 23.280324261605976
102 -52.643692360849336
103 46.56560405107773
104 -10.34861811599311
105 11.890392880886713
106 -4.508300584709816
107 30.253944228659016
108 1.5690955765162955
109 -15.826971129914558
110 -4.358149922795999
111 -1.8479325058058946
112 0.008222790808515939
113 -46.11108492153277
114 17.94827571892583
115 -58.218634053728394
116 36.69720972393402
117 -48.521339472669666
118 33.72554910146108
119 15.444737780955304
120 -32.167157423449396
121 106.10794312751958
122 -36.87244317366476
123 67.13733715715071
124 -9.297624312494927
125 15.32083209427492
126 -0.25735183743441814
127 0.0
