0 0.0
1 -4.4998715297011325
2 10.224421029665853
3 -22.336322791358768
4 4.529509188448728
5 -27.378110010525056
6 -17.968761918515785
7 -27.145749748001528
8 -1.378025489396554
9 -4.027889254430124
10 25.87462205722984
11 -30.69186733909918
12 13.026798796084512
13 -23.300392941100718
14 -28.24982999465532
15 -22.72755957996512
16 6.059997937409071
17 -23.575099782086976
18 -29.091945841598804
19 33.346117615594096
20 -74.53353892515355
21 72.8915462320764
22 -92.34854848915673
23 54.25030370700945
24 -64.10768292510205
25 43.7232632741095
26 -53.070308858499935
27 55.54916613655162
28 -11.254386846057981
29 28.36268824375722
30 -31.194264477510956
31 28.926327828065595
32 -18.668313994580043
33 -29.956273163963687
34 41.81511377211541
35 -28.797785974315595
36 51.61601892048475
37 -40.015116300022804
38 48.96309957432997
39 -46.78647745597553
40 61.880698672370364
41 -40.3995356983538
42 13.61406626604359
43 -23.121370946727843
44 -30.728213435353776
45 -21.366032369346787
46 -22.477903529067817
47 -46.20042008989274
48 21.84713548587411
49 -36.52094615842264
50 43.74756162391559
51 28.040843478792972
52 -12.335732834155893
53 40.645265920340876
54 6.727268508772186
55 37.545134913145084
56 -30.135731037076663
57 46.93311989955181
58 -10.641511622495642
59 18.96570252232918
60 11.469773070674274
61 11.435418863020608
62 8.672047718976213
63 22.66065731387741
64 -12.483684382992672
65 20.7732472305286
66 26.033538834910274
67 6.214758454642768
68 50.38840782669897
69 -37.72540330970408
70 12.976255992034018
71 -34.83290051372579
72 -30.29724140815339
73 3.7248393387086565
74 -41.780904708033134
75 25.70099256647982
76 -11.618099673225414
77 -1.1902075302153656
78 53.82475296891597
79 -40.33267955732409
80 72.92579959849829
81 3.2791169708534005
82 3.245962393076634
83 31.30856308469802
84 -5.2984198695495675
85 28.230730789324177
86 -41.254886140615746
87 -1.508150472504609
88 -14.036528918510149
89 -38.85037935619427
90 -36.02806877203984
91 -3.471076909338546
92 -18.73657156964332
93 -36.590705820810555
94 -13.9875061286644
95 -37.24063677780254
96 46.82945224847992
97 -47.73052984458118
98 94.08510712629769
99 -15.326189214639319
100 1.2779320608643807
101 17.658746725773124
102 -3.889339844954704
103 19.45526511330882
104 -31.43380974291036
105 50.091700941177386
106 -58.897321041913166
107 15.249254549052374
108 -73.3761674583503
109 19.709723371517544
110 -55.63399984088073
111 9.30223887530686
112 -32.23392379313024
113 -15.21181330029624
114 -26.072019589806793
115 -1.7175476226186284
116 -54.859473835522856
117 12.074224473194832
118 -27.254978567459965
119 7.613411280736389
120 -11.373707757065697
121 13.653611191020477
122 19.68309080602657
123 23.716991947401823
124 4.950498390645643
125 13.469292017485058
126 0.16547451223953002
127 0.0
