0 0.0
1 -2.5735600576687094
2 7.148324141766908
3 3.8623586964164405
4 -9.294864531550605
5 35.221055388730136
6 -8.608181374555935
7 -45.14727056777243
8 -3.434582127630009
9 -33.38225098479793
10 -42.602440285215955
11 -39.09193224562175
12 -27.973269456761077
13 -102.07130664547968
14 -0.9618205007085691
15 -91.59856440088215
16 -11.700037030412147
17 -14.980685198313743
18 20.522981236481908
19 13.682513408323258
20 11.558706178694305
21 29.802716332101387
22 -1.854694509283056
23 1.7108978120299514
24 -15.28553141201789
25 -1.9146618330957819
26 -3.325022763798685
27 0.7376984237759926
28 14.053615525711528
29 -75.35789267005454
30 48.456658851827186
31 -77.44961734915819
32 9.997747899963626
33 -8.494147426084371
34 -3.6151210926383093
35 9.197009058687536
36 -44.61498885860468
37 -11.899751722662703
38 18.64441592814483
39 -26.74888080181456
40 -10.781521360677834
41 36.2005262361654
42 -51.94883232534648
43 73.19082867973894
44 -12.802302231117165
45 78.73988727786536
46 -74.79291448722725
47 59.347868613251926
48 -107.8188321116604
49 48.76810887022267
50 -75.65708134891224
51 17.708965661018926
52 23.548202950377704
53 -43.21955447139771
54 34.662851888019254
55 -52.70031164916771
56 -6.498609091153888
57 -20.920527331482
58 21.152147407401493
59 -28.28636271329074
60 8.7595112185642
61 0.6713521373048891
62 2.2824548232990316
63 1.0764948521016289
64 53.24465651238604
65 -3.1526362043534566
66 38.61904602652722
67 -30.33291405408448
68 53.977267065283414
69 -45.64781975441233
70 29.297765120804993
71 -21.33244592433982
72 20.41826104019278
73 -27.04986949236658
74 16.117602190639722
75 -16.17905833544214
76 5.4222172784814
77 22.603842084193282
78 -41.61117959682749
79 66.48280076359272
80 -73.35768858938387
81 55.24074478175474
82 -38.34961905382845
83 29.607476311871313
84 -32.98585916342657
85 37.40563040972569
86 -26.603840592747325
87 -7.004815827773825
88 9.055333663184896
89 -26.160209964105242
90 11.71182977834655
91 -66.87178901510866
92 52.34876686140218
93 -73.29954696105617
94 18.701326773073557
95 -29.432218473280297
96 -16.60743877278718
97 6.445443200998465
98 1.732397258143232
99 10.046678660729748
100 -5.25698003496137
101 8.924340465672278
102 15.330206234139025
103 -6.327075545892145
104 45.02502472747242
105 5.174080169092721
106 29.651049820657335
107 -23.7442081019299
108 -14.696672312599192
109 -13.968087723793326
110 -54.17889241972883
111 23.984468936121825
112 -0.9649869533895802
113 -19.441478449435863
114 10.145481537999897
115 -12.191454398858951
116 -19.94907420631935
117 3.3036725945915637
118 -55.455023229720624
119 38.39888004164758
120 -33.671074070710056
121 58.411539583371805
122 -18.38137798201598
123 39.24514361530549
124 2.115639240620415
125 13.579923854786834
126 0.9212889743441804
127 0.0
