0 0.0
1 -4.473545651408392
2 16.70916282439067
3 -22.43185996258005
4 23.452236129667412
5 -20.39069012023695
6 8.298161639974747
7 -42.917138646871535
8 -12.511185427392492
9 -7.382240205152471
10 -25.897941107890546
11 -24.69288728240635
12 10.060449305391312
13 18.930411558192386
14 -116.66240997795192
15 53.173724088439094
16 -93.96196372792897
17 -4.659730881436254
18 -50.4222644625406
19 2.1141458978834082
20 4.378441360827001
21 -43.36958584810655
22 37.08025614925575
23 20.1800472032996
24 -24.096556212353573
25 19.325592788368386
26 6.54968662732583
27 -10.792879534035505
28 -20.925870881984157
29 -4.757945421265589
30 36.702014082299755
31 -52.75161364244526
32 41.57551912856593
33 -24.853784025345043
34 22.518437994492047
35 -16.82749724246345
36 -7.899152877509749
37 -22.50925721073387
38 -8.752448556031542
39 28.67415640307182
40 -20.567996746928802
41 14.56907313800977
42 30.40301727326146
43 2.28197211590343
44 -18.25664749598161
45 77.71089668596436
46 -31.476944620338912
47 49.743654569814694
48 -36.1182905645105
49 29.90369249226052
50 -23.821431526185506
51 -45.553243158989446
52 16.080714710839576
53 -25.077806593292195
54 8.727382401783995
55 -49.37128136179771
56 41.83944734967967
57 -21.805017671915977
58 15.67019799563473
59 36.362241856594444
60 26.83583413932063
61 29.38874476863338
62 1.4834721188010644
63 53.92272540527375
64 -14.428106817315236
65 10.076945307340795
66 27.1708359964257
67 -30.97139653754893
68 36.92432136514458
69 -48.1851816637074
70 -0.06903947812353765
71 -55.577764356270656
72 -20.72388315566101
73 -11.452460806869519
74 -79.59637050457245
75 56.26790063822194
76 -82.95556127765785
77 50.12133247489994
78 -68.88253356780308
79 52.2223586978278
80 -35.64245670152434
81 -11.158630988406028
82 34.58700130839672
83 -75.07905216243908
84 87.18021830353044
85 -48.472485972334695
86 -2.7058315417500496
87 38.552471302099406
88 -29.757096654810038
89 11.337387357378129
90 6.638503035115296
91 -34.68575972000728
92 29.34448904020219
93 -14.233754240376188
94 76.68793740222561
95 -15.596630987492958
96 17.504340926900944
97 -29.531955348682374
98 26.118421569098373
99 -8.963107414145663
100 -8.910124248955853
101 37.04833532629654
102 0.33625011318621073
103 1.0575633129579083
104 -13.457440790339781
105 25.938186872584886
106 -13.707787226151762
107 41.84104955398279
108 2.782963222976241
109 44.04142341514023
110 -5.991585572925468
111 26.629868946181844
112 -36.29484119282337
113 5.2182996175003415
114 -18.371480570264392
115 -20.775079153474984
116 4.841473981923978
117 -46.8041507748553
118 -15.152834519759478
119 31.85011194047749
120 -92.29529929824851
121 75.43811674877398
122 -44.88888614588434
123 29.37421909675289
124 -9.11234468667852
125 9.212581252198477
126 0.0744082090088733
127 0.0
