0 0.0
1 -4.274547247616862
2 13.076183643838034
3 -25.984310816230778
4 10.514635019957337
5 -42.93648192506376
6 -12.250489185073706
7 -40.4054208854761
8 3.3275028879166575
9 -43.006246811710575
10 40.83815144300532
11 -43.19313198337153
12 -2.149833922291154
13 -2.9915469720161485
14 -42.63099571449167
15 37.97162925732598
16 -81.42938181226785
17 41.77065182309406
18 -37.74244434347754
19 -1.2319133233921404
20 -15.75801060251451
21 -37.33437665945214
22 -36.80767974722941
23 -1.9612233162241377
24 1.6172523705382587
25 5.093057145400441
26 -23.080252523048667
27 39.29006643292426
28 -48.8415725509777
29 49.642803643037425
30 -17.73241411246651
31 35.20875678390984
32 -28.040543724355835
33 17.573099735056086
34 18.80544458410099
35 -43.0519435149901
36 78.35090911926213
37 -24.30970220871721
38 75.7830457694526
39 -7.898159771897239
40 53.10376637301618
41 -18.232162774780477
42 24.975523838523632
43 47.56181902031885
44 -34.00686483041253
45 43.92868429131916
46 -43.540195506098094
47 37.03811489368044
48 -43.77300453387294
49 12.260673955993587
50 12.701926746198994
51 -13.004372596181028
52 28.59177743002941
53 -39.04066197215629
54 65.28191894037003
55 -14.407052155009824
56 7.709334067851534
57 41.56783148727804
58 -17.265814963336503
59 23.814248042729357
60 -5.821931119415864
61 20.89286394515194
62 -12.781187523170557
63 -42.794536234167175
64 8.724600490131504
65 -47.53527269378057
66 -13.069599292970892
67 -20.155259971869096
68 -26.616320918021295
69 11.807962463441669
70 -28.0570623454175
71 35.7184887098671
72 -39.30744529850651
73 17.709096466612557
74 37.93342972278886
75 -4.320023830197712
76 37.93798997964184
77 14.123887357064287
78 21.568128909949756
79 1.155444485910368
80 3.5302680875434933
81 -2.807752989056582
82 -27.209243519599646
83 17.747575072644178
84 -47.870501881879385
85 23.134848131575993
86 -48.07894787121735
87 44.0586613873942
88 -10.37863696678668
89 -96.07254468192336
90 56.27586185086968
91 -111.5561425446585
92 20.398953497214563
93 -46.14320255473959
94 -58.384381207288584
95 -7.116401730864338
96 -8.217641364231234
97 15.21252598137828
98 9.701854587724036
99 -27.72539507896157
100 40.00743089093977
101 -25.986766710942433
102 16.911294216602524
103 39.15843952900482
104 -76.29148852194699
105 98.63931024338311
106 -80.31305393247541
107 55.94901961338896
108 -9.794143401153072
109 10.394740980803967
110 15.442155263969601
111 -18.892684841039706
112 12.027949571669213
113 -0.57647728259878
114 14.7901083724882
115 2.5580519338006558
116 15.585782296032175
117 45.29028410896093
118 4.233966332915992
119 32.111665948528284
120 4.93954912192684
121 11.7601932893377
122 -3.7458705364162057
123 19.259504266628294
124 -9.50079212300109
125 9.21207297601649
126 -1.1254550260212988
127 0.0
