0 0.0
1 -3.49699171239675
2 8.979483285875663
3 -7.2499038471815425
4 -25.643988756392964
5 12.283690194644114
6 -55.006719827561675
7 -0.38917175603697574
8 -73.19766205314141
9 -48.16663963570768
10 -29.384694350904233
11 -85.00338325483493
12 20.69145442630575
13 -85.48812871600028
14 -8.947785465818134
15 -62.40834602015684
16 -5.027022035674627
17 -32.96712722907336
18 10.161503816241655
19 10.921776615684486
20 28.24888294554334
21 2.699562905045164
22 31.800442884292092
23 34.80615048379235
24 47.38926240282839
25 55.87495000141319
26 -10.205016387308602
27 90.91092851276511
28 -53.67398089961678
29 91.4042313411071
30 -30.540300655071892
31 -15.442716775554583
32 -7.823378728347268
33 -6.257651922917021
34 -22.50075384936415
35 -12.414667120295087
36 -35.811624888400395
37 -15.666770944804217
38 -25.19430411935954
39 -79.84204013728937
40 30.062429505192906
41 -75.9562139442438
42 27.895015151345394
43 -37.8560048386528
44 9.51740366697354
45 -31.926029210273096
46 21.04042891282371
47 4.94670884300772
48 -11.2665692827498
49 -13.994569801304895
50 -45.51265988221153
51 24.882072247124707
52 -2.632882793901617
53 10.636048488174563
54 5.373128384774906
55 14.411514445621405
56 -42.70335258521157
57 28.610211523410012
58 -41.96827623871326
59 -11.783987383419397
60 -11.607872795974703
61 -7.298659455706986
62 -3.36604592673156
63 -12.847292662892055
64 41.45132737380718
65 45.92608388818868
66 -2.462583323198722
67 86.70490536667172
68 12.822529731240472
69 35.09862221191671
70 43.58289210116069
71 1.11713744439732
72 0.5311898534310894
73 -45.09536556649637
74 32.36404188401601
75 -55.127682696984714
76 26.33267381456828
77 -44.63446673325666
78 14.461757932187007
79 -18.862439736757512
80 3.075892263149423
81 -46.075787349427216
82 -33.08043361351908
83 0.26581547099381886
84 -31.90934444034284
85 2.557445208207372
86 -24.74479959772675
87 35.7245661264681
88 -82.13525164076157
89 29.617975267647658
90 -82.8551838594913
91 35.92286746466874
92 -27.192178377682097
93 -1.1190318444495124
94 51.62173746192829
95 -34.694577407460564
96 48.70674890051579
97 -5.7588749653405396
98 58.29802620701355
99 4.915884139182733
100 21.52617150572467
101 41.38148623641614
102 17.70787599070945
103 19.478220804482838
104 2.6472811326010426
105 -16.095825001137552
106 39.43209589767955
107 -0.84683979777743
108 22.20669222305229
109 29.37112337764501
110 12.135983201273572
111 29.553945177788382
112 24.879335140919267
113 30.149273009304878
114 9.231272916652886
115 21.887162581608745
116 28.19190878578591
117 -10.523112936208234
118 20.343052272440268
119 14.090348086974457
120 -12.763343439632726
121 17.113834489142004
122 -22.97595957554945
123 17.005987235739983
124 -11.446811236613714
125 8.885502289520133
126 -0.6728566098378791
127 0.0
