0 0.0
1 -6.221344521844424
2 16.09767180602837
3 -31.97698399823989
4 17.490242600875703
5 -38.67291055713803
6 -19.46434583879397
7 19.569730863408903
8 -88.23802836088215
9 57.95921691068113
10 -81.65786580546029
11 18.015758942911805
12 -14.303941597117108
13 -33.22992117822097
14 -0.7680762004263931
15 7.9087720625095645
16 -29.840597945956247
17 14.299123420179619
18 -35.127421142061316
19 48.41443525244247
20 -31.473419062793152
21 83.55480106066041
22 -43.75429676670424
23 13.529091018580335
24 8.818683215856176
25 -34.95885635737667
26 8.111904474300779
27 -71.65920274643742
28 19.767674048954134
29 -47.159149717503226
30 -7.651616015809607
31 -27.414641980821976
32 -1.0324994999660055
33 8.921651500046067
34 -16.50578948455352
35 3.8699894662804097
36 -7.375345706660196
37 -26.901726912943165
38 -4.469146605176749
39 -23.116300733405787
40 29.373966655391733
41 -23.692945488197246
42 63.41463433371973
43 -7.8886638258537864
44 37.32576479115974
45 16.216125078363525
46 9.688382272122933
47 41.23070005325735
48 -7.021725758052698
49 60.523879914917295
50 7.571640680027376
51 51.08471654036472
52 -26.398411521732676
53 53.22825097962275
54 -42.762865079413565
55 32.139845744974814
56 -24.617895037932538
57 -9.636113713136602
58 3.5363000810392906
59 25.86586198030011
60 -19.8603908564455
61 10.004671054942072
62 -19.07185102370545
63 -38.89726069682098
64 16.647659975748866
65 -50.99672735985129
66 9.844029057716492
67 -58.568782874658226
68 15.40333211798374
69 -56.122333733899325
70 7.578291270988869
71 -35.131189206736316
72 -13.755833311730434
73 13.954628903674857
74 -25.962648583122316
75 10.37266336859887
76 26.999628474478342
77 -15.146130963090846
78 90.31551926994872
79 -20.994136784534675
80 13.101614248568444
81 59.960547776084006
82 -30.842808264504853
83 72.01765557081171
84 -20.10725380895967
85 38.88655669087728
86 9.549650421010696
87 26.91001655080353
88 28.143307973620207
89 34.03865430237687
90 -3.0940103357397355
91 72.05149694080629
92 -82.9352380440959
93 19.139101505292693
94 -28.934892177422913
95 -9.929365074496427
96 -35.16351957704941
97 -49.2045639431763
98 47.30682094920351
99 -78.38914629803074
100 57.83320732251096
101 -75.10481272962267
102 47.59124894292334
103 -67.49883961572607
104 -25.454400969823165
105 -14.866294998675542
106 -38.84794596103451
107 2.5184060564630513
108 6.003923634972837
109 -53.580809110302035
110 37.9433328028679
111 -40.547181382314434
112 -0.4801134106273034
113 10.775629027618997
114 -24.620235941327714
115 58.55899271504797
116 -35.5254942588394
117 101.76012915203543
118 -44.9802111706751
119 88.24983909928517
120 -17.52014080609001
121 30.095565309132347
122 -6.468370275910571
123 20.82533336129918
124 -13.953381427517085
125 11.378683706135728
126 -0.2125733287484522
127 0.0
