0 0.0
1 -5.844373596700762
2 17.97067300680093
3 -34.43535345536215
4 20.75027602184925
5 -34.16709542500784
6 -12.157641838004361
7 -18.913820260809942
8 -52.93736867096084
9 -32.29550601532602
10 -35.294516702985355
11 -48.492579776344606
12 -13.113721664756401
13 -22.57043365956994
14 -78.76645536979709
15 13.553934377110245
16 -59.184849936045694
17 -4.432294326179006
18 17.11958475511802
19 -30.277014969497458
20 -10.513363152125514
21 20.644684537390617
22 -25.172190832122183
23 15.468273281377437
24 -44.137801530605735
25 64.5528035799545
26 -59.61155897947722
27 30.53141077561652
28 -20.737266746288512
29 -20.41913950488026
30 17.423528847207752
31 -39.59034466080651
32 0.5283585767167975
33 23.926213520385016
34 -6.019334831607632
35 12.972445987160876
36 17.65589124085314
37 -15.523834583213038
38 60.75345560168042
39 -12.7859339481062
40 19.62540106822156
41 27.710335569224856
42 2.2892934551681923
43 28.177667091403116
44 3.4932097106411373
45 10.840742175419665
46 15.642132435846422
47 -37.27346819980238
48 13.469136304718475
49 -15.309976717604833
50 -33.93268343135054
51 66.46437264391174
52 -50.1305939157838
53 84.03567386111774
54 -32.20928765948858
55 40.26437614236495
56 38.74641367745679
57 -59.23634125356061
58 101.27062260088418
59 -69.22564544196571
60 64.68624713535227
61 -0.18416373845316977
62 -32.36651835481353
63 15.396577938754941
64 -41.13996884092135
65 36.97359535168735
66 -30.523295739437664
67 -27.107616366333666
68 10.68107522340075
69 -19.224253584214644
70 34.15842767256724
71 -33.52083092128328
72 -0.4584038263276178
73 -50.09099909542916
74 -9.599641359787865
75 -21.9848805725306
76 13.421573200112352
77 -28.801512745753666
78 -16.532742657349146
79 10.555255495968504
80 2.6397116523219637
81 17.59455197308717
82 6.5435828103575275
83 41.46251418068632
84 -26.068406123697507
85 36.260115777341014
86 -32.063143479054965
87 42.65056425393054
88 -38.00535379717213
89 -17.52673028655954
90 8.50733224849977
91 -78.1100851204798
92 -2.2567549037828343
93 -32.558656240255566
94 -16.770371274390843
95 -7.48831192830381
96 -57.30781240251731
97 43.85988423669758
98 -29.401215876187322
99 -13.507515726661234
100 25.70972540130266
101 -45.89562070993399
102 46.937156891654546
103 -47.15876574240724
104 13.021861119617878
105 66.24384672030612
106 -71.77290232074262
107 105.44553005185313
108 -51.10237641392238
109 38.841848249623645
110 12.465394113702601
111 -14.099690608804309
112 15.667332433285834
113 -37.9017124311934
114 8.803908023994468
115 -63.838993793211564
116 47.44516992020802
117 -22.76442115483979
118 36.6200957371492
119 46.91328121320514
120 -20.43966239253726
121 91.45727666323887
122 -46.5549086125305
123 63.97147132544922
124 -13.327146953039623
125 13.638749820626199
126 -0.05528384583192691
127 0.0
