0 0.0
1 -3.1459889986179257
2 10.218287051848234
3 -14.13751145672181
4 10.371947909742216
5 -46.6157814914119
6 14.574034346010803
7 -40.644285862707854
8 14.217393329135898
9 -55.21136191110272
10 73.88954591660632
11 -79.18853205631665
12 12.413396331602943
13 10.140346196022406
14 -87.42279880846571
15 35.30641015263569
16 -74.85952848876174
17 54.73231261006015
18 -96.29064073654729
19 -6.046914938435181
20 -83.74186168564711
21 -17.359396354569725
22 -32.5554888903411
23 -11.205559447502953
24 -44.38711119247769
25 -28.44371457189109
26 -7.509679042782127
27 7.0883390814892655
28 13.630770829454443
29 -15.477431430640502
30 33.98892781875792
31 -19.480944816998306
32 28.147666733950203
33 -7.348539159855199
34 -25.917074174099692
35 3.485534586328039
36 -38.37862028069569
37 -3.483686805386112
38 -18.092538043797187
39 -13.064824231289963
40 -8.652420663464923
41 -12.243591828977957
42 40.0896322208258
43 -50.89580709862104
44 31.045337314456162
45 -42.152706782428524
46 58.55800999119732
47 -25.280486976850426
48 48.63689830689433
49 55.931777042930904
50 -12.223040391794298
51 46.09054455806919
52 -40.58741573159933
53 46.52824420958004
54 -21.59224154134921
55 29.535638505395458
56 -35.057895411832064
57 25.016078050627392
58 -10.146461128608387
59 -5.50203474288487
60 -2.3793108559543867
61 11.734228502158068
62 -22.471690369702706
63 5.13798636058228
64 -37.7218561519237
65 -17.91401856606602
66 -23.251556155727215
67 -23.555166515298897
68 0.19313346813025128
69 12.362923949747742
70 -23.301080938033042
71 7.283335024889727
72 32.461622187937834
73 -84.36946215564095
74 35.17275551303966
75 -53.41818330999133
76 -5.965923174266012
77 -7.666020826320647
78 -14.54752667040926
79 -10.518410643061191
80 45.02738854624987
81 -47.018330494543484
82 66.42637592707334
83 -10.994878300005036
84 26.023265943962162
85 59.33380393130897
86 3.6711819588243175
87 57.14862318604216
88 -21.403712064306685
89 -23.677740751465358
90 -0.44317015654973524
91 -11.99021570178285
92 27.762009548207274
93 -17.930347349635213
94 -21.05920599925468
95 58.17848606682556
96 -25.8557491926901
97 47.49927158384567
98 5.8550084503499455
99 47.98756998735889
100 -10.46645892331122
101 8.21839719408688
102 1.990533783355766
103 -27.978764585488747
104 34.31106668077611
105 -54.07189831757518
106 16.444168759697902
107 -6.671960179479399
108 -0.9041588472246782
109 -61.0996129748392
110 -19.07221703048457
111 -39.564447192013475
112 -3.386406664270017
113 -7.52384258880838
114 15.91616267523943
115 20.23598765562951
116 -32.83115725201614
117 68.1870488403693
118 -89.82296428520947
119 77.31057641274583
120 -48.457266350323685
121 114.81377360451386
122 -37.08171130319592
123 40.317315578978125
124 -3.761280654481304
125 10.036342310818384
126 1.4025472476380199
127 0.0
