0 0.0
1 -5.370319663427074
2 17.08075048227522
3 -25.821388310843247
4 9.062585893623767
5 -13.231318491556394
6 -12.431051963627205
7 -16.472037293253084
8 7.01752030875316
9 -43.31365040945689
10 -44.41712097957288
11 3.0211123647658114
12 -60.550207676243765
13 -7.092869936657395
14 -25.916385303510832
15 -35.424335373710996
16 -32.277633319824254
17 -10.302434458454144
18 -32.23948446921244
19 15.283236085541887
20 21.225760365257276
21 19.256613541930264
22 31.536536804372147
23 0.07138765558465174
24 45.66321529863309
25 -1.0307765152921005
26 -5.872525258564362
27 -41.76059848763535
28 21.60996377986445
29 -38.380725828806455
30 -32.100578086668555
31 -33.28624001048512
32 -48.44385296732313
33 0.791987267315793
34 -41.63304226203841
35 -10.87978777566313
36 -35.21500524362037
37 -31.700278820211594
38 -2.813823807205456
39 10.223823365924888
40 -67.14963144986072
41 80.60946859923878
42 -50.2156443983856
43 5.293160640586113
44 -2.963283811626404
45 -27.94009446613036
46 71.50336704440979
47 -11.32791875378194
48 36.474759426853836
49 37.42802696122273
50 -5.072470544062147
51 25.683546032251787
52 -4.421636259981143
53 19.59847055195134
54 -45.897869243759
55 20.393274043995632
56 -10.536304312886232
57 -1.541967030398626
58 35.75538978457544
59 -1.594962213452852
60 51.80905829054806
61 58.25995131719039
62 -17.220178848635804
63 54.552890770964304
64 25.789880784210006
65 -26.242959866442426
66 57.524770004979594
67 -38.59149064700261
68 45.33134678078698
69 -22.47081553100756
70 -0.8828122916947817
71 -20.473990797770934
72 -14.080595763392306
73 10.73231737443391
74 -27.28667371293797
75 19.054451846995264
76 11.017995345035036
77 -49.710046084569235
78 18.281437752341276
79 -42.18973257077776
80 -2.723097487620769
81 -52.15450791972563
82 -14.993044908493346
83 -8.125669796233767
84 -19.917096183040876
85 -1.444508625663454
86 -27.391836185828158
87 34.54194554030475
88 -59.20545426438616
89 40.49942285581478
90 7.067769178245738
91 25.500128495723004
92 -8.76683763290131
93 20.067159457299116
94 14.24477457362827
95 54.47006150859524
96 0.9268168575810444
97 17.369472996162525
98 -5.282599325817822
99 17.911763823373683
100 -11.86202960389857
101 -1.0361004616376877
102 1.273474859505113
103 -6.023772621925657
104 23.858471149365208
105 -49.085058382074784
106 57.78660406398827
107 -50.859607646949996
108 29.00542230733781
109 -77.32462765587557
110 0.4630820536976136
111 -44.16050762632476
112 -19.78698372988463
113 -60.36643670276471
114 -22.46942219921093
115 13.079929890374855
116 -90.10668469594353
117 72.45301639567775
118 -89.20148806416948
119 65.37842770998719
120 -61.47085595980585
121 93.38913692861033
122 -26.25820946583686
123 50.525692971968375
124 -7.263797469452247
125 14.024674130891846
126 0.7720910844775168
127 0.0
