0 0.0
1 -5.29781249072464
2 12.213625917574126
3 -19.192986055864086
4 -5.996022721100155
5 -7.498625175921683
6 -31.148313865743077
7 -17.686966189673488
8 -14.142660602611485
9 -10.081658900606799
10 -29.1135694560466
11 0.4018162123292153
12 -10.158923810754073
13 -13.595481203648033
14 -52.97477496720139
15 9.983515481457545
16 -60.761981910572686
17 10.21635637835102
18 4.379605875309504
19 -24.154759124889324
20 18.2664345026014
21 17.384001585174996
22 -7.926993836538065
23 1.70648076636093
24 13.551213574776348
25 -37.02455966427887
26 0.8382288223124835
27 -0.12000702759484969
28 10.164247733123114
29 -41.689948642304536
30 -0.12513387076651622
31 -10.75744058888231
32 -21.54046211066965
33 -5.671930659683234
34 -34.60905840063418
35 28.51912904984128
36 -30.920926377087387
37 9.411287786005737
38 -16.490398613782872
39 39.392915809470736
40 -13.247423939188382
41 67.10349325580093
42 15.11157136041622
43 42.85354410416266
44 32.75852160170258
45 -21.29826322023136
46 46.56729535048946
47 13.227746745909368
48 5.604294686421533
49 -14.875059411402441
50 31.07357848159436
51 -47.525264311736386
52 16.538915042058132
53 -14.932986090731186
54 -31.70173438107673
55 29.047126390562642
56 -2.051032883209715
57 16.28912252052038
58 1.3338900275663759
59 12.238239255421815
60 14.936054400492814
61 -39.73722676664079
62 57.02212894655689
63 -18.33611527733023
64 28.473895205298643
65 24.28105507945456
66 12.718811827881197
67 17.255635127601472
68 -41.86821028096644
69 39.969240147181544
70 -1.5831033488901334
71 -13.257523641135887
72 23.908162678304258
73 -24.181634792579807
74 -5.955747459350211
75 -36.88634758886455
76 -40.862055151266
77 20.621036446786533
78 -52.698124943979465
79 32.56477805370919
80 -18.297022011937653
81 -28.16109222979511
82 30.93923780032474
83 -29.40823736979243
84 28.739926564102134
85 15.602841429210528
86 2.2862887807736856
87 -15.822801941789809
88 37.42684958400978
89 -33.45945930504659
90 -13.042350312099298
91 -5.057428157827339
92 -48.83230614874224
93 2.0388375598776864
94 -106.7120291941737
95 21.08735402668462
96 -44.58178874830922
97 -15.466092350885646
98 16.788387427604977
99 -41.25120899764477
100 57.39349370161107
101 2.4704182436250854
102 -3.479988927618825
103 34.76076636817
104 -24.77145911665183
105 34.19515281257973
106 -22.055966481860747
107 -35.023504298760194
108 33.027947502179
109 -68.6646094058222
110 17.7879670929957
111 5.338882658533069
112 -34.92340975045189
113 79.54337914809238
114 -55.85527555278469
115 68.64526727555504
116 -28.994428401028255
117 26.88178227551027
118 -28.737108980597295
119 52.27315990718074
120 -31.688853992629646
121 48.659860065279325
122 3.987069533806558
123 21.831083452970848
124 4.753289564175926
125 6.538787764390525
126 0.7148555523816054
127 0.0
