0 0.0
1 -3.7581483816713903
2 13.416755829313487
3 -25.401718396322213
4 15.391817057717757
5 -18.10747640848653
6 -18.338896672249746
7 4.339152743208694
8 -78.34800481382452
9 46.51868892012509
10 -60.37474093257382
11 -12.491141761226228
12 -59.57398251649257
13 1.2459147787002203
14 -4.969915384353101
15 12.47502149277134
16 -15.849221473088589
17 -12.511348827370005
18 7.44955037249446
19 -29.987402774584716
20 -6.463153873459609
21 -17.54784334343629
22 1.1352242903464378
23 20.00622650117501
24 -16.983173677624194
25 25.449352165168655
26 22.853752968691253
27 27.67493128854344
28 8.862534235332754
29 42.66653735091434
30 19.297738034681483
31 -26.81291606764732
32 46.076466473981235
33 -32.86306270913578
34 56.29378849704749
35 -42.68417709334339
36 -51.255233041434316
37 11.711744882540978
38 -76.24449594078646
39 5.1865937757181735
40 -61.39553382452096
41 -6.364039644339153
42 -7.882959264754288
43 -74.19486219556575
44 -8.572808742753356
45 -34.0020775414324
46 -30.525541041438323
47 25.575381169405762
48 -16.469539669861586
49 -43.266568177579195
50 12.964184262835463
51 -54.39774683705932
52 21.499198355899754
53 0.8593082096453757
54 15.768192413912207
55 54.769065580957445
56 6.272150548135403
57 -3.3312532396503083
58 18.213673631403484
59 -16.152146813893168
60 -6.231495358157613
61 17.939501265743328
62 17.13828199047757
63 -8.520879914185707
64 51.61736538644485
65 26.504282864974577
66 -2.0219898851194515
67 39.54149531326031
68 -11.254383944723179
69 20.724987265885378
70 38.29759729620701
71 -6.777071529426182
72 23.103528280369755
73 48.18072777125141
74 -37.32481248516466
75 38.320914727448724
76 -5.949212881424775
77 -37.366775882017336
78 -1.7791210675104074
79 0.6724100444712663
80 -58.548117283279936
81 92.35411871346236
82 -46.20391587368432
83 23.049496377984596
84 -11.200975708903693
85 -57.72357146091792
86 29.43049990478719
87 -94.14068437674058
88 24.801294247497133
89 -29.044327526966363
90 -15.952674217077785
91 18.4110042285794
92 -39.84843591923611
93 23.4718572053692
94 -12.593162488253311
95 2.2429318743870628
96 19.100904840555025
97 -28.245278202946423
98 29.874356733184783
99 -2.53162484112135
100 1.1201683625023247
101 -26.37111820571069
102 13.801496003039553
103 -6.846849613306671
104 -10.066075008392353
105 -6.384872281830418
106 25.16767272918471
107 -57.99002681436098
108 15.41440565150926
109 -13.618947427275334
110 -51.76153340612595
111 55.77964412792383
112 -75.00731406586631
113 18.479003808668658
114 -56.4889401717336
115 8.901416676254357
116 -13.620663633150748
117 37.1918681104143
118 -2.405109794275461
119 54.27152595261929
120 -18.78469935492677
121 48.846062224169216
122 -4.20819747598232
123 23.640763351469342
124 1.1961214999639758
125 7.299376392031214
126 1.6879580008790591
127 0.0
