0 0.0
1 -5.0345966633070685
2 18.192702262729814
3 -37.32037287978796
4 42.88945020977074
5 -59.57317310054561
6 40.67190805727619
7 -47.51160517038708
8 11.44046163677732
9 -31.852940051261353
10 -24.544607623757262
11 28.047809272626118
12 -88.66947439271974
13 67.2120702461645
14 -120.98487193832847
15 96.52004544030194
16 -68.45768794271116
17 45.28310715238497
18 -51.36784489110755
19 65.2061116477033
20 -60.50079530079007
21 42.96048564770097
22 3.8890514508494323
23 -69.67524235790225
24 69.73114623800892
25 -74.95097896442627
26 32.46190638276983
27 -82.72529320919132
28 12.126205614794518
29 -57.194321002796315
30 -0.007764348597984135
31 -12.835094454675984
32 -37.93115221846305
33 77.40130137576018
34 -59.432481599795594
35 84.81295763082335
36 -69.3628319704789
37 74.43899484118796
38 -8.112213983034337
39 28.003231828323962
40 35.57768535655013
41 -62.23525681102113
42 49.977629972841505
43 -73.48914019061849
44 40.77740901293882
45 -23.175724958646153
46 4.193978397004102
47 6.516729783657668
48 -0.7383302258363562
49 29.747847915372454
50 13.79999117588916
51 53.19234160296255
52 -10.62604408971351
53 42.84506962899078
54 -8.634381270310906
55 -20.471074033846392
56 -4.6444416319720885
57 -51.244787556052124
58 25.78272743600549
59 -70.07924022541297
60 12.899792586872893
61 -39.09745893073629
62 8.837671765492987
63 -9.98317792606384
64 8.158983443227601
65 4.071044282021103
66 -37.97790860255034
67 15.75914251576424
68 -26.52618707840548
69 0.523773467948992
70 -63.285234142206015
71 6.579819787137993
72 -14.995963101816454
73 -41.39770513117159
74 27.977333828096814
75 -53.970326950787005
76 -48.013217213447135
77 9.399090704218771
78 12.770929530285256
79 -18.121817991801727
80 15.942376561941177
81 29.103071212234152
82 12.971570470847478
83 59.08971500926499
84 11.003699072730182
85 17.416987953866016
86 4.743240590999822
87 13.666730670061181
88 14.292594102796643
89 -35.203856158898475
90 20.50618214450766
91 17.262031795557053
92 -13.508626231059202
93 61.748574530997196
94 -65.40283908822092
95 47.2255641987156
96 -26.771425160653287
97 7.638887566466341
98 23.99831760578352
99 -38.191044813205444
100 27.42726951904114
101 -0.4410941423185974
102 26.88748319836999
103 -8.22477306670771
104 10.022745144536565
105 -25.510148536570597
106 23.756257256082392
107 -79.19239010712367
108 68.86514962248182
109 -70.68646982129466
110 -13.90741104934653
111 -34.16789061793848
112 -20.321745035901163
113 -2.80310581168525
114 -43.253189169147774
115 21.35012422769894
116 -59.87051832778244
117 92.58437857278123
118 -109.14323659046102
119 101.22768197236762
120 -64.39649158894221
121 97.41942197161951
122 -46.84405433243229
123 53.16017446040971
124 -3.4180456765796188
125 9.37668238444961
126 1.5936462005972578
127 -0.0
