0 0.0
1 -3.1526656049442154
2 16.418638753994703
3 -23.850521557250662
4 27.920839707005623
5 -36.91632490982971
6 31.37522195753884
7 -64.83692138987558
8 29.60830488377336
9 4.323485468303641
10 -69.74362894040979
11 37.42577073199541
12 -75.04641844534993
13 19.756914168953536
14 -58.99571055508217
15 -20.86728697676792
16 -48.616452971977
17 -24.166721942886426
18 -38.40937029776307
19 -4.403746963944791
20 -43.93530976890796
21 49.01616037131334
22 -33.115137496514805
23 57.938022941036756
24 4.511262150887211
25 25.57408952974762
26 46.45870603508526
27 3.571326372579781
28 1.7732244501960495
29 -14.107299436409525
30 62.36115290963141
31 -29.534622724686304
32 26.358795994894546
33 -1.1887382856586177
34 -0.2788370178194533
35 -11.08474352421179
36 -51.81916495424577
37 48.12296622968801
38 -74.37532875738343
39 -35.16649051029135
40 22.626024765916057
41 -65.61946868306406
42 -9.656559515549636
43 0.8980462101363174
44 -1.5272649513665577
45 -37.28213893316449
46 64.75153266398242
47 -45.34194280185658
48 57.56983392218983
49 -21.467517564546466
50 -34.68376050801322
51 33.21421566149916
52 -65.38717389535856
53 44.90507969344982
54 -45.835529771023374
55 38.218682112826464
56 -25.11326516619088
57 18.96379962248428
58 20.28461177009417
59 20.71714387844419
60 49.71989461894064
61 -5.885220324474777
62 55.98177216794613
63 -66.47426493349332
64 56.292262659800954
65 -46.717668396506774
66 2.4866042978983454
67 -1.1002712897233626
68 -31.42461623492322
69 -8.50310864388253
70 -84.30432777838395
71 70.17151445845846
72 -51.92813558543698
73 -11.830771869139328
74 29.6072825836178
75 -83.16104053830932
76 64.54891980169359
77 -75.18425176693212
78 21.786408655820534
79 -11.247762837365878
80 -10.8205457162237
81 24.11550361007708
82 -15.012397168491585
83 90.46373978237031
84 -27.633018046885383
85 96.37154480293798
86 -33.16644102895615
87 52.52964855323193
88 13.442278287536826
89 42.534518661492335
90 2.4330352228320287
91 45.28716997928741
92 -20.574609212088475
93 27.633896893244152
94 3.5603088441356703
95 22.70786403547531
96 12.035121581790243
97 -58.7345981509976
98 22.771690092078412
99 -6.01706127602437
100 -48.45733472590519
101 -14.008419095863252
102 -36.207739816794415
103 -48.040878508844195
104 -1.6885123566288895
105 -52.82471516569507
106 6.768951845242582
107 -62.16967223611327
108 15.630242796903428
109 -98.2331848012568
110 54.854287041645286
111 -74.28303389090121
112 17.44238296047041
113 -68.77490725999284
114 -26.738306726173555
115 23.665270927840012
116 -67.36985838420264
117 74.20892814628762
118 -33.030588699095574
119 100.11073950868581
120 -9.614016267060759
121 71.51846059319958
122 -12.01517424148237
123 22.21754361809391
124 -5.953155652577547
125 9.936122356119498
126 -0.40402041096113883
127 0.0
