0 0.0
1 -3.1574980271000763
2 8.720841096474409
3 -23.51600817656624
4 16.664520090542556
5 -55.635153449812954
6 18.939878178840818
7 -49.15067290248261
8 -30.319815925078263
9 -2.589813168037204
10 -38.00919283730912
11 28.085498163867754
12 -38.23775106089458
13 21.82999676325086
14 -27.775379143300068
15 -2.8465118785144834
16 6.35116838888124
17 8.429373318535012
18 2.3721780088878344
19 4.879916806136131
20 -18.831021261512902
21 22.64740798295005
22 -4.861434600060446
23 25.453091987119826
24 -16.686192380989606
25 1.0572679501110225
26 -8.29433336111034
27 -30.55147266433254
28 -16.695960197146317
29 -4.330090655574192
30 38.11571411451002
31 -47.40557950836293
32 68.7513181745839
33 -39.49031865498539
34 37.511996730840515
35 43.096839894176746
36 -19.30444650912849
37 65.5003844136965
38 -17.87876316142064
39 79.7431449885311
40 -2.5039608156171953
41 -12.157870004044236
42 19.16318871595639
43 -37.72581616327778
44 -1.2183915204343776
45 -23.855445658830583
46 -40.04865750928327
47 43.66372629090604
48 -74.70256565203019
49 -2.9465715000251214
50 -24.893223815175233
51 -28.986014727580113
52 -8.683511274757521
53 6.042903653535945
54 -20.982492932990557
55 -7.601757923748579
56 -4.816481460800258
57 12.041192890657896
58 12.575966564387919
59 -23.806216832443468
60 20.62845338610037
61 6.099152311374709
62 55.992007707294114
63 -30.345802768996364
64 36.18834569629194
65 -39.61006407956781
66 20.72683214326532
67 -47.6120559395141
68 34.776032992394896
69 -29.622024979208685
70 2.5363274809694416
71 -0.6293752246788987
72 13.177270490560721
73 36.99625276150844
74 -28.892890200865907
75 107.02986322650104
76 -37.09670402595926
77 46.80203020707728
78 16.99713975348947
79 22.136527582161282
80 -8.733279932654751
81 21.195441059982965
82 4.840466967909274
83 -28.42789272624009
84 -34.86435716940197
85 -22.086456401690413
86 -49.561301938744805
87 -34.004043693095866
88 -26.006525849449428
89 -16.443982078308636
90 -21.384337203665083
91 -32.47825123331616
92 -19.824339115735487
93 -17.98718357318582
94 -52.80238114344164
95 36.35610198936484
96 -16.673990462420818
97 -26.421299123993165
98 81.82252375471204
99 -71.38228188813505
100 70.24181788910761
101 -39.91414891686829
102 28.882696953182197
103 -25.375643326789902
104 -21.180742161776838
105 -6.872103893157956
106 -41.11969835234729
107 17.17749320723878
108 -75.02825309294747
109 62.18138684407915
110 -66.50552553560131
111 63.299712461309355
112 -48.37593310285419
113 10.481794794083775
114 17.129152698579816
115 -18.235970022793627
116 7.314045788092972
117 28.512588790349024
118 18.34880487514419
119 0.1651563776619671
120 45.10626430928638
121 9.31644178344699
122 1.432200466335074
123 27.4290620509458
124 -0.14440007673395716
125 13.578448996771474
126 -0.19998451974572284
127 0.0
