0 0.0
1 -5.053260819742594
2 10.314514657080915
3 -28.865803450144078
4 4.164976751680782
5 -35.46925820855128
6 -4.9488318363477015
7 -58.76942848626437
8 12.205745435498415
9 -41.18505704278422
10 4.855210465331459
11 10.147000057414502
12 -12.900390456648543
13 8.523503608199075
14 -4.247634465681104
15 -22.83436365270595
16 13.098449462402078
17 -25.51672368652083
18 -7.312969583597861
19 -21.465688231039568
20 -15.733948748527359
21 -8.48239837306847
22 20.486514579803877
23 -3.864730191681406
24 43.115593177584174
25 26.37958378344585
26 -11.287184097421237
27 22.013350612111434
28 -13.438804409104055
29 54.85308876104842
30 -111.6911165804327
31 39.58558340060104
32 -62.73582272438714
33 -42.587890986792445
34 37.782846275543406
35 -60.920710865528825
36 52.620658913981245
37 -24.19228962066329
38 63.082493556175436
39 -43.9144993862401
40 62.598665083875645
41 -41.26598259842948
42 20.541037115032516
43 13.029666012723196
44 -45.00193897641686
45 87.6304505594255
46 -80.71546264014499
47 100.42925771639777
48 -37.141175844775574
49 26.51229349195958
50 2.531072598746691
51 -60.565900596473504
52 22.665192140434055
53 -74.76401154664904
54 33.44926225302374
55 -45.14226976314246
56 -11.930438113503055
57 24.302046502555005
58 -26.716891149663446
59 1.3144813170440512
60 19.459777243256514
61 28.18694741603225
62 -10.230094278179838
63 8.07882841070598
64 -20.692170546968903
65 43.456577458539236
66 -44.33858200380998
67 25.61701044760852
68 14.348004680433434
69 19.10761198538082
70 47.74215756117369
71 -29.92807130409604
72 51.85249028371396
73 -35.6951409497042
74 29.720942618293257
75 -27.472794507810907
76 -26.33206450981967
77 -40.13834449502976
78 -53.09065248414325
79 55.38460845309337
80 -87.02152602076262
81 64.10437916560635
82 -33.45572862199679
83 -0.7217282283481249
84 -17.282683843530652
85 1.6297990186304219
86 9.26743629276569
87 -54.031462625322106
88 11.468482201832144
89 -16.035732790230085
90 13.516924781431738
91 13.362377786071507
92 -15.381388923691174
93 -5.318569412554003
94 69.71441431448284
95 -51.22338481087035
96 38.457293065050116
97 -37.322727385476256
98 11.474917086348979
99 -23.609052280677318
100 2.3102088276186374
101 -6.6977601879874245
102 0.18083334632813114
103 12.242753469903821
104 -33.92787855133886
105 19.28638890955106
106 -2.4338769530814566
107 -40.70280135222714
108 12.546679254207547
109 -11.96183338009611
110 35.833992199161536
111 24.77409697748961
112 -7.043003165770733
113 56.17107248551498
114 14.41208854811814
115 37.96043565686168
116 1.6048748420334298
117 61.85081939132594
118 -22.634984275838253
119 58.09565381381048
120 -32.24062042451364
121 36.86877613128156
122 -31.555736259101028
123 42.46161655998668
124 -23.28867658996438
125 17.74014620855838
126 -1.998742281112744
127 0.0
