0 0.0
1 -4.726371931038424
2 20.2441794790854
3 -25.073668329270877
4 22.847730161160225
5 -14.884993015718267
6 -6.543637733388026
7 -21.951417745280924
8 -64.43520833487787
9 -7.674268012666277
10 -61.71516755115935
11 -37.51989628080073
12 -4.890565852237337
13 -80.46562807103729
14 -12.800359624639018
15 -26.83236518125595
16 -33.253562081199135
17 25.802606843149157
18 -40.746478710792715
19 1.070275225561654
20 -6.9449361575410835
21 -19.115398189001404
22 34.66689864123839
23 -27.905017742954154
24 70.79028774383637
25 -63.70473171257294
26 87.44294709898467
27 26.304484864236688
28 -55.012171643044674
29 115.11831372776287
30 -99.19268119759867
31 75.32461384130238
32 -92.85186667701765
33 19.277357685530564
34 -81.96982855935661
35 22.39352905965845
36 -20.208386429048925
37 -48.300164596850024
38 40.951261738274795
39 -7.824245250172474
40 32.69774166432894
41 -18.064691107577932
42 63.906703953330094
43 -34.68013160420951
44 53.54846060265465
45 -12.129639672972516
46 -15.977405288182025
47 1.1590162718103438
48 -41.450299299616276
49 23.990605567278124
50 -68.31480150048658
51 33.37598238573847
52 8.167265258337979
53 -33.27666889234475
54 21.925513580931295
55 -30.77540736721848
56 38.60491463273057
57 -3.7304001731960903
58 3.1901033016453884
59 60.85706935793106
60 -10.381006898016588
61 48.5062296050118
62 -4.885009469294861
63 41.754763986618485
64 9.883464283493506
65 22.624486559797027
66 21.38568866197742
67 18.647651219122704
68 32.62034527325251
69 -43.63033698361391
70 45.73143492879295
71 -46.15200798680079
72 -27.01934747278875
73 -5.906135034159963
74 -14.494288428430792
75 -38.30938876925664
76 34.584825768538266
77 -6.847689444217039
78 1.755242697709189
79 12.812042671220853
80 14.927535403829655
81 -55.87392436936641
82 65.28010289244737
83 -40.393225215584756
84 3.075125257886181
85 6.571595842088184
86 -50.00483790186822
87 19.953010423790268
88 -80.21278101775162
89 35.67902385335162
90 -69.43703492301819
91 15.796842296684314
92 -26.914510767148165
93 23.595632937077955
94 -22.132278227787694
95 -13.936162268031813
96 -22.667227475666323
97 -24.98269938386485
98 -38.66378208238414
99 -17.30709004869642
100 22.538587661366957
101 -55.08547837798864
102 65.39832171378666
103 -39.99336480569227
104 38.145842551284396
105 -13.946403084378167
106 28.400984935225463
107 2.8255173482318683
108 6.455014357343613
109 50.788477227360744
110 -41.16315882263496
111 34.98150943261418
112 -20.666068223202807
113 23.72534538954948
114 -7.1910789643084545
115 28.54133924480775
116 -15.173304241245809
117 52.345636645570245
118 -22.6740217353685
119 37.65999065826308
120 -33.672777436423566
121 46.37925758816821
122 -9.736481944975761
123 24.713075682045478
124 -16.182518978275077
125 12.769785081356336
126 -0.9985544067454283
127 0.0
