0 0.0
1 -5.295364744330831
2 21.43121215394714
3 -34.428396600435185
4 31.434164205282908
5 -44.87162003813575
6 12.992471880949651
7 -22.7321689474972
8 21.031282192568668
9 -53.71703348886089
10 -42.92304251662058
11 1.6069386300946178
12 -52.68894143255984
13 -24.510693479624024
14 -10.2329324921334
15 -13.208807635664048
16 5.200134910291872
17 7.532882914890284
18 -66.2858406499755
19 61.00253871807407
20 -71.35505747409398
21 56.0205887920303
22 -16.03839928536347
23 34.168468259886865
24 19.803645311275886
25 -28.661602949223763
26 50.731908719338584
27 19.318844487992408
28 12.18239766138878
29 46.59520305186657
30 -4.719081658226966
31 27.762941473140135
32 15.7489238504311
33 25.374570164028217
34 -40.85356427815354
35 57.48388741088214
36 -9.923648347601329
37 20.839829857315227
38 17.019853574113665
39 -25.33674668903781
40 20.920277327097708
41 -53.33437926197509
42 34.943000610996826
43 -69.65934657050273
44 -16.5874894833223
45 -24.398000553705778
46 -7.813973469621806
47 -14.517465622558257
48 -43.19986713451453
49 9.982113284702509
50 -39.67824307827518
51 -38.75597130979521
52 1.617194265269715
53 -33.857079350570054
54 -20.350465101781005
55 6.952927039724773
56 -24.57499263018585
57 7.925212988739351
58 57.975737071052365
59 -31.33520192476736
60 -12.84708069708624
61 39.084520692624146
62 -66.32615933851547
63 50.39912355718137
64 -45.72461762552306
65 8.241701984725161
66 18.594614452545617
67 -23.35310910885626
68 14.175063505016952
69 11.327569902644209
70 -27.299837827885927
71 2.59521678070411
72 25.012747152007417
73 -41.929071381842746
74 67.73145473139468
75 -54.328097594414565
76 11.926926730906553
77 -19.276760990896886
78 -47.85596507592839
79 13.979364854753342
80 -42.80675955444246
81 -17.332295164580497
82 38.2041824689287
83 -20.653597999200993
84 38.68408802846972
85 16.072493015894977
86 6.204722236519804
87 15.047109287873575
88 -24.029271546013902
89 35.19807470366092
90 -27.161374361266247
91 8.309322615412734
92 -30.901352342270787
93 -1.7940364844441512
94 -23.888251511342478
95 30.909206920418292
96 -22.6152210808132
97 -13.061489524464164
98 11.130502093381859
99 9.627126118086503
100 -3.63955103560062
101 17.184967633147288
102 -20.188538358471234
103 18.172845602950698
104 -5.861470277183516
105 -5.3161373328863455
106 21.886511976859225
107 -40.60560730109444
108 44.913506771525974
109 -82.20343976431374
110 68.15595787043178
111 -62.38670368144736
112 44.2833925463299
113 -6.111459243548185
114 -15.559944543049554
115 47.47783320540321
116 -27.139555804530673
117 11.047197668895649
118 -83.6812472072259
119 79.55210075468132
120 -98.88564204705416
121 52.72798351430323
122 -50.79217461307739
123 50.09363025084126
124 -13.493934262194074
125 16.686564028326934
126 0.07571763812088673
127 0.0
