0 0.0
1 -4.955648276284885
2 14.120084614351263
3 -24.234280583069793
4 39.23114657583312
5 -35.84025217529443
6 15.059183115916614
7 -12.584801677804771
8 -4.593911376800991
9 -4.044856914393715
10 -34.65005548838324
11 14.970722319231642
12 -59.445136707269704
13 5.439578253251854
14 -53.387263239766654
15 34.33234686813545
16 -81.2072308486803
17 23.067155149558516
18 -63.19433918804296
19 13.364017641174183
20 -7.516031526266912
21 15.260461593282185
22 -3.020022063411828
23 7.0825486800994195
24 -0.7953732929090078
25 3.5679918794250156
26 30.04814967084321
27 -36.06434701200928
28 60.816042191083156
29 -77.69155431100272
30 91.89643278237632
31 -44.52331211091226
32 88.42809345020213
33 -44.73682441091846
34 0.6137278149370088
35 47.558437133541354
36 -80.79547574485733
37 58.717840143508326
38 -45.00593099908519
39 36.44823000218141
40 -60.340568232086085
41 22.600944539289316
42 -36.846060206595304
43 -47.5428711300347
44 2.3486804371473258
45 -18.316287719461204
46 -38.00851193471594
47 17.381885324915494
48 -43.498621478597386
49 11.660317278404667
50 6.198488182653158
51 -6.403407898769149
52 26.08752333995118
53 4.452140869181393
54 -32.947307690223454
55 51.167066643455335
56 -61.47728246549476
57 48.82303219773104
58 -37.367591503718245
59 -30.159087770676656
60 40.45761323512498
61 -70.44236054031333
62 51.306838711095644
63 -60.757998277744235
64 59.773849757831975
65 -37.83069902011492
66 29.39769569353032
67 49.02371563809024
68 0.20819926264268473
69 -22.543766800318753
70 83.01700591567962
71 -40.836497628464734
72 35.301941407418354
73 3.8984626964204274
74 3.7743477352556716
75 16.864960332933514
76 -47.863275539071246
77 66.75160710876294
78 -54.77825055560805
79 46.52635480271262
80 -1.2558890279134378
81 -6.421659765462822
82 27.953699868178443
83 -34.83606648725545
84 11.778401632066235
85 34.1071687487974
86 -32.41372247892311
87 31.12065360600105
88 -33.541509676334606
89 -37.70610830421007
90 7.389303059635099
91 -12.452812774159803
92 -26.977332350053764
93 92.07014906244562
94 -52.80422241782797
95 55.01823032044191
96 4.501265645910924
97 37.45226709540885
98 5.0833405490572385
99 -28.776694539957532
100 4.284087074186384
101 -53.77152663689011
102 7.802700298479395
103 -61.19578357582614
104 48.25009124316723
105 -41.79802865671414
106 26.06878634443662
107 -82.17162572289874
108 -5.899921925281641
109 -70.43914218563856
110 -47.30702793093154
111 -28.694594469724446
112 -33.668318811236865
113 11.118781903655266
114 -14.351767031101785
115 48.168304346944524
116 -30.825843095150177
117 11.102095290189608
118 -10.255940701193397
119 52.15983003073115
120 -50.74039286601918
121 86.71347470842996
122 -35.901338306209176
123 46.360216042042325
124 -8.250607776669309
125 12.389840464754137
126 0.1380120276321217
127 0.0
