0 0.0
1 -6.535690512453689
2 17.243395331359718
3 -33.71748401332651
4 -7.544996965791262
5 -21.306600959704465
6 -1.7666292939678057
7 -37.992469338803865
8 -19.50572142485
9 28.410884162818693
10 -50.539426750899
11 17.897628806675193
12 -50.434920951435906
13 6.595630647723313
14 -20.35415136681391
15 23.766758136056776
16 -11.615158646388492
17 6.689103188326147
18 17.001664264487125
19 -30.352964527469595
20 17.230404328538118
21 -5.505778413653699
22 -56.878425556755005
23 18.231455801131105
24 -67.17874553308089
25 31.30670027371837
26 -25.93617547213276
27 -5.243900205923531
28 -19.691963501593378
29 10.227948476843592
30 -25.54506579227942
31 27.656206430304447
32 -61.804291104012954
33 29.00600623501909
34 -34.38379252121043
35 12.565142151867155
36 -16.3568281601951
37 8.908730378182273
38 9.655857537585371
39 37.60627985452721
40 20.83989376569717
41 31.482703108344623
42 18.84725517027905
43 7.200964387799402
44 52.90327015333386
45 -29.835326221528362
46 85.66786989961741
47 -82.57598422505201
48 33.959385892995925
49 -71.6969969653252
50 5.965787267006969
51 -42.444055435721296
52 -60.44203909250868
53 -6.110125045397781
54 -31.032494031085566
55 -41.65518752622012
56 4.957346040658832
57 -10.36897566272452
58 -31.417998722782702
59 -0.8528078998949143
60 -17.467883949945833
61 -28.24668164805716
62 24.761933924097676
63 8.322577143980144
64 -15.027087585385372
65 8.665939758171014
66 11.470843677603074
67 23.82733431191288
68 37.38448458019809
69 21.169545114399607
70 1.4201941087076053
71 5.917628663806219
72 11.653751981069071
73 -28.117669993930864
74 -27.200400584134044
75 49.932433394580706
76 -70.61755178996407
77 66.2325864034865
78 -2.072482432433821
79 11.162130230584694
80 31.729922927957304
81 -27.80674463182543
82 11.541219201892282
83 -16.792207512741125
84 26.00012769495968
85 35.41760391074967
86 17.807727915514207
87 14.18845640864974
88 -5.838931248623521
89 30.428603779923545
90 2.188753165543053
91 14.212026932193728
92 -27.127482477838136
93 41.36151610586931
94 -82.31514325476624
95 23.851561932364735
96 -20.763560204240836
97 -28.087880653380953
98 38.041387108565694
99 -83.059889984427
100 28.15951302645242
101 -75.07838677925413
102 37.89866259390027
103 -58.91719781493375
104 13.672167015014724
105 -59.06126623288878
106 27.04459330079408
107 -5.328593778531938
108 -24.395153380366956
109 51.18148934449145
110 -28.139060068842674
111 66.846973784085
112 -6.679556726930187
113 55.37851499294038
114 -16.325669652095364
115 69.83182152117129
116 -25.577155939761877
117 90.52717848926787
118 -67.7044347371227
119 87.89768686747205
120 -11.884979823176172
121 7.568906173092158
122 4.021358501341423
123 10.996505131374114
124 0.7514833169903028
125 8.54193349088671
126 0.377120204168702
127 0.0
