0 0.0
1 -3.893289108370757
2 16.603710920295704
3 -12.555575885708505
4 -0.5460567268536702
5 7.091738188525066
6 -5.22271200724253
7 -18.364371020640124
8 -22.234399409095733
9 -19.984411540932122
10 -60.95896569011238
11 23.83862208604798
12 -32.930503847984596
13 -33.05142161261827
14 -11.55445471223956
15 -60.05032340919654
16 1.502400556275754
17 -63.253101713493905
18 1.178226911946135
19 -32.90866681428375
20 -40.074139480015106
21 -2.610222085958726
22 -34.43176349891379
23 -27.414848412210137
24 -10.619022026499625
25 16.333693210484793
26 -75.38481792757368
27 49.53700537139506
28 -66.47086547137872
29 35.77522175126256
30 -29.76024588873483
31 -59.72947173503867
32 32.552454283114
33 -57.89315447166749
34 20.003331133194678
35 -52.625418564353325
36 27.44067349717715
37 -22.5151530110868
38 -1.5881789133917497
39 17.249302573245693
40 -30.54363299719903
41 75.88940584895813
42 -58.939471121343566
43 33.82954377223604
44 9.247148417034959
45 17.370627451034434
46 12.698485219982885
47 -11.393532517284735
48 35.53007116094763
49 -0.4068990877335145
50 8.480180831500407
51 0.04806526799859704
52 21.42654533008049
53 -21.233566569100805
54 -2.8392047820268234
55 5.530496411649437
56 32.628806724269396
57 18.770307711419516
58 7.719037200716231
59 16.54947425455075
60 15.148679152427594
61 3.9932279804361386
62 23.341840145186072
63 -9.470137619547371
64 -4.728748838175464
65 -16.668641783820384
66 33.44501193961496
67 4.282404997286175
68 -35.302587676437476
69 45.24297847961425
70 -40.577292786774116
71 22.019396240211186
72 -22.971463070932682
73 -13.694614914981104
74 59.20614952374445
75 -64.48045983043785
76 74.8520511078239
77 10.449086420880723
78 -38.08982934840995
79 53.85122316974988
80 -45.40333044899779
81 7.522367240051417
82 -58.9785692102577
83 -8.352906644298232
84 -58.34638988834682
85 -52.0584007943086
86 -15.907645429337808
87 -70.12091206539482
88 -26.99536090276996
89 -57.15120938021967
90 33.398306272919015
91 -79.72339051453761
92 39.2047676472001
93 -48.04246576710261
94 22.463831674732067
95 69.03708645846417
96 3.112009106018173
97 107.89989419394541
98 45.29531068486109
99 51.628031270650816
100 15.948756633424251
101 45.87535221268686
102 -7.63066504647775
103 43.278193252749084
104 5.787572241933609
105 4.615854681104009
106 10.6467746831548
107 11.442350607942114
108 -32.66499495634044
109 40.63934924254269
110 -40.14299959688702
111 33.904610946905485
112 -47.32445300393912
113 36.6950514218129
114 -76.38729130246796
115 -32.77537320662226
116 10.264099013376624
117 -47.98561058194908
118 -20.832746781624895
119 -27.981678177167115
120 -4.474507636765174
121 12.689517010912445
122 -2.354575629131743
123 31.817904147081585
124 -2.684597356137722
125 13.23267176353541
126 0.8499975459537498
127 0.0
