0 0.0
1 -4.8101534099993115
2 12.673154592993972
3 -26.471527224005946
4 16.618135674374212
5 -44.709145666453175
6 25.944012339689543
7 -49.434678349803576
8 40.61822488857183
9 -42.40734604170118
10 46.09685209007072
11 25.37074463087807
12 -54.670950793721076
13 59.941734059151536
14 -64.03233327834516
15 -9.06149329737748
16 -37.03018666369343
17 -51.42424965627024
18 -53.71778540310825
19 -21.208566441633923
20 -27.28811814551174
21 32.60375905292917
22 -53.61196693548673
23 25.390434969574546
24 -13.130571131106928
25 11.99935038014226
26 -18.907711140182844
27 -19.3022187267821
28 -3.546285052420631
29 -24.62033248157767
30 -27.35536075155315
31 -14.830539627717435
32 -11.122780107061763
33 15.578156879073937
34 -31.47538567195813
35 44.456830526575104
36 1.7326816886448162
37 -8.950468418591564
38 68.24407980343749
39 -48.62960858194339
40 56.152356702615826
41 -20.093015150651226
42 23.776313344043647
43 2.6069288696335264
44 19.79847219091854
45 31.8855997577078
46 3.571099617870335
47 47.72820014520652
48 -21.924181697357923
49 55.13756780078227
50 41.105962337808116
51 -57.25655352275569
52 51.08539048651793
53 -22.14134891444854
54 -15.623858213100277
55 29.87206324332695
56 -24.322849965062314
57 29.633215966259883
58 -63.48980428599278
59 51.15621472426939
60 5.812952464740991
61 -8.031469682733126
62 10.3814070537228
63 13.171579687835376
64 14.92528127784458
65 1.5799660086887861
66 0.31619913401557326
67 0.9240860304396683
68 -20.696939155416807
69 -30.41027679769152
70 5.524895729239561
71 5.926646722583125
72 3.871081193381238
73 29.998526535280167
74 36.28091789727527
75 38.53136275336678
76 34.50139716750769
77 0.6975841888060319
78 -21.79112256642135
79 -20.769953868046937
80 -3.387954052279999
81 -36.8821171109153
82 -26.933337929469843
83 5.652811948378615
84 -45.31050232995519
85 -5.963743309279591
86 -27.94723200204372
87 -24.542956845231103
88 -28.349735916881095
89 -52.46922714458633
90 -8.70901490987143
91 -10.507806756612831
92 -23.91239254399988
93 41.33412367072547
94 -31.605785397090084
95 10.17659874850533
96 -17.945737167463356
97 -2.76149100829685
98 19.070312042215516
99 -62.66247106500309
100 95.53292215794987
101 -9.03347067434931
102 36.18991274001763
103 17.298028568896083
104 -8.91002381323321
105 21.517709160564415
106 -12.641061005537377
107 -24.273370872719664
108 -6.741736739156543
109 -20.470926487071274
110 -6.523430621587202
111 -48.617865861739475
112 -4.239988235866526
113 -3.4614643418620377
114 12.8413088001167
115 2.784137829010681
116 -34.88604953463941
117 27.791606438352154
118 -44.47520669833758
119 49.36826161872149
120 -75.65824165577303
121 73.51603129480219
122 -44.50478436062438
123 50.02126420339233
124 -10.423861595026048
125 10.98397624905152
126 0.5211002124153492
127 0.0
