0 0.0
1 -5.567362109940022
2 19.000001326588613
3 -32.65037253428116
4 31.760693735778627
5 -36.74257660798689
6 14.307596650608108
7 -7.492072318584064
8 -4.297483585715027
9 -30.56795317393347
10 16.44220778143897
11 -42.641890378535216
12 -54.03772750427505
13 15.366910024310602
14 -53.3412194656847
15 -3.4624725777727714
16 -54.9279309662388
17 32.00592803121583
18 -26.173307784815783
19 21.160235723117488
20 -17.644027485812423
21 -16.647973307713194
22 -12.474226109722462
23 3.7363170304520312
24 -68.98675251281486
25 16.029055424091215
26 -35.518214092077685
27 -9.300393505925102
28 -4.710199886240031
29 50.02612387263885
30 -21.99828218774928
31 29.957378054767158
32 -20.72515993435777
33 0.4302082010639954
34 -21.340347444969318
35 -2.7423906648793444
36 14.936919867048232
37 -17.534679657425002
38 42.860240859607636
39 -56.447142967242875
40 66.69201943982473
41 -44.89372728600865
42 44.60682788669463
43 -34.25932630533356
44 30.232892196852163
45 31.244864971168887
46 -41.793875770500456
47 54.88399077775948
48 -69.66638282417337
49 21.93615304440396
50 -60.62059475345346
51 -5.620295644018432
52 -81.3927248028322
53 54.012596737344026
54 -19.27822662892355
55 9.515027089942352
56 24.184519131643462
57 -42.08751643579227
58 40.04194713623002
59 -42.340522313182326
60 -20.799069474852374
61 -13.98745762586302
62 -9.587178461529216
63 -12.147194909498937
64 -27.932620019123185
65 48.88402391639636
66 -55.573468004868104
67 27.809211538809766
68 2.025723602948937
69 -32.49575583758513
70 35.73145200969935
71 -30.390636927343838
72 26.71544364778714
73 -48.19511303191325
74 74.2486829831971
75 -56.990700888236155
76 75.78615244928058
77 -3.3784458495315657
78 47.6515740743762
79 14.524825978654755
80 19.789161344824766
81 66.45249003143385
82 -43.36705805901657
83 66.86353313169448
84 -31.101359580328257
85 27.25752184489208
86 -32.01578072870265
87 42.675637182749384
88 -40.97617268255195
89 7.92805976607071
90 34.93407419947262
91 -45.55268621529932
92 37.10137666067433
93 -31.43300082211452
94 20.765674916106857
95 -4.485160757782257
96 -6.555380525025339
97 31.913463338036873
98 -45.377912382435895
99 -6.242035717150491
100 20.919328045067374
101 -26.753404912378063
102 8.42024834754691
103 21.140268646776363
104 3.4527209952205964
105 -14.269132875832234
106 -28.00275819578252
107 -16.367616657954972
108 9.94547535597003
109 15.202729344138504
110 -14.041333785758482
111 -6.122532836259547
112 25.657803844823725
113 2.9742954789376967
114 27.374286414922157
115 7.2353268867018565
116 -29.110341791715587
117 51.29742658358912
118 -49.80621965881029
119 41.39278495715567
120 -41.655061425742964
121 31.317964826089653
122 -33.87035125854577
123 38.40966406087605
124 -19.57646935258739
125 12.410049170305424
126 -0.35916927765231743
127 0.0
