0 0.0
1 -4.897710784194001
2 14.762638412835377
3 -31.538352440877055
4 35.02659738556088
5 -55.91233391784501
6 14.529808271526168
7 -40.300546147558414
8 -3.8627686177892913
9 4.862620482506114
10 -88.08840115352317
11 45.30334122273188
12 -49.56026141248465
13 6.892304911456765
14 -1.9684150899259547
15 -14.32176463510025
16 15.066216390639626
17 3.5190757208338534
18 16.35164441849445
19 17.727893011442017
20 -27.81229360672283
21 23.401441247430277
22 -20.534179794950944
23 -18.579020299031345
24 9.170517919015122
25 -2.2333896281976013
26 -12.224762590476367
27 23.779219947380607
28 -11.2282460702715
29 20.15378277454715
30 -82.62489189619531
31 26.180918731094025
32 -15.154312705796661
33 -18.569946794830045
34 -19.457915255475935
35 -28.44218267949073
36 -10.332389749738669
37 -19.909354658458287
38 16.7856862612619
39 -33.85071699028258
40 23.073195260647385
41 4.049872227113799
42 -10.495416458274567
43 -13.306701032423154
44 -5.341383077348119
45 -17.948137976892678
46 14.64093181418714
47 -48.399380493469735
48 14.441045542655164
49 -11.264695804113117
50 -53.95648517385274
51 14.514278684274476
52 -50.634032911130596
53 -18.51459484508983
54 -18.075898645614863
55 -23.124770978317237
56 12.555302608452473
57 -30.416584236970227
58 -40.055727394250965
59 3.18582901823554
60 -90.18841541893306
61 22.776756601963708
62 -71.40063223980631
63 24.94270868189187
64 -10.936099637396026
65 -1.0361613473103137
66 87.4199425569593
67 -16.211290922504464
68 65.16012815644281
69 -47.53017932711526
70 44.39839877456309
71 11.657804907262681
72 17.134435629790353
73 6.883589566387148
74 32.63239750341889
75 12.894710173220941
76 27.65311974675887
77 33.42708021625176
78 -18.43341560512145
79 47.90270500918581
80 22.598646422220764
81 -2.23646534590074
82 35.63676906139733
83 -17.024378235415014
84 21.91839113860232
85 -27.839193733819176
86 -42.49222861024878
87 -12.441535472551132
88 -34.83331809011989
89 15.082508991309561
90 -45.99141377369509
91 6.279955172974411
92 -37.87835131790294
93 44.39192022659292
94 -27.776090276395536
95 74.486689117598
96 -39.36194827571824
97 2.833258591296282
98 37.96281839103349
99 -50.99908449924033
100 84.94402743970693
101 -24.942308716779106
102 60.41636018430876
103 -40.51386481827104
104 50.58533581488896
105 -44.77685062469752
106 6.284309440558943
107 -42.51175520449841
108 0.3498181725723281
109 -31.829732625996535
110 -39.98792139810345
111 50.247195074493774
112 -100.01505053367393
113 60.26520588199555
114 -11.625017981149824
115 13.434677538386671
116 -5.339975062330705
117 46.25919025499247
118 -16.254994536415637
119 49.236980778333304
120 -8.953229594012164
121 69.59992239000796
122 -34.85330791838029
123 43.455771532162565
124 -11.244809391878034
125 13.975573694650466
126 0.2128462920239316
127 0.0
