0 0.0
1 -5.091041157630411
2 11.170459699971376
3 -21.122212482442816
4 -7.337327332226728
5 1.9393354777020744
6 -77.08496325716624
7 51.38429684355671
8 -148.5057257720274
9 51.21087941934044
10 -50.630075408550184
11 -69.73179179321457
12 43.65253504751868
13 -61.11651307814712
14 34.495059482916155
15 -78.10970627036052
16 7.557493235577522
17 4.428165568873512
18 -40.949582342864375
19 14.23960604257397
20 -77.97949591092136
21 55.44991200336687
22 -78.35028489322079
23 17.290228397978233
24 8.13914104916677
25 -34.48664135051393
26 15.280056197874778
27 -40.33034512208065
28 23.08750461926186
29 -55.86397131007484
30 35.53889085414338
31 -21.320143264020604
32 4.155020440324209
33 -1.503633124493392
34 -6.243685410600365
35 -6.181460131263953
36 -9.291128137388368
37 -30.49153054465031
38 -2.303406620195759
39 -7.63084406509832
40 -1.9206107652592237
41 15.10381687214641
42 16.831637233533446
43 -21.45921015768504
44 47.92207913902159
45 -28.650029643964015
46 -15.465494186446374
47 37.989066635627644
48 -17.226032017076545
49 56.7075868235061
50 -22.365232556466626
51 16.25268645924283
52 1.0077221458562244
53 26.91271099940701
54 27.25303396517554
55 31.739924346901926
56 30.34880886890145
57 16.22601168719887
58 15.376566612594626
59 15.233666883433322
60 24.8406207289624
61 5.765126704840511
62 17.129150349421646
63 37.01891572645063
64 -31.763914669907226
65 42.27108042075698
66 -39.31405856336478
67 29.837043832328007
68 -28.377871586887792
69 -7.657278281888254
70 48.67660468970871
71 -77.90726933536085
72 68.68251057529346
73 -32.57602233813425
74 -34.78026700973214
75 75.0786189104004
76 -26.89667384418261
77 -2.1580924358556604
78 12.171107650265983
79 -22.382720857678017
80 -27.67253776269092
81 -10.824591998213302
82 -9.14915723199625
83 -60.79418822202639
84 -10.696900294353696
85 -22.831314017269563
86 -21.554533245451914
87 3.4440933450656877
88 -0.4600363213568158
89 4.354055224627161
90 3.060876003371815
91 -2.7630099679627813
92 14.402579256616336
93 -12.69305018660204
94 9.789247360230704
95 9.65640999726712
96 0.8062658690419434
97 -23.823032741438134
98 23.71905807372418
99 -29.929421088731054
100 13.500258332509379
101 23.88225720893723
102 -47.68090182682739
103 42.1781446585282
104 -40.35382909526322
105 16.590643869467648
106 -27.38514737896772
107 -5.213932389665305
108 2.0227650231406074
109 -27.247179528994373
110 29.138193398471223
111 -47.784534617626754
112 -4.607778717992843
113 -18.470790227736394
114 10.119525062645707
115 20.025266641764095
116 -3.1104219857109174
117 -1.5966334019970547
118 -14.463887285936238
119 32.16868564277463
120 3.1501713075556124
121 66.37517489857899
122 -15.390454198444415
123 41.60717758263913
124 5.691849123531826
125 10.653497865500515
126 0.5688800725936278
127 0.0
