0 0.0
1 -3.6080381931968546
2 9.573028416290986
3 -16.08599979401839
4 8.39713180156445
5 -7.254967143763207
6 -17.093147001068402
7 -6.142891788275092
8 -55.26494430561854
9 -10.062147891662732
10 -35.894878664126644
11 -23.994886769314345
12 -17.593621171514854
13 -34.781386986031215
14 8.182867388596614
15 2.1992979463902063
16 28.62296472093755
17 -26.80469843706531
18 7.503519777327403
19 -0.06224200011141923
20 -46.90823683270536
21 22.447230271150023
22 -83.66732842220392
23 30.475187317103394
24 -27.776820345673144
25 -7.618540046564404
26 14.33236216499147
27 -21.87067840904014
28 31.245588568596304
29 -16.959162510894366
30 -38.63686315491079
31 -15.276318517231626
32 24.770038686988237
33 -17.23471867532121
34 10.02294872715332
35 1.8469939907790611
36 -34.56819722166886
37 10.214988426951544
38 -47.05339804944178
39 40.451284703902964
40 -67.46362857225013
41 33.53839628804367
42 -35.1112246400893
43 -14.099008367032186
44 11.020665848069585
45 3.2850673132161274
46 45.97269383776163
47 -22.16024285759302
48 71.74325946392095
49 -28.215068718441906
50 45.59892681577936
51 -32.43117089226655
52 -2.569824481086216
53 2.263405711479643
54 -52.911988192924234
55 38.28118266868436
56 3.476119765140862
57 7.030001632483131
58 -23.59308357756005
59 -13.483296566477682
60 -0.5310665903129692
61 -32.715073913771434
62 27.225977304497597
63 -3.1689749353866716
64 12.170557238030312
65 -9.761636436390308
66 32.15035759503497
67 2.2624251075381228
68 -36.39081474798023
69 51.10079532137513
70 -28.185407950405647
71 -50.63353606030826
72 -7.853011606845677
73 -34.42810633704244
74 -56.27774836949271
75 -19.012656124095116
76 -3.667325605856088
77 -78.66046288690809
78 -6.327622876957445
79 -28.997250192501877
80 -59.40477630477944
81 32.467734686454406
82 4.527378484709281
83 -20.97305849099329
84 17.528765992821015
85 -30.949457359614968
86 21.283671779816103
87 -39.389353994814805
88 -4.871256153685934
89 26.370122965392007
90 18.625639216085368
91 17.465639281478264
92 -15.287794186217727
93 84.11101684637562
94 -18.539237565236295
95 64.96924030688287
96 18.301809324855927
97 11.40414999147632
98 -6.219905013385651
99 30.715798959173263
100 8.559486622465542
101 -8.076813256868743
102 -5.712584224674814
103 13.799406385753256
104 0.8171227421845082
105 -5.762429475823218
106 15.948061657252287
107 4.004395292172459
108 -2.437398881478481
109 9.248713857669978
110 10.735542893099293
111 -61.33169941655645
112 50.080021175896626
113 -50.88648055929311
114 37.65134187834795
115 -12.980960976284779
116 37.608927347135776
117 50.00549241091815
118 -38.84863105062507
119 79.33029618469546
120 -8.345078938498233
121 52.19258478744902
122 3.0179482518564176
123 32.42246351428334
124 -6.928987718256857
125 10.189574590945403
126 -0.09884790175995295
127 0.0
