0 0.0
1 -5.523539386569232
2 10.539989502733095
3 -13.713420136207867
4 -13.31777277424948
5 -17.862013681933128
6 -30.692018907287107
7 -41.11636220382636
8 -22.599982182304963
9 3.353628177788964
10 -15.585171048952995
11 24.538201093327704
12 -19.31343969600589
13 62.95396614097359
14 -43.67147320943324
15 9.290712990198111
16 -27.981892279214538
17 -12.117893774926344
18 -64.26250100090378
19 25.145339822705516
20 -76.53933330957359
21 52.62275543985088
22 5.556246054485462
23 -20.652862964448914
24 76.55737050373021
25 -71.86729388386244
26 55.36844282474368
27 -40.20737373208872
28 19.03706115111003
29 -57.35294411546229
30 -8.152333244415681
31 -19.839442198914618
32 -9.681219182231608
33 20.37912112174464
34 -24.84787256553905
35 20.046552870607155
36 -36.125990465045554
37 31.825310423535594
38 -42.37203625950471
39 29.456248286296436
40 -36.75110303687643
41 13.147564557043241
42 -17.170658626327157
43 17.663847181150935
44 -32.3777258865912
45 23.983734471789667
46 9.007232750486665
47 -42.979497001362866
48 13.603182299778277
49 16.039191791476195
50 -22.61290347919945
51 15.609889852502805
52 14.688211048212949
53 -14.526692858432535
54 3.1470693652525843
55 -19.090686272355697
56 8.743502533381449
57 -15.531294818996592
58 -6.064274744310105
59 -25.410842043872368
60 10.371767893661271
61 -46.34222114741148
62 46.33871038110145
63 -46.66759101988053
64 53.09348235737517
65 -32.653159646261464
66 47.46333292054057
67 -23.51069987347709
68 -1.869991435769493
69 42.758262805675976
70 1.29176391507929
71 21.064914132831483
72 -34.347683521437084
73 18.394053443605067
74 0.8596121717555026
75 17.190677683815533
76 -12.398314342876718
77 2.774191375574088
78 20.601261348522172
79 -10.501330319441184
80 -29.783014681833407
81 -0.6761886030643889
82 -19.703657471007404
83 16.28212353633309
84 -23.980948838248263
85 -18.098469512692596
86 -9.748452548078024
87 -5.894653359970768
88 -48.5552943588094
89 4.625138355658924
90 -4.6791390013170115
91 -26.619159759537904
92 12.156327836007769
93 -14.05470021038684
94 2.484655668232959
95 -3.2405713166469425
96 -22.72263007219926
97 73.88559267991313
98 -11.480183855667976
99 -14.908745945939875
100 -14.847675751788389
101 -12.202223902710296
102 -20.11885755606779
103 -6.262754654184921
104 2.827558642561206
105 -2.8581468320732544
106 22.592390777020043
107 -28.30538754598787
108 46.87480622341614
109 -43.319841599437076
110 33.49153818904169
111 20.003552390366945
112 -27.16708158685172
113 70.8935744876093
114 -5.2767911476977405
115 35.38314446439893
116 19.02919503900457
117 61.5176073384729
118 -4.572224011467356
119 61.691967246379605
120 -19.608305837455507
121 45.355545667893175
122 -20.250940537291072
123 34.699889098615245
124 0.35807093942477675
125 5.970499206458355
126 1.2232383010433319
127 0.0
