0 0.0
1 -2.8489004263927726
2 9.84590288795073
3 -11.690520316266495
4 10.649630835404844
5 -18.900638428320715
6 -17.409203898598395
7 15.018310466556773
8 -49.09553282068967
9 17.704107944424273
10 -55.814476769161544
11 -46.49150002946249
12 -7.436770670805223
13 -29.200150521048563
14 -11.367683505370342
15 -65.19535935237433
16 -28.53045962859335
17 -20.415538293740276
18 -6.1353975568148975
19 29.22999738836164
20 10.845818566444217
21 7.803401164545525
22 36.06767736442672
23 6.647931627408777
24 -3.683197980753493
25 10.891660385707342
26 1.027554067205192
27 8.902454206964752
28 9.617427799719318
29 35.562329485843314
30 4.664416566496291
31 -3.551112965880494
32 -14.017047367782723
33 10.731072663966133
34 -66.82077054819393
35 22.53408872769013
36 -65.80661849171936
37 1.5416609334614317
38 -16.194739134640933
39 -33.56271376999848
40 -15.968710432797394
41 -31.28706277737602
42 -26.621428836694726
43 -14.491594513980838
44 6.4200325715271624
45 -26.726990634723357
46 21.486965447728828
47 41.18238054447793
48 -31.538368423966954
49 -3.096676214129063
50 -9.49932714281713
51 -42.942310104727085
52 -4.102557263227639
53 4.934504433879454
54 7.456985804961593
55 -3.488560195641989
56 43.233509381645725
57 -52.937798642354494
58 33.42413318971475
59 -8.476667792921214
60 23.77892183783846
61 -16.20826104316076
62 32.31009832711422
63 13.336480352861892
64 51.83045259370338
65 -18.48181943568653
66 14.051628839410116
67 -10.225323943248291
68 -14.561374472598587
69 -42.73106640881355
70 -48.222292405542255
71 9.047124435398558
72 17.690874277712272
73 -35.27230985823605
74 11.51738505927048
75 12.54052437136916
76 -42.463128630441766
77 11.813386987175184
78 -26.79482115577685
79 -18.078018918626633
80 -4.541905600640314
81 21.826970719811108
82 -56.698700616741604
83 10.58571512066813
84 -44.327592084320834
85 7.48479726384935
86 -3.9502442340817527
87 23.985403333235784
88 20.835610799278452
89 13.71074770469243
90 16.979362934027687
91 52.901921086027336
92 -6.213732650129654
93 98.98635613089041
94 -9.631614574584646
95 43.6212499640499
96 19.11534580483471
97 -6.014235068299378
98 44.34714209702425
99 -44.126208877799506
100 56.852358432918265
101 -33.42998293086591
102 -19.919521364981087
103 -22.773494188597642
104 -5.900506712254073
105 -5.369521877323627
106 -24.22315142635344
107 -8.544534702760354
108 -19.00254500465495
109 0.44537106312322156
110 -22.58019585349586
111 12.192989353637069
112 10.685273428385319
113 17.866653502282496
114 -2.5744758702576167
115 12.72195720382333
116 -11.53755461728271
117 -5.999438539371867
118 23.15061485734436
119 -45.91258891343751
120 24.81213185498024
121 13.684137212475825
122 -14.926532428582794
123 33.04219790336882
124 -10.951136113116906
125 13.30380342883558
126 -0.016630364345784666
127 0.0
