0 0.0
1 -3.70975545551195
2 7.408824300493941
3 -19.08206246778982
4 6.8173074856526314
5 -51.71888173420465
6 9.616706868879715
7 -42.05288528674785
8 35.33715831391569
9 -18.33845443311491
10 22.126278867064425
11 8.64258493959303
12 -38.0291418597081
13 30.11570103088189
14 -98.08834683510126
15 23.419008668143565
16 -59.58211826927065
17 -14.430241846477603
18 -41.66091852300861
19 15.992627844333231
20 -27.966276100673152
21 -2.997434497416751
22 -3.6666967654578464
23 -13.698687590091064
24 -0.562853939626667
25 0.11892012300651515
26 1.394179496830998
27 48.1225743492831
28 -36.633884264498384
29 31.363425022677248
30 -18.61027901130933
31 -15.034557995674705
32 6.067455133859109
33 5.412147005572974
34 -15.816531825481057
35 -20.539242288995382
36 26.48908491819379
37 -72.84694230113631
38 0.6104924480385512
39 -36.02571155715505
40 -25.581618568583817
41 -18.270435014243166
42 6.205583259949744
43 -39.11688545685377
44 20.56876399610073
45 -20.295947863065667
46 12.704396975163037
47 18.307151398107223
48 15.472269020120143
49 -4.002159414438146
50 46.42737538052846
51 -44.79286676419673
52 41.15263293526469
53 9.194263276879639
54 -19.121208631946498
55 27.01186355583226
56 -13.247102508792594
57 41.89510974059409
58 -38.16556357971239
59 85.54435475084611
60 -24.429023153139806
61 19.665803957662025
62 46.02941166238792
63 -15.083036644386729
64 37.5926961854347
65 -22.084479588166623
66 53.22048780261152
67 -23.88722962629356
68 20.220776771229303
69 2.9712208132615627
70 -49.675805560052545
71 20.819374572328517
72 -41.89005767645476
73 13.390573824269675
74 -39.353649880456835
75 19.948844890148084
76 -51.99618844288566
77 39.51303381901345
78 -20.16879516077032
79 19.3764507079435
80 42.105680512702875
81 -61.22587861477337
82 74.73976380438684
83 -4.252837549123996
84 26.133713411127708
85 4.673207925681057
86 -11.623584984229579
87 33.43527355435151
88 -50.97674811298959
89 20.37038900961918
90 -49.649238471647955
91 -16.06643723893865
92 -29.07624680589899
93 15.222343696400053
94 -44.50330551661292
95 -40.9312026993724
96 39.1808703197877
97 -48.626597369347856
98 55.94758409605001
99 -44.37750020915375
100 56.92745718940656
101 -50.37729799847595
102 33.23276209936752
103 -28.468388804912074
104 -4.371063200545665
105 49.87547002575791
106 -27.561940010948437
107 33.667583964872684
108 -3.076362225892574
109 5.6961111022966
110 -32.02978913477559
111 -19.036894432621505
112 -21.93131955467899
113 18.284992510532692
114 -66.77347416574867
115 43.873526862744356
116 -26.77660233299193
117 23.273878560548784
118 5.337975015836535
119 24.496684724885718
120 17.15691092907242
121 51.019518025470006
122 -1.2744831095598297
123 21.309119512297954
124 -0.13305447253049005
125 9.858183042152051
126 -0.3260263553040052
127 0.0
