0 0.0
1 -4.810172047969081
2 12.034514200618872
3 -18.85957228967907
4 21.642343870595848
5 -42.15004337759255
6 -5.756484882798132
7 24.81408838608798
8 -59.72472578082109
9 3.4664423388099284
10 -14.157560475603276
11 -18.73628209816676
12 -61.614489853958254
13 51.24983491799045
14 -87.35298400341617
15 38.62539632232207
16 -76.18654998851156
17 -0.905172817106968
18 -62.25507543587665
19 -31.177455105686228
20 -62.40508552539143
21 3.1963763917568984
22 -26.149741618614534
23 20.580374234428863
24 -21.648130178080102
25 -20.331906021805207
26 20.280735627624704
27 -45.090829485404775
28 19.92194710539067
29 -8.220506976529064
30 51.52020466654567
31 -25.72272544823416
32 -0.41704655894793
33 29.477286742934073
34 -2.8083292485051867
35 -19.86680452843657
36 31.655969560906225
37 -6.545161342723332
38 14.617750680955142
39 10.480405479610335
40 11.917115674911757
41 15.804654723976906
42 -21.679765202954577
43 20.576402719822145
44 -5.4627584248150285
45 7.589894802845855
46 23.244946921979306
47 -13.967086728364006
48 51.2954647861227
49 -13.611428714165653
50 47.12954511423703
51 -32.648347622209556
52 24.644237724871672
53 26.21603333954348
54 -20.920305593529566
55 17.347997112483892
56 -39.49148256687161
57 6.2147340912852505
58 -12.876426596377591
59 -23.876706410625122
60 -1.360435778860511
61 21.303989120899512
62 -39.13232019455921
63 -23.783795230747018
64 -5.515896933943697
65 12.00283337288505
66 4.896779267048529
67 -29.273592424533067
68 -5.421946059776423
69 30.200853448666393
70 -19.719402947039217
71 67.09193399236851
72 -38.13097628064042
73 13.86312323778572
74 9.21208973903957
75 12.764350689319189
76 8.251854514595358
77 20.206630553939377
78 5.412578465633978
79 -28.22229088250384
80 29.8157556268967
81 -51.87273620873603
82 11.885757156712035
83 -7.356034312815594
84 -15.025401226748627
85 4.97816744016199
86 -9.66028904479765
87 -39.08154671342038
88 28.35367121963125
89 -56.14723873699812
90 25.834909723834826
91 -16.938557995662283
92 -57.70074019266545
93 -3.272061769992092
94 -47.83784495078959
95 -23.12820419418042
96 24.518052677960675
97 -29.838051789525768
98 -26.780941598434747
99 36.64174207469877
100 -54.579163471635894
101 18.927487208651275
102 -24.168604907051275
103 -22.965252393999727
104 -61.726564993365095
105 -5.41205832256696
106 -35.61634826127163
107 -34.121239473965204
108 3.67169050468622
109 -52.04438492576167
110 10.26857575824964
111 -5.173579191365121
112 -18.435779389806946
113 -11.331097459966145
114 16.86616331912716
115 17.94751793787817
116 33.42619000697224
117 64.57376380313279
118 -16.218802161535056
119 105.5671239834032
120 -52.15256344608946
121 94.95438624259215
122 -5.8321891455758985
123 33.50238341649629
124 8.02903327754238
125 9.667365888329002
126 2.4716529134251104
127 0.0
