0 0.0
1 -6.774940592127504
2 24.14527363205897
3 -36.28092834304513
4 45.54816788267993
5 -55.470769785822576
6 3.3708662553565847
7 -24.12412750993313
8 -89.9156642051409
9 59.017605055536485
10 -65.56414951607866
11 36.136907088100635
12 -87.30313311477381
13 72.46947309176012
14 -90.30066225072642
15 65.52649195550818
16 -33.77752403418567
17 9.271977173719485
18 -2.2903017685709033
19 -32.73101112251119
20 32.45931159039401
21 -65.03034345332937
22 1.6818127825923515
23 -64.39803652597963
24 28.879141917822245
25 -36.52160894695507
26 33.94440539240261
27 -13.037979431812321
28 43.84331507965622
29 9.321485338018633
30 74.1039548946984
31 37.283330153049185
32 6.990384605072445
33 72.14787353161688
34 -18.931496661249675
35 74.62004691977276
36 -44.04360044907828
37 63.00165576043187
38 -18.053184396171797
39 -8.715069916068174
40 45.583686454920915
41 -40.41282926277621
42 -7.614440411629013
43 -31.24677378004088
44 -9.911862571857753
45 -45.771719659903475
46 -35.62988008833663
47 -1.3869358400399352
48 -9.76650561775024
49 -12.499768448267432
50 -9.71803051296625
51 13.641518349632689
52 13.421866564360673
53 29.52782355870799
54 2.418270797112615
55 35.34636415045889
56 -14.670519622203486
57 5.06065260895474
58 -0.26680540677461295
59 10.124360262669146
60 -35.173363860130934
61 14.258858333611023
62 -48.648200281868185
63 -18.802770582096304
64 -35.39212213863629
65 -55.35859188808461
66 8.28527100168493
67 -57.51863209893107
68 18.263551632754794
69 -7.426986181558669
70 28.137463209178915
71 31.269434190325647
72 -5.6126504055018875
73 33.08204588968932
74 -18.26129492910194
75 2.5081391285267536
76 47.357323645286456
77 -66.23888102488421
78 77.37054910800421
79 -48.57307866843663
80 45.06937619600636
81 -60.480213719755895
82 -16.418948566749883
83 -7.747905376940387
84 -30.36643438944548
85 -29.60978060403568
86 -7.110780281551675
87 31.164995653703194
88 0.8050968571993733
89 36.53179571921022
90 -22.569474930020924
91 17.224798209742577
92 -58.086162783483346
93 44.42287027076084
94 -51.929640481602725
95 36.81457658501925
96 -31.963748654451518
97 21.757003635388887
98 -27.719199446079276
99 35.64651774763861
100 -32.739765916900254
101 5.522987155258021
102 21.961421357957818
103 -29.536397328427107
104 72.93276767730795
105 -129.31038847824786
106 123.13710444032233
107 -68.50695746678312
108 22.15446689823583
109 26.41761593255841
110 -3.2047508357993157
111 13.508840776269349
112 -36.23178973915196
113 45.23178621335237
114 -71.29943969966057
115 -1.4924158048224243
116 -15.346927754704076
117 13.767195404107303
118 -47.68119343391821
119 61.10688798006965
120 -86.03238776223802
121 77.93094066778198
122 -59.98371381029936
123 60.72344889866088
124 -21.274338987062684
125 12.477751439617576
126 0.3438020539452592
127 0.0
