0 0.0
1 -4.619778359235689
2 6.383174621649435
3 -20.849996177579104
4 -5.584136494612336
5 -49.005657863202906
6 -6.967209501323469
7 -39.090987723864515
8 -7.531036057649989
9 -18.88166190136715
10 -43.32705172311195
11 -5.3148720995604215
12 -13.204982210838146
13 2.1364145644125947
14 24.859612713357965
15 31.343278706260335
16 48.69646592527432
17 8.80390115290818
18 30.82546833118744
19 37.45253290821924
20 -13.079650574470762
21 18.299318768806884
22 -60.910300591553266
23 32.70422628380847
24 -97.51660495538245
25 7.890196880517406
26 -2.169777644378901
27 -70.14376251977617
28 30.811609632498598
29 -80.22682110814827
30 18.77512202940272
31 -38.89738142507687
32 17.711763981491764
33 2.432508881344629
34 -57.66235372906994
35 31.658272693423232
36 -8.441747082787652
37 3.3952841229129325
38 -0.7657275760559779
39 -0.7356512379147685
40 7.589683495211332
41 20.8611787746069
42 1.3125953246126405
43 9.043645350223201
44 7.054757414912132
45 1.8462929021500067
46 -13.065734473694423
47 48.501479783223274
48 19.861282473449354
49 -0.05453429186728434
50 -10.28762084003034
51 -11.845388448399516
52 6.22611096682601
53 18.5240057414839
54 -15.137458771428769
55 47.32786704902114
56 -28.413922327134355
57 39.48710748409413
58 -35.623144299825576
59 18.58186467113269
60 19.217088323946093
61 -13.718634677870089
62 -2.0854277090723974
63 -60.979990403926905
64 42.01638017305191
65 -41.25361689792635
66 36.16163903729856
67 -27.970149617488506
68 35.6959934883943
69 -13.129580390788117
70 7.71783299623216
71 25.769650541666607
72 0.9426715970318139
73 10.818620387298386
74 8.00980490832935
75 29.45612165827726
76 1.0331459559012415
77 2.7983176869371356
78 37.64362810282811
79 -52.40792636569428
80 55.544704167281076
81 -6.760641559132122
82 -22.64176477312396
83 39.168082045945894
84 -9.61993814865488
85 -1.417281993583233
86 31.126035493146965
87 15.369104173251007
88 -44.927163291524415
89 44.718673469522365
90 5.840014072071833
91 28.479549500254556
92 -14.11320846496478
93 -4.590447721415567
94 -20.90273066210962
95 0.32587063758538054
96 -34.662985250020924
97 -4.409997283594023
98 -15.28769265186696
99 -35.051019789004805
100 31.10251656347752
101 -61.123254290271646
102 23.698820214757305
103 13.755412945048754
104 -40.25252117113417
105 9.968589997501248
106 -35.31404820842953
107 6.661479649229547
108 -15.947074316311696
109 9.590633736388929
110 -9.648247086876497
111 2.547019985525749
112 0.08443804335438601
113 -12.942686065970632
114 39.72283195155509
115 -11.105963379445043
116 29.08686322980089
117 10.159788857809115
118 -6.023418326615224
119 65.86041350977247
120 -53.38478779699343
121 61.09701984995958
122 -32.13899264301157
123 24.483796317468947
124 -5.157243835102774
125 8.909297896549653
126 -0.41527254223454024
127 0.0
