0 0.0
1 -4.569749280922958
2 11.878248482277753
3 -20.3886626942668
4 12.219265641934753
5 -26.9000700767247
6 -4.671335074950017
7 -51.860705437821956
8 -4.612315199450086
9 -28.148171370763883
10 -52.18939442729738
11 22.9260040433826
12 -126.46901872787232
13 47.11662093406199
14 -88.7369550635048
15 51.753008173566734
16 -53.780406785080814
17 14.395505030460194
18 -36.650314650725576
19 -23.92278273799604
20 2.56996320569851
21 -60.38124568231231
22 47.696880368098014
23 -62.60487226079786
24 -5.58415433699052
25 2.328346385048037
26 -3.629313489602108
27 18.205662231379012
28 -12.016449717932705
29 -0.18755746077127874
30 26.832778491848597
31 -9.346454743008104
32 15.327461272146436
33 3.754009856301292
34 -1.9970303199030726
35 -19.31524589983307
36 1.927893220377637
37 -57.55474072863123
38 10.296905216010304
39 3.87166721643388
40 -14.910607585344664
41 15.064744794033972
42 6.698904744423703
43 -15.925930117456979
44 53.77952434516497
45 1.1966741180749154
46 35.33639962801327
47 20.10378199327608
48 62.41767672617073
49 46.691527194861415
50 0.8358115884102892
51 34.34330889187495
52 -36.92842548777039
53 42.39943705482018
54 -14.748438050725118
55 -2.1278284826111533
56 -30.06180466976913
57 -8.786570789114641
58 -22.46372882607009
59 49.755418647422
60 -14.713054336902506
61 2.92112706083798
62 -15.285231418917727
63 2.9909329036818013
64 -61.514347908096774
65 48.70270652085296
66 -62.37443106980932
67 -31.07369446122092
68 57.57866782957174
69 -93.76437383678659
70 35.50308484753557
71 -53.842130206941405
72 -1.386497438000917
73 -9.133458568960247
74 -42.64482203378112
75 45.09620977809142
76 -45.94956891823242
77 -13.125900280190123
78 7.2314856897852176
79 -39.03762808579628
80 59.25002072314693
81 -8.691571851844355
82 51.60275885401846
83 -0.954591292224558
84 29.980418415506364
85 -9.969393295389072
86 2.7500649254934735
87 37.29494745594962
88 -63.65039687229469
89 63.94244825680731
90 -73.20623032999636
91 28.897023082621004
92 -17.308464005415548
93 25.018356715410377
94 0.4281904318421923
95 36.168186681933584
96 42.20391912053465
97 4.328313393028787
98 -8.246142543616758
99 -4.379415682152037
100 -18.879622069117353
101 -24.195231739821168
102 -20.28255736924763
103 -40.15747522543662
104 9.251478085658507
105 -44.153924701148014
106 69.61595404854715
107 -65.53216060983952
108 64.5705960659752
109 -42.36723139699882
110 68.63578000096867
111 -15.061829728344177
112 -19.119869748108524
113 54.100903465761704
114 -31.24188575399479
115 17.856994139765174
116 -31.3889499852304
117 31.249756600781478
118 -40.79553910604091
119 42.691899710624384
120 -41.00531526013811
121 61.46269757228356
122 -32.66160118826661
123 38.02140164799095
124 1.598994246374149
125 9.811397883104034
126 0.7352265834463905
127 0.0
