0 0.0
1 -4.133149241740987
2 4.107329199525022
3 -7.365622142783033
4 -29.392293848063943
5 18.97164291608181
6 -36.95160067938924
7 -5.087275566225221
8 -8.429102759557415
9 -7.205978707541901
10 -10.747782660630254
11 29.809772135385455
12 -36.13672341461292
13 -10.146797086614486
14 16.06603067257793
15 -37.69444971171697
16 14.344948622529326
17 5.226362149096624
18 -22.75749987310012
19 -9.38878114765202
20 43.004759121771535
21 -26.195490080193043
22 46.08793386050803
23 -22.110936656322504
24 15.079240446573897
25 5.21965766099865
26 -23.937429136850024
27 57.615250087957236
28 7.077427237262536
29 58.428211683431066
30 -47.425424006034845
31 73.03176993175452
32 -17.887354574858215
33 31.93845152357963
34 -24.25964118798057
35 76.33672286453958
36 7.190710273011493
37 20.295677567476197
38 -39.32812039514958
39 -68.29518059341845
40 34.928496099251966
41 -90.03653938895823
42 83.30132058727993
43 -107.37261330166855
44 40.89961862040826
45 -70.88476800054134
46 -19.57141174794759
47 -19.927985930350996
48 -24.122834357164002
49 -35.75999468066757
50 -11.470615641246209
51 20.417389407954566
52 -70.63112183666273
53 31.09111909086374
54 -65.47292060474511
55 17.041050284034128
56 -16.687548446005522
57 6.7561493157206
58 -39.88637233841642
59 -0.5919094954871827
60 -13.693618760539612
61 13.680809706515888
62 15.133117177159686
63 24.16524731986356
64 18.46605841138434
65 54.461397896637266
66 -18.956240250237286
67 81.54591404506583
68 -13.12259368249848
69 63.301503899211454
70 8.609445310319387
71 29.998317656938475
72 39.07305037452725
73 -28.17180587469461
74 68.78811154311917
75 -61.4950718337658
76 51.61259516488153
77 -72.50794298093858
78 41.494082436821444
79 -62.15526373081822
80 21.990726964366193
81 -24.42590889234773
82 0.026427929444826918
83 1.4052204641947357
84 -15.97781417380222
85 4.772179445475746
86 -43.1548535253469
87 67.68570127901788
88 -22.331994830017127
89 2.1819987605402713
90 7.200644963517568
91 3.330367397474731
92 -25.108560088429254
93 5.410403224297824
94 -33.491794770890316
95 17.88461565387023
96 -43.11505867178227
97 -8.88063857118516
98 -12.033767251851337
99 -20.409623093660514
100 29.80348343451901
101 -76.77430987223798
102 67.89322545762852
103 -42.77569093604282
104 17.66319125209677
105 -15.168144901587079
106 -8.94910464473235
107 -30.228309119385
108 10.899726404598859
109 7.95929363147957
110 -58.43388692480299
111 18.63878150946827
112 -33.0410026062869
113 -3.0758074097130397
114 -71.59840470802466
115 23.004310760857944
116 -55.49703557271193
117 50.44868027499942
118 -18.521513473492504
119 16.901386990930526
120 -8.866580146179434
121 22.60986183436538
122 12.20319874493446
123 10.548285453769813
124 11.114068059596091
125 7.389462076044496
126 1.6169622379527666
127 0.0
