0 0.0
1 -5.3308877614966566
2 16.52824022191936
3 -37.18748857411485
4 43.331473839092816
5 -42.370816352344455
6 58.677633341845976
7 -57.424885901315925
8 17.566770120183563
9 -7.767099167383256
10 13.23797050672066
11 -23.838810002052973
12 -30.52477426363562
13 -21.595505549929463
14 3.4699819665259666
15 -51.77200556836227
16 -66.68906477126252
17 46.76647480081884
18 -67.02734358897312
19 -4.193747068801413
20 -17.578711962313296
21 -28.29663736801838
22 -7.785540110618929
23 -6.102186140483463
24 -43.7068096160986
25 24.086540845251108
26 -12.44463760526871
27 68.60390937061224
28 -21.658464701200202
29 33.166705430206456
30 0.6632838217823921
31 -2.657531635103907
32 54.360371732479166
33 -38.41404589372284
34 17.388288037714783
35 31.65399121198434
36 -30.208588100861007
37 50.25196773026009
38 -34.9396777728502
39 89.84382331492601
40 -63.68453283199614
41 40.6942702694045
42 -13.682199789556515
43 -33.747103070483135
44 8.681011382271674
45 -29.184244208516112
46 32.89364146546448
47 -86.84030365895865
48 19.23358990287039
49 -54.64462381230719
50 22.67191289785028
51 -21.34194994211107
52 13.976791263652881
53 -9.227493702071293
54 -0.5813079941841759
55 38.57681757242793
56 6.946774521239069
57 16.56553874933506
58 28.01463357367271
59 -25.778472330439506
60 30.273945301483923
61 21.18390806277207
62 -46.58000723062724
63 58.00121862210841
64 -45.0321724094499
65 -32.19362805824648
66 -45.946794149851634
67 -56.003667578619016
68 -5.626231783014623
69 -86.78307139324421
70 -1.1363767863521086
71 -65.33645051252975
72 -31.089816382722972
73 20.946062365766497
74 -46.22580782329741
75 4.741769055331799
76 8.149005609186256
77 17.21484620396008
78 -11.87597138587087
79 21.94600934614523
80 27.63044183776165
81 -0.26853780583765535
82 27.26441952520286
83 30.305951659490418
84 52.04385681171094
85 9.433122888830404
86 86.45301724801801
87 -22.364176771359272
88 32.49577689773368
89 16.458758002769226
90 -9.237239391829192
91 51.70544618009052
92 -7.661613749080382
93 -2.975225091561183
94 -1.0362380872269294
95 3.0288826202343695
96 -38.46609427427757
97 11.24300932200691
98 -43.89676411646049
99 -1.0514524601247905
100 -8.033743251091153
101 43.05513860077853
102 -17.41599503007788
103 -6.340087613226547
104 34.70284721170112
105 -53.81689423239567
106 47.993256888934866
107 -63.21247003347004
108 56.252806709795856
109 -56.43410196436705
110 61.4390874314484
111 -0.8665974177440233
112 35.5683117737367
113 33.906648963999864
114 -78.83595942890476
115 111.40266496900183
116 -116.31883648887204
117 83.92533848923573
118 -63.929519738210665
119 38.543742842093
120 -64.84789795747037
121 64.79228818801482
122 -53.81022006052322
123 41.3121042462561
124 -24.527784451237174
125 11.415790627029843
126 -1.013647201255607
127 0.0
