0 0.0
1 -4.378474446838254
2 10.835872207105606
3 -21.977475895332596
4 4.739780621244615
5 -18.98645026123102
6 37.73537079744654
7 -69.53428736127803
8 76.71292690974346
9 -118.31670540391252
10 67.25578201053413
11 -70.71330090289776
12 -21.947195290229374
13 9.070740941141814
14 -56.0846915925759
15 -22.83992807988213
16 -71.74416904516475
17 46.27529278106363
18 -105.58108734099832
19 50.180026614819056
20 -23.2688203414321
21 -3.2774416031816953
22 34.50257719515745
23 -8.535019933817873
24 9.206084759283275
25 31.35811752987583
26 -1.868994026792532
27 -2.461942797056491
28 5.63867436012283
29 -12.520223951181517
30 44.326468682733896
31 -33.8808369031481
32 45.879220416834166
33 13.268010473986607
34 -43.6209457817879
35 60.137727951005644
36 -25.35156665895771
37 -4.1506125716957945
38 11.182756838190958
39 -14.002090421470916
40 -25.30467658109275
41 -13.866769464503793
42 11.634515131522416
43 -34.8954494883879
44 13.144468506442752
45 6.955130674673655
46 -0.996549306591319
47 26.353082117326537
48 -30.875259183443113
49 51.32548513006729
50 -22.473241000291672
51 20.42886904220589
52 8.10108896880882
53 -38.640717791249294
54 11.669201178955744
55 -43.84601860684819
56 6.225774584929567
57 -34.90051278878566
58 -2.5773503510131035
59 -20.88843227842779
60 -39.55132158818904
61 -13.85936462480614
62 -7.611646183689079
63 -13.070795500313565
64 10.839654565001583
65 -40.01761221281238
66 2.7802908882348016
67 -11.00014652337945
68 11.814248206374494
69 -19.441760563876283
70 20.65262654309356
71 3.8108831303323822
72 -12.278938648418324
73 29.433773444963506
74 -8.306945625617177
75 31.05638678522321
76 -27.30714991480916
77 48.61639906311303
78 -62.57904782164981
79 40.823088308616256
80 -48.87415253346674
81 39.64514548052817
82 -7.809556405864122
83 -8.469802424818079
84 21.935722198616137
85 -22.747260367539823
86 58.31549962307926
87 -49.43825859159804
88 4.1835476829097225
89 26.069970062956845
90 -17.20101948776804
91 6.897885880619828
92 14.234420238842443
93 3.5796821618413968
94 45.03307693682844
95 -30.427414152021406
96 90.41632646982147
97 -18.84735622831841
98 42.04965040333922
99 22.412215064337765
100 45.32143276395363
101 15.797116794518464
102 68.84627193887769
103 -12.673541564405474
104 -2.779506137366789
105 19.831624118971078
106 -20.792710726053254
107 0.5125737500970513
108 -1.7121817873291847
109 -6.306183391711209
110 -48.83111848545398
111 17.96781040173691
112 -65.75569446068216
113 23.89776504461238
114 -119.80241347721928
115 4.866804564425067
116 -82.88463320342396
117 21.037313138987365
118 -34.52086956089762
119 41.36954642792792
120 -57.341891526866895
121 65.90912685669683
122 -34.80803515365608
123 45.05344603463191
124 -8.776204329262619
125 13.193423027494022
126 0.35448799338163317
127 0.0
