0 0.0
1 -5.029892806843022
2 14.068644795935722
3 -24.793483991539585
4 13.262405186834945
5 -48.12245851695892
6 22.623528314769107
7 -53.88115446067383
8 -40.87338163687259
9 -26.600397875219702
10 -32.83794771190984
11 -13.686732103315194
12 -28.99034359488945
13 23.547112699295816
14 -50.07025408903701
15 8.423308006581959
16 -42.501881357675586
17 13.704406297199133
18 -3.2092207189985653
19 6.425285975654163
20 -11.509268367125523
21 18.17350026089502
22 -6.349933041240583
23 -3.027239679316734
24 -3.4635255832200236
25 39.560878574762135
26 -4.348611071956143
27 45.400682952469076
28 -3.254083242064402
29 -41.44693371614924
30 1.75398812940947
31 -83.03916886590237
32 -12.058678874830518
33 -32.58356186714469
34 2.1138176587638005
35 19.063059852317274
36 -16.530918767593526
37 42.63053991232638
38 -23.585414486171345
39 31.77155689420866
40 2.8717593640448107
41 28.040299068299916
42 21.36138281652034
43 18.75182831760222
44 -14.9896192370112
45 69.44327644744311
46 -18.491875022928433
47 12.490584055301833
48 60.83002517460137
49 -26.235961066242947
50 -1.213500523623025
51 69.90749892824229
52 -64.61952127238762
53 56.359628054295534
54 -15.14184008053259
55 -12.933554424950975
56 30.60985741333732
57 -68.5668601654235
58 52.584511358002
59 -56.05960783923706
60 47.20800882571287
61 -15.268512107397168
62 -7.8539779383803605
63 -0.9774253676708661
64 -16.801319901243453
65 -21.0668776511056
66 17.63788547874136
67 -69.65297444936455
68 4.033328352427886
69 20.771085594077846
70 -89.6874743252934
71 17.190800716260746
72 -24.9853916345085
73 7.766355226503552
74 7.413350853246685
75 -27.23977868458075
76 63.64017108411339
77 -9.092438824397133
78 38.2045931881047
79 -12.44967953297001
80 5.230559304134222
81 40.288926536240496
82 -22.32791887568092
83 55.001621602299835
84 -24.975960197400518
85 34.54524211832924
86 -8.780302007950777
87 -6.637788410930538
88 36.8898301030371
89 -60.65349474550645
90 -5.111296144558636
91 -58.93246047298867
92 -34.84376726604167
93 -37.92662887266844
94 -1.6624777741370376
95 -84.36296759890647
96 -20.41557125506274
97 -33.2676785759599
98 -46.45316605806541
99 12.090699893519167
100 -63.06175085038521
101 13.20803525767385
102 -13.871921880570385
103 26.466119480120554
104 -16.570756690496363
105 47.74767067967245
106 -18.967020178871042
107 30.4521018896641
108 11.31671303134823
109 9.755106525310422
110 11.274439000612473
111 16.183396781687833
112 1.9892533203292235
113 -28.70228833516955
114 25.99703933071746
115 -23.362901944214347
116 2.9745281893423345
117 5.543573342751636
118 58.12680287745513
119 37.66546443972314
120 -19.06733417041615
121 71.617419576059
122 -30.381343431004247
123 37.01705156196178
124 -8.375504465259807
125 15.194360790155455
126 -0.6682086912502251
127 0.0
