0 0.0
1 -5.949812185926574
2 13.283309803091608
3 -33.02758870196041
4 6.257126404217203
5 -26.880644268554516
6 -33.00010118661448
7 13.27605316145577
8 -112.38585629928623
9 69.16860398984477
10 -50.41827956988996
11 -0.92624291075937
12 35.17356715719947
13 -39.629488603090515
14 87.71559039269538
15 -87.51365677518338
16 96.33922555600238
17 -35.86923438225805
18 -25.147178596972307
19 31.46662864102144
20 -41.93701907464133
21 -11.00828948685697
22 25.18251037903068
23 -76.0059562300681
24 48.2534823653369
25 -21.4815630807994
26 -22.655475226558067
27 64.8210345580515
28 -40.381496512417364
29 104.27834548386492
30 -86.02316322055502
31 61.31449720580698
32 -31.13090993649277
33 -33.2903526043111
34 -4.976935538046115
35 -21.220484141678064
36 -3.1033867761080454
37 17.69032619256368
38 9.115171515256264
39 5.8777010695036
40 -21.44667848653912
41 8.72984589991074
42 -16.377105136638534
43 -1.3148678740952655
44 11.165681951909932
45 -7.161872605534863
46 46.024763422754454
47 -3.4998149270790146
48 -5.798644769204682
49 21.691064869247857
50 4.468758871404312
51 -60.68879127494588
52 44.88990335455654
53 -44.1114823523305
54 -8.35582101735585
55 -7.8043479292389195
56 -14.132027289133758
57 37.0253282552177
58 -48.72181986256927
59 27.53058860427771
60 -10.82816344197095
61 5.948118110307178
62 -7.97580563531966
63 8.767001190139512
64 -7.883556189699741
65 21.4250271709792
66 -31.192400876739367
67 10.227873129146085
68 -53.31137354699861
69 -24.258806017031958
70 7.517548549992539
71 -45.072300991845054
72 11.883837628252365
73 -28.38541678594591
74 3.3650241989542646
75 3.126618774859582
76 -25.07742390351844
77 -47.701203057722104
78 58.56629663383047
79 -90.07041478347696
80 54.09990191754197
81 -30.751768078209103
82 10.232050132812654
83 -15.683829586944306
84 -3.237557329785779
85 -62.030180306640716
86 -5.8675236612085095
87 -3.6129528283932952
88 -59.690883614468156
89 40.059588495040174
90 -65.80332585104681
91 66.72007473119173
92 -14.95146101806627
93 17.800523886539985
94 58.91847728657986
95 5.945339064672231
96 60.00929529705045
97 -3.587366623413496
98 5.293849056153727
99 89.07152480815334
100 -36.71309519057008
101 59.05675945351805
102 6.849825589967217
103 25.020035689416908
104 40.62298832505014
105 -39.807907939818485
106 4.11658750058702
107 -6.933145074098009
108 17.150177703353123
109 -7.83357068504096
110 -26.866040527268314
111 -40.604121068403884
112 33.46787156950422
113 -59.33948467301341
114 28.288478184502477
115 -39.652185169461504
116 13.993901001373166
117 5.626760807716581
118 2.32757849043371
119 46.283426083058316
120 -14.21249730735615
121 73.93395826071797
122 -53.296717255444676
123 66.4016175733983
124 -21.114607838152345
125 18.874091805458743
126 -0.5089743837026817
127 0.0
