0 0.0
1 -6.405144050955123
2 23.135843958182257
3 -28.699122239048755
4 7.9148746475120655
5 -1.261687267492064
6 -25.30151646731736
7 28.94695807318087
8 -49.03094275280736
9 72.25266328698712
10 -82.76484074942286
11 68.29460850691248
12 -55.57807772452077
13 53.177498570696144
14 -61.55650792298603
15 18.78158479429406
16 -62.50964537980326
17 22.940690800849342
18 -68.46701070502243
19 13.835997170294632
20 -74.35175621248844
21 -28.089826378866274
22 4.9196664023686925
23 -76.8825067627237
24 24.09672033746976
25 -87.86902073952157
26 16.91864141254965
27 -49.075171209282935
28 17.787931561510206
29 -75.62844335969133
30 21.82241177922423
31 -22.770126924671438
32 -31.925202755305996
33 45.333464277197166
34 -49.257725979550045
35 43.41273858428037
36 14.500018376162105
37 -5.993253291681012
38 40.66601717522276
39 -22.2539233287756
40 56.96701650227556
41 -2.437958875832587
42 -3.0963216189848186
43 62.58348384806478
44 -35.81614727396493
45 26.237452091797035
46 -15.015177226872897
47 26.920013295876963
48 -21.27025064763121
49 -26.409569885861366
50 -32.715965767529
51 -8.161382739172206
52 -37.53939705642089
53 13.419837886169754
54 -45.04477221435147
55 -21.210217942433054
56 -25.79118206582294
57 -35.26084283678397
58 -7.895048214634393
59 -54.590386687256895
60 -19.290237622442444
61 16.89112109949889
62 -8.412923770064854
63 -43.146302790286974
64 25.81791279005619
65 -17.9909741209732
66 -9.312968611005314
67 26.1528783953297
68 14.715394017797099
69 14.371079113701871
70 13.846820343602289
71 -5.728304575563795
72 34.36248163883972
73 9.829471152588717
74 43.57735190935449
75 24.116495627541084
76 43.57589339873215
77 27.212138433914333
78 68.6213024625339
79 -34.9271654565592
80 49.64608872732252
81 51.64261019843771
82 -45.365626998201485
83 51.97336073909758
84 18.96665263195426
85 -2.7792380494068176
86 -3.720079995793312
87 -36.11423999176416
88 -4.053330209177578
89 -10.611760507990912
90 -42.67648983541341
91 6.291779168821211
92 -21.419287362225422
93 -51.571157681571435
94 -30.06930144152752
95 29.421698427620644
96 -79.61834052028333
97 19.97742753083444
98 -35.170616557145316
99 -15.639408052560247
100 -8.886556084457109
101 11.617593054620208
102 -33.799445027311066
103 -2.0847902415880117
104 -17.521290901199148
105 -22.11074593179883
106 0.20207428835899116
107 -60.59061986614145
108 36.18153167963448
109 -44.91069907607178
110 14.465924008436586
111 15.626778200970648
112 -3.643396828200449
113 18.41057075288794
114 6.615928808310106
115 74.67727633362732
116 -10.193905578362894
117 85.14871998202332
118 -15.375827256589817
119 62.29041377619426
120 -8.602423496658622
121 53.52463691750904
122 -4.025456619412339
123 12.727533990151192
124 7.226217430269141
125 5.187290801181431
126 0.5574095750262131
127 0.0
