0 0.0
1 -3.0431181229539406
2 12.43741665693492
3 -12.846558451161535
4 20.001014911680343
5 -9.308901116296303
6 10.222991167995744
7 11.195103819592527
8 24.418773293671105
9 11.057843915176099
10 10.520146362787077
11 27.931741158212432
12 19.375205581283392
13 31.435311619464517
14 -22.162206058019148
15 13.001227875864132
16 -2.1339157194843716
17 -64.93498905272669
18 -2.0714963364904335
19 -49.50061610658002
20 -32.838860134001244
21 -6.689488196543151
22 -30.91194641783766
23 24.60924398628589
24 -7.3283068301141805
25 13.549676550391226
26 -29.38131932135742
27 -11.647083018381682
28 3.2724885832851114
29 -28.505096049247356
30 20.57681648291414
31 -34.03900524683619
32 -15.33466528652438
33 -21.09872383253145
34 4.176871819087116
35 -38.31890626558524
36 -14.70681541869632
37 37.623385943716805
38 -36.51165269046791
39 35.58199203547924
40 -42.36500443547756
41 49.201279607190216
42 -40.165454394497786
43 17.255129451490095
44 -18.32821768067939
45 4.289734702743778
46 -49.58336895762669
47 -18.451738749110294
48 -38.46119662176254
49 -26.849335650752224
50 16.8911872529225
51 -62.75567685450595
52 59.510743619404366
53 -58.201031064306264
54 49.64771742520022
55 -25.69549166221685
56 39.26543763454534
57 -7.599976128423496
58 23.633137340904227
59 -3.6918329334358417
60 -12.700534170198482
61 -19.35768927577505
62 -6.828821461347984
63 7.073000451398305
64 46.810616727038635
65 13.545089484028153
66 34.04457285460525
67 17.1213332156777
68 -16.013200941509886
69 58.86614315533375
70 -52.00185829024246
71 35.50336554362243
72 -38.66500002710935
73 -0.05503305250829956
74 -60.57860036361723
75 -12.78134937153177
76 -21.030364169301787
77 -40.509274697805786
78 -8.1596131674557
79 28.882919122776425
80 -32.5324852387464
81 34.293334580812925
82 -13.918307022812513
83 -15.921213631061516
84 31.734437292243225
85 1.8990676974956622
86 -2.6322548687690155
87 -17.4668236436846
88 27.297950306906138
89 -1.0616548340430412
90 47.144145258066736
91 7.157716335095138
92 41.034093858026246
93 -51.473683985906746
94 88.69146936365249
95 -11.00672410287347
96 -0.37610382208339643
97 55.21384413848848
98 -41.23472926528138
99 32.79847385202938
100 -34.13950672357723
101 42.14995456647653
102 -56.75127864362589
103 66.57348827744617
104 -87.77600505917889
105 26.212330395089772
106 1.1431143876468655
107 -9.764567636710577
108 6.1012600632677465
109 -60.00328526428881
110 29.892417036971125
111 -90.4886860106586
112 11.087548789606702
113 -91.81172376993467
114 -7.525632737618885
115 -37.158396268646456
116 -22.086724167667743
117 -25.668903115810142
118 -18.609460145903867
119 29.911064464182626
120 -6.069104974382943
121 17.481236164245885
122 -20.676177731700466
123 26.036741046202074
124 -12.925989455267302
125 17.417077003582126
126 -0.7889477689942147
127 0.0
