0 0.0
1 -5.59114603763526
2 18.68890110500757
3 -19.471149149968614
4 0.5138775201663004
5 -27.848262831048196
6 -15.218925353771752
7 -47.49206407460017
8 -67.98431307718454
9 24.07614000433999
10 -71.7388499603949
11 30.417191541374226
12 -58.9043547009564
13 37.31353204688294
14 -28.048609127555206
15 53.76036595120344
16 -17.593586776086035
17 16.254114319819436
18 -18.266411297154452
19 -16.2773615656965
20 -21.437843541296125
21 2.9476114923534196
22 -50.556054007847294
23 37.122535939125946
24 -55.28417219667764
25 -22.02689650690323
26 14.0984829168996
27 -6.800928670877382
28 -20.502533504422832
29 -16.49426354473291
30 22.136275371845436
31 1.1181503632067393
32 11.471112668794524
33 21.561593673770368
34 0.27881901130660247
35 -17.249887035592998
36 6.833344823936188
37 -28.32599834231487
38 19.48093748120904
39 -40.944532562113146
40 11.051512349099545
41 -52.34711568455592
42 -4.093593092947292
43 -1.7077837137542302
44 -71.20662706226953
45 27.312900306701977
46 -16.39089415527761
47 -45.01153594877426
48 13.3105553134163
49 -16.955805003811427
50 -4.913601989924533
51 -20.912575784206965
52 45.38291239699215
53 8.099757169157076
54 28.75473897827074
55 21.69683669796309
56 11.767233453713766
57 13.123451425301038
58 35.040920611625054
59 42.15717572523847
60 -16.317346739737644
61 50.5892136948419
62 -16.643315133501712
63 13.300802890670486
64 -27.367401634326818
65 9.536849224921532
66 -19.06167034631898
67 -21.119719602499536
68 24.72723580126443
69 -70.89008730377843
70 58.840216887575835
71 -34.4163382878302
72 20.495928265759428
73 68.89420267720338
74 -49.65603861625432
75 76.14974567161919
76 -39.203343373961104
77 64.10395193089144
78 -34.191919886259676
79 15.443371622705179
80 40.572443400966385
81 -27.111776763166247
82 28.10473813645223
83 10.853946778998191
84 27.603658648733827
85 9.02140941696389
86 24.11103557052005
87 22.6294057496275
88 -3.9037180591206173
89 -15.925359200654762
90 -13.640154361096755
91 12.755478784017177
92 -44.45347756569097
93 -28.421699529299648
94 11.0316297039992
95 -54.27272118810744
96 -13.169533203054588
97 -36.78138408979449
98 0.6711371044684724
99 12.96565083194225
100 -22.275822421340727
101 0.3552478675383691
102 26.088317815407123
103 -41.23663229764527
104 20.387862628868692
105 -53.727082748106746
106 29.103327198948506
107 -30.08122884794053
108 22.295683864865385
109 -13.873296653699509
110 -14.77730970093192
111 39.85935267883345
112 -35.188815543478064
113 78.398326776371
114 -53.332736082505356
115 33.889124588416195
116 -16.004519147957204
117 19.84584615225729
118 -20.808861890517793
119 25.211662154892316
120 10.750474322289833
121 -3.3617319441583713
122 -5.35715086494211
123 31.751515354490735
124 -13.390059046515876
125 13.166396570276795
126 0.04470680843539804
127 0.0
