0 0.0
1 -4.955665280182272
2 11.424980786605644
3 -23.873109618660536
4 16.115986808419226
5 -15.017989118296882
6 0.7927087246612916
7 -4.108635833919221
8 -11.882484372409397
9 -22.984275584192567
10 32.84536358357864
11 -9.54414348435468
12 -24.751280837915058
13 58.280247466634975
14 -106.78692479504232
15 51.19943896653237
16 -45.00920731944616
17 18.387320920814652
18 -6.292763339590319
19 57.40469640851708
20 -40.90433511230065
21 1.581663872359294
22 45.84922407101168
23 -68.7622860471166
24 51.95933162589547
25 -48.14464120695999
26 47.23073717542907
27 -42.114824652973745
28 -17.746537824868216
29 -21.68398034880698
30 1.0707069252421382
31 -0.9299383543757852
32 -10.21076298654607
33 -13.627741985286109
34 -36.39141364399705
35 13.550414579574483
36 -69.73330424549569
37 -21.696660113074312
38 -61.56931613843436
39 7.541363290738969
40 -77.2462156503628
41 15.604481556739739
42 -36.595263486416094
43 29.46605393199672
44 -15.1112071050864
45 -5.758058262452932
46 39.18816062738544
47 -5.749519508844
48 59.47360579868662
49 -37.952854980820995
50 36.03011200474148
51 13.561634855955674
52 -12.443512155101304
53 0.7771836839147669
54 -29.184767269464068
55 21.74674773158325
56 -20.83298833758032
57 -31.967839318483012
58 19.285659531863068
59 -2.372571036876515
60 -10.148333981633622
61 -33.65717463287174
62 24.583116474087404
63 -35.02685440420586
64 -2.9560797608618374
65 -6.169920160118208
66 -24.79298503886077
67 16.102817738031547
68 -8.635870146574847
69 15.8372952338524
70 20.863920786149038
71 -39.52842906894137
72 33.37969651628755
73 -3.231288029750756
74 9.779462006247023
75 37.80956628670534
76 -15.03552681083965
77 43.84462190513992
78 16.607372954308673
79 14.878112867531916
80 53.62438915608811
81 30.273769681164108
82 -7.406567923646228
83 -11.209474781464731
84 -3.6008400590073744
85 -70.48209243546613
86 -16.634783344397707
87 -50.986960051974066
88 -60.96005403928222
89 -52.13004814049035
90 -18.439268611972064
91 1.1406733412947032
92 -16.831056785302316
93 39.24926611293873
94 -32.644805297652084
95 41.716130815871296
96 -41.849446300221295
97 96.51544259563737
98 -42.71718346537067
99 58.94971239209864
100 12.097751373832939
101 -26.94054760906561
102 39.60902765441513
103 -71.98279770430848
104 48.30698989361595
105 -33.311951193810565
106 61.11163660321662
107 -48.136545729132024
108 63.71152820139835
109 -26.527687918896646
110 -12.451760157648996
111 -15.719578274954106
112 1.1902273230117193
113 1.174160927397939
114 16.524974427821434
115 27.965508585119622
116 13.035172663714231
117 51.02786191467928
118 -19.159354281389664
119 106.84453585747782
120 -62.66531374073805
121 68.767047805322
122 -23.739805189588665
123 29.94944293926293
124 -7.912520469754753
125 7.049117256722937
126 0.29182592559100623
127 0.0
