0 0.0
1 -4.286557555376543
2 9.36175633343934
3 -15.320129467519415
4 2.5062934363222213
5 -31.469167938078446
6 -20.87629067119549
7 -24.47745355225986
8 -49.23390559657745
9 -37.34930682019169
10 -54.565734678651516
11 -62.940408745837914
12 -22.136574272911176
13 -13.105949523350487
14 -27.502953484168028
15 -19.59912429551448
16 0.7169292896694894
17 31.390156140264494
18 -15.039196709189754
19 56.24263316689358
20 16.252903284023272
21 49.232994428366624
22 34.75749889985785
23 61.297396208154126
24 31.126759380120113
25 6.884338191848304
26 58.080024239728814
27 -20.172364141228176
28 23.281640377043598
29 -7.528737562321691
30 15.30013522769916
31 -36.45925831792566
32 -11.19072505726596
33 30.16705557745199
34 -91.5979258424493
35 53.93292917360743
36 -35.669920173606954
37 4.389078345387047
38 8.19372423688937
39 -46.902765255583894
40 44.14995279004466
41 -60.70156408853837
42 -7.742598258825373
43 -15.323547841535275
44 -44.90358706540853
45 4.730655031286253
46 -69.67207163271644
47 23.234827271673094
48 -57.29165237181714
49 14.84352687201312
50 -15.87874976867534
51 -29.306667418931223
52 -3.199942570868591
53 19.359454684024662
54 -33.62764145212321
55 8.350983764644555
56 -15.899238735580466
57 1.9546778667059423
58 24.283032057192706
59 -47.381420739258
60 75.58860314929873
61 -5.234617933460766
62 6.564905093835341
63 27.91202486856173
64 32.35009568157837
65 -43.959350765066056
66 15.147038422309363
67 -4.8972097325505075
68 -62.02897040146629
69 80.6930522427604
70 -68.66349398222293
71 -15.766308773355734
72 -3.524553949281334
73 -59.02806398856067
74 42.8945436288227
75 -32.19563736516181
76 34.702910306578815
77 -5.760804786061751
78 27.529408371988715
79 -6.859182108200273
80 9.872748779131976
81 31.910426599161475
82 -3.760382292225962
83 46.14974415851652
84 7.881083148316018
85 10.565203837782958
86 21.082327984379653
87 17.6319680053218
88 61.86321922969279
89 -0.332634176720587
90 43.729848259856865
91 -21.99088117384193
92 47.53522525320416
93 -48.915361598872956
94 48.24790019674981
95 -43.660348690813656
96 4.112229377634491
97 -14.495248967857368
98 -12.163630177852538
99 1.6980777714432203
100 -28.52407235434841
101 13.810961685663752
102 -23.998877373089126
103 25.888767647917362
104 9.529854083941881
105 35.914621103992715
106 -28.832967663605874
107 6.716467330671991
108 -13.720813059263326
109 -6.652535162570473
110 -22.214591369441287
111 8.51403436555007
112 -60.6138022295944
113 40.86568914573735
114 -63.941410414850274
115 44.665791627992036
116 -44.4021522304233
117 19.04727652443374
118 -1.5899037980787156
119 -5.7789391719022385
120 7.160514251189646
121 12.396074466803334
122 -8.303004358806925
123 38.13268328167931
124 -9.357296057023381
125 9.154645478928119
126 0.5467702709293626
127 0.0
