0 0.0
1 -4.691615281560742
2 17.262706540685585
3 -19.371576915866783
4 20.67603726371643
5 -18.00712753826483
6 37.372027331039625
7 -54.927953120681934
8 24.47313914739764
9 -73.46897960771898
10 9.384189095441586
11 -1.9172077145744368
12 -20.60127271306071
13 26.416586272113694
14 -60.94308381166218
15 55.12045792083093
16 -84.71033388739217
17 3.4625313285437773
18 4.4101657661617475
19 -41.90983159575771
20 21.623610266632976
21 -23.270712472421742
22 -29.270979417160916
23 3.095446301716016
24 -27.46876868454501
25 -36.39515386637764
26 -12.820435155298371
27 -10.485981051149118
28 -35.79225499539425
29 55.1982022287113
30 -21.91996937237474
31 63.27539673622638
32 -28.309267539145363
33 2.8580606918023066
34 -34.53652672797068
35 8.816972331049246
36 -6.353620844989101
37 8.406835105757205
38 6.523627308944461
39 -45.9126125374696
40 68.31160314523518
41 -83.57830930129786
42 10.230768044719541
43 -28.111068258842096
44 -29.805766379213846
45 -14.87976735769335
46 -50.663723257210535
47 1.2783012967432756
48 -25.41070449394465
49 22.741381189370234
50 18.935446097610505
51 -5.37537944252504
52 47.79938393632549
53 44.89496462004844
54 -8.24166559630187
55 50.4847098038391
56 -17.18618181875553
57 34.03926674462877
58 7.685459908226186
59 -50.607417928252
60 -15.314618769238923
61 -5.27355873663244
62 -36.600990266346756
63 5.823243029399016
64 -7.05245544640296
65 11.9277018994572
66 -29.29133123348048
67 48.33291313669623
68 -10.03157536962468
69 25.382759390805475
70 -3.6026736785508566
71 -58.01395609958217
72 88.74971250687433
73 -98.41839332450657
74 89.50458007868795
75 -71.86692075535069
76 18.141245492038717
77 -39.1444625174303
78 22.39908815538177
79 -37.552015921996016
80 18.544648998451162
81 5.238548711739413
82 -56.96316855591508
83 87.27186485468403
84 -61.43753536547242
85 12.5638150569496
86 23.451658370188266
87 -34.80913631963672
88 114.78874801580348
89 -17.2838370409752
90 28.162555602125526
91 29.688430729172133
92 -55.27673115372576
93 113.0386697779598
94 -110.2469088363322
95 32.572008454007026
96 -40.30408460748598
97 -21.31649733922662
98 -18.358543405416707
99 -18.303656033777493
100 -8.376673619630001
101 -5.947602852956946
102 -6.261445939254236
103 -16.273877893111464
104 6.156655158193841
105 -59.85942077059372
106 1.4132906169993418
107 -35.22000397429829
108 -5.093649186646301
109 -31.08067778364047
110 -20.19672291142062
111 -37.84340851012634
112 -12.3465374420421
113 -8.85954075349056
114 11.24176880054366
115 14.878661800580344
116 -29.749991310379517
117 78.83072133918422
118 -96.17757705435477
119 106.66311983037664
120 -67.41109956227848
121 85.46387716832584
122 -39.30370195009268
123 56.93597428402452
124 -4.665378308080162
125 10.502019807127066
126 1.6309496559080594
127 0.0
