0 0.0
1 -5.727782905116918
2 12.49616602146924
3 -23.918147860191887
4 9.616437406734091
5 -18.95612029240305
6 -6.733422181447327
7 -10.808977451911167
8 -61.61170107605093
9 31.660448010231875
10 -97.66646441481006
11 40.413168741412385
12 -54.93503887125929
13 12.599480451912035
14 -22.604470664171316
15 -11.249195501222632
16 21.475206415737667
17 33.13114802589667
18 14.483650426163878
19 5.032813640704256
20 -6.408768139016975
21 -38.24389077368718
22 36.05667997989184
23 -38.66329253974511
24 41.90290610815938
25 -46.009477978379444
26 28.45720820862833
27 -26.33578140981262
28 -70.61112064193206
29 58.59040592835455
30 -58.536999832056146
31 30.680758982466426
32 -28.86977471023626
33 9.680068512949923
34 16.13392120681411
35 14.18966921621984
36 48.759086754969125
37 -5.32400565436536
38 24.89609779897928
39 14.62158629006134
40 -15.029555300977055
41 -9.703960016661203
42 -12.590260272138465
43 -25.94846960382857
44 -5.566355649836557
45 6.640297789265002
46 -47.62805334517491
47 -15.251913794115445
48 -44.20237129228122
49 11.938928531075717
50 -9.086434682189322
51 -0.11749886508127269
52 25.61630856954181
53 -25.12737840348273
54 13.390373095954148
55 -19.39407264362467
56 -23.875018244639723
57 7.878553132037201
58 -15.358207789935605
59 -6.067980951946373
60 -21.19968256285781
61 -15.245806327137092
62 -25.028251063935286
63 29.202473630855305
64 -4.8135936388214535
65 31.397614198031306
66 -5.888909233187244
67 35.98959764805777
68 -9.216166384325552
69 -16.975110778706988
70 32.23894529817521
71 -45.27367644970743
72 51.6760375458698
73 -37.514928638167724
74 42.750040104317314
75 4.295857971467196
76 -4.347442539609
77 25.58270733055031
78 -23.65064744842733
79 21.480182273588973
80 12.462871135899961
81 -42.08254881063194
82 48.73416294667479
83 -26.954409193438654
84 -1.9625047191663796
85 20.433324218036507
86 28.117703564614654
87 24.013794838608277
88 -0.82970398539229
89 10.701625660520184
90 11.499094205286656
91 23.251582058477947
92 -6.642604386698053
93 29.458031120868817
94 -31.671986532192715
95 15.5446141760516
96 -22.410667821429616
97 -18.04688810690202
98 8.540110189048212
99 -35.23824902297535
100 9.339319534994823
101 -8.856370460289412
102 -24.14042182421546
103 13.871072306081883
104 -18.66127874749683
105 -48.99527809666939
106 -10.751619900029716
107 -66.62502096445327
108 5.081068216746512
109 -87.2285722298204
110 13.81189554807846
111 -42.06864251047105
112 4.539689391350154
113 48.08221115573643
114 -39.46116919310193
115 85.19451570925894
116 -71.50069017716122
117 84.78032595477512
118 -24.27464439287273
119 45.03975817872115
120 21.480488060390194
121 27.996330904069467
122 10.678755850475024
123 35.82383332149264
124 -5.773095521743837
125 12.425715776231725
126 -0.3184848128100194
127 0.0
