0 0.0
1 -4.906874778828141
2 10.919889557676552
3 -15.169932910972992
4 -4.518086746731305
5 -10.803448218743865
6 -55.443263147366615
7 -6.849299914185183
8 -39.86953734531763
9 11.729569022876344
10 -18.483063875523325
11 41.68981267446718
12 -13.090497517670238
13 28.799401626953472
14 17.11235584088318
15 -1.2902927728676474
16 18.988812132197076
17 -18.725927847872438
18 -37.60777973850658
19 5.11246875923709
20 -68.85938937410731
21 3.164061196078331
22 -34.03142019698222
23 -29.23049850823261
24 -4.323140325660832
25 -14.48191683751605
26 -53.9706081031122
27 22.303551637907496
28 -41.42088304738864
29 -41.71092277481586
30 25.13398957449303
31 -49.316978155995756
32 32.95682632032629
33 -76.02668708734902
34 2.0999954459116013
35 -50.75033832946871
36 22.134187545887585
37 -63.14601735924135
38 2.7479599788562603
39 20.80459156852939
40 8.160091059033448
41 67.06750593745043
42 6.302966967960022
43 84.49245042379107
44 45.349202597852674
45 39.39063754128895
46 66.04851553914656
47 33.09181314844181
48 25.68467052835244
49 70.95527090180862
50 12.744992980314283
51 30.76758813438762
52 -12.911836514450407
53 44.83268710962626
54 -5.126597693488316
55 24.310308244353436
56 45.980596051853645
57 0.47438913665839433
58 -18.774947647455573
59 19.518749839990065
60 -47.40243743587296
61 31.056188631650713
62 -39.21183033215923
63 -38.241325145954846
64 25.179929024334818
65 -41.135285095786465
66 19.798278398363998
67 -27.90921358751404
68 -4.540061297990145
69 -27.438694013012636
70 -18.241408269771135
71 -5.683009649016921
72 -46.60241017867209
73 1.0076211205490913
74 -17.06516826543411
75 -0.8489966595820861
76 23.21671276936677
77 -10.592269728836454
78 22.379080653028847
79 -2.9929312596815842
80 54.806127787372915
81 -20.686249271081472
82 32.63917190787229
83 -3.49259927749857
84 14.758961701596713
85 16.0173897556084
86 -7.69073153020322
87 28.60095911614472
88 11.141262849896078
89 -11.517461059390017
90 -2.751997688204518
91 -7.4240112550138475
92 -38.4370426793248
93 -21.683871502880407
94 21.145343125847816
95 -77.30849313790732
96 31.720469338100365
97 -63.68808973130703
98 -2.3602759687315067
99 -1.1166140577352746
100 -61.879182022614344
101 75.80685006516283
102 -60.9360783675476
103 56.68419433893963
104 -6.501831484779584
105 14.653577332808062
106 -5.556436725993334
107 31.293955026533904
108 -25.293392750600407
109 35.34986922146168
110 12.809231798432963
111 8.299728855172397
112 3.9432796684873486
113 17.20502556935222
114 28.230849451528762
115 -9.788658877204954
116 28.0987174286481
117 -25.441278515923774
118 12.298857456965582
119 3.3278272944411076
120 -24.373297611416458
121 -4.850149855817882
122 -23.029850101950256
123 21.105419589840377
124 -15.516824647244306
125 7.778170090966589
126 -0.2428311263492516
127 0.0
