0 0.0
1 -2.612829778236669
2 6.7610536126115255
3 -14.123063448032772
4 -3.1379693665878197
5 -37.47035300728026
6 -18.045541568300997
7 -38.22591979759863
8 -38.89548699097703
9 -64.73621618492079
10 35.18671911429711
11 -120.54135961415848
12 46.40720796126055
13 -68.57306587674783
14 9.702216734174732
15 -0.8422216407075251
16 37.3543593495344
17 20.180572972651632
18 -6.4668128232697555
19 32.07619147192889
20 3.0449790825226417
21 53.142849017138566
22 -76.60514798270194
23 89.3499976203076
24 -28.908460939832164
25 1.5947879458434464
26 -11.789710548205653
27 18.72167193707071
28 11.318152055221763
29 4.582978851290597
30 1.7219057899685528
31 -10.014236387626363
32 -10.226131604358523
33 -26.048961601963814
34 -7.8287660231471525
35 -52.98463354446947
36 -29.16439979859095
37 -3.229966850944358
38 -46.10357303790113
39 -47.22547648090319
40 5.482138703769237
41 -35.92709786191334
42 10.652875612656075
43 -26.122158936277515
44 18.705287434152776
45 3.746354856425403
46 -14.037773916456425
47 -5.735570971836377
48 39.27474313411119
49 -34.334672545422556
50 10.559062659370099
51 47.60355056323848
52 -34.67103960790525
53 48.743897694889114
54 -14.92017921235222
55 35.14624460085655
56 -41.67665582918879
57 49.27654778810259
58 -3.851688584517723
59 20.64078319095409
60 14.006561375603505
61 12.829155935908638
62 -26.068043926282538
63 51.53412087261041
64 -50.09047310374623
65 -3.5107453958371817
66 4.358986541180266
67 -31.746333143580102
68 -0.8189040391375073
69 4.555773973553444
70 26.25292967864464
71 -51.496110882842906
72 70.54620817135151
73 -50.48032939333131
74 0.23510084705851675
75 -45.24353723743402
76 2.610527641905609
77 -55.94181375377409
78 -1.4561952071268478
79 -32.05422893375208
80 -5.722074749273906
81 4.999336630991472
82 12.729462850589853
83 33.41200601309473
84 19.891622130162645
85 24.651291815799254
86 4.518090442650251
87 26.101570173347238
88 -9.716754452433046
89 -25.455501593954075
90 -2.846586711623457
91 -17.746317912176835
92 -26.414131931267914
93 23.65946654336811
94 -37.690585403345786
95 31.389486734857872
96 -15.404666387027447
97 39.23910988393517
98 -49.375524959217834
99 55.14519742142726
100 -46.23494710634409
101 -44.63442017262991
102 10.281758775687383
103 -64.12483305262684
104 -18.78960335760651
105 -14.937399360331892
106 6.192534640459028
107 -20.65621370672562
108 15.706112558539976
109 -15.153723615078475
110 39.45744149721008
111 -3.3322245452487675
112 -4.946549033271987
113 -8.127613502637484
114 7.633827252079587
115 62.22645748859002
116 -54.123804212671985
117 15.979347587247908
118 26.169821380481988
119 0.6393285535157237
120 36.35129995409947
121 23.336908801195573
122 -1.9802119466779708
123 35.08568213077377
124 -6.053123299194581
125 15.766817058586122
126 -0.40203875711603015
127 0.0
