0 0.0
1 -3.0841711585079743
2 7.00294539256316
3 -7.737921521656219
4 7.16687401591335
5 -51.4885615914958
6 15.946325403052047
7 -56.706723523518896
8 -8.307953227614972
9 -56.6183052568741
10 -14.420131048086466
11 -69.3707001961409
12 25.10658491931049
13 -3.017543444334449
14 -92.8771983986805
15 7.249613282566583
16 -65.36605096373523
17 1.9764598476545552
18 -95.83444842259662
19 7.308284081700233
20 -65.80150017519395
21 4.55461183696155
22 -17.23889360223961
23 19.87220600565354
24 21.960959891382565
25 -15.400324222650184
26 28.824656342046726
27 -45.123439261612
28 80.77778247130311
29 -45.94924019181862
30 39.60734264840614
31 5.026200443469457
32 51.334130445019184
33 -5.927110951643498
34 4.753014569148973
35 38.3471794125182
36 -31.736988588267945
37 26.682745373384964
38 -53.454188034412816
39 28.392162713425183
40 -47.81159307958832
41 -12.397255606973351
42 -28.119321121870517
43 -66.24678553814505
44 6.253184367795175
45 -11.918954615154423
46 -43.06425094969957
47 32.3731029097426
48 -85.04278296362199
49 56.38599171689914
50 -54.029852900220206
51 -29.883439138396408
52 -43.66187152785068
53 -37.31756595658169
54 8.08600536870945
55 -41.45042886325619
56 38.18140647852991
57 -33.19379325604899
58 1.3430766771567004
59 -6.5083577955684175
60 52.761131211166116
61 -43.4552027820872
62 70.47780533466111
63 -10.791333896544415
64 59.806462027982356
65 -5.468999505248191
66 26.058820343357997
67 40.18002222457822
68 34.15516699420265
69 -10.003714152617023
70 41.52989845412854
71 7.710292513941247
72 -33.76187890447402
73 68.43512729754482
74 -37.23355633034314
75 18.441865118320948
76 -46.96080137563308
77 34.53139015922135
78 -47.88652403088302
79 4.123955578456341
80 13.38890869685606
81 21.754139003203232
82 10.661155935314566
83 49.02152624366313
84 -15.09375821931474
85 33.40709720449657
86 -36.82143332174206
87 28.256946341571663
88 -30.44787242389008
89 -3.242505248841462
90 19.981488485341508
91 -43.73343549392954
92 35.291259259733046
93 -32.167184261852306
94 34.93795220350849
95 -65.02657580824159
96 51.083303888213116
97 -11.523038877116091
98 -15.770786540205153
99 19.41094688309233
100 21.646240222244263
101 22.483861012453797
102 22.447473523806167
103 16.8297838984858
104 22.04886609079128
105 31.747740817239656
106 -16.237994730110596
107 7.845043141084366
108 3.8308989944775513
109 -28.295708244383626
110 29.99908043466311
111 -49.7182997244645
112 -1.3868043379408086
113 -8.221117382949755
114 -22.02483865456267
115 -7.658539333579695
116 -42.89896564575508
117 -2.4165294897889567
118 -16.532363614428814
119 14.082173574377329
120 -3.358527022393045
121 38.14130674846684
122 -2.3262652284068186
123 48.356277173191614
124 -9.554077740599316
125 18.870577364231156
126 -0.46491088467641256
127 0.0
