0 0.0
1 -4.26651530812492
2 11.418329962693804
3 -10.755446573386456
4 1.162260072405387
5 -20.674495644538137
6 5.7819905911931935
7 -15.359587867438156
8 -43.21394167582206
9 25.03098519705318
10 -57.14556190764758
11 3.5225836856780783
12 -43.09333603685963
13 -28.694866251239148
14 -23.37219058893852
15 -25.90923283735954
16 -4.878759018286135
17 -47.01324359489579
18 12.160984648405057
19 -37.622803501795275
20 35.892102219701584
21 -50.708791495513594
22 92.33295168795624
23 -64.06597096920144
24 34.90355428354997
25 -2.317505058170074
26 -30.999091527859452
27 56.39541830484497
28 -43.73534612877027
29 76.13149182372258
30 -18.787500002361913
31 66.17337489272155
32 -44.19660001989569
33 20.32748707988162
34 -46.327510943848374
35 1.913133647604273
36 -31.232885280464036
37 -0.12891410610540835
38 0.8192143221401792
39 -9.738827204408482
40 -14.859094456890803
41 18.406906258713434
42 -20.476889173570726
43 -3.633742934638407
44 12.52624212489091
45 -2.238858263925514
46 40.9175355800117
47 -5.267815946111104
48 42.740551228111244
49 -19.377796938126533
50 -3.9720645898632796
51 48.528772194167516
52 -31.41330308484957
53 26.029845523433547
54 -13.295471466841086
55 -34.258117767567605
56 49.769270441635136
57 -8.485108717807018
58 13.086420644494464
59 -0.5579768745598042
60 72.98664985195687
61 -32.70847676289291
62 49.23493455610168
63 -68.1961041999961
64 -7.280965488679149
65 9.36491050728964
66 -80.25356717710369
67 49.30710787484568
68 -96.26717436085521
69 36.228952468666925
70 -26.050441276801873
71 -20.395295820886208
72 21.705174044936616
73 -35.312709551387364
74 41.92410582723744
75 -44.373517547951785
76 6.868173480145613
77 -8.809296702478346
78 -23.50882769208089
79 8.248517555076631
80 9.234965262420229
81 -3.517170580772937
82 15.99929394124857
83 11.508656505061193
84 -30.74736864648845
85 62.190699709298734
86 -30.386157193992215
87 49.54780280628967
88 11.941370481598813
89 -23.898218109108875
90 29.454319381762254
91 -58.90961013652012
92 -8.064782769859267
93 -0.20649486589852345
94 -5.835939742436886
95 14.099616624625982
96 -11.44421513164632
97 24.81573231710494
98 43.8680443623947
99 -48.60676118464979
100 46.15201586161196
101 -1.0959397951627146
102 10.709876849454831
103 2.7751742631700327
104 -21.12366489194388
105 -14.691544348677017
106 29.750539474885077
107 -34.47292812330903
108 -1.3074976807897891
109 34.54021526616125
110 -48.682563948975336
111 48.342709756350715
112 -52.94479789416866
113 46.66005485853256
114 -31.16582960286954
115 11.451965768926264
116 -56.083543930442055
117 6.1776867763581995
118 -34.89059347214766
119 -1.3092905882186168
120 -25.171030052924166
121 27.68156097285645
122 -24.12373254167131
123 19.90025079711694
124 -1.7585605517084613
125 9.988502605826783
126 0.6882783373449548
127 0.0
