0 0.0
1 -4.394905534940849
2 7.717518960770331
3 -16.08505811989976
4 -9.317594865243022
5 -36.63297817761784
6 -22.318418017215894
7 -67.84590118042811
8 8.18010590439357
9 -63.82501820875671
10 -17.503820177633347
11 -20.431374045479828
12 -17.396472740336556
13 -17.150089887506216
14 -3.4723804354804204
15 33.058358959462524
16 -43.63063747755561
17 -2.8483187464022004
18 14.793271653514863
19 -2.2287102157465943
20 -17.967700830342775
21 13.218197695740447
22 -54.094421242862076
23 26.240349383402663
24 -65.12466611868876
25 18.178900510694422
26 -25.700897259157234
27 1.0647638725789605
28 9.540743608232189
29 -49.53636301790432
30 14.781259162729606
31 -8.209006259311739
32 -32.191196402842294
33 -15.077726631316262
34 -9.408588800092426
35 -7.955731568884867
36 24.481001971584355
37 -45.7087067034876
38 34.771668093193604
39 -73.7009253688099
40 16.0282517367073
41 -22.413855466015157
42 31.25663124481701
43 -28.096257555903165
44 33.304055309784566
45 3.1042378550063128
46 1.712811951508879
47 39.922077953676194
48 -28.225070512654952
49 11.120575265481614
50 -37.318856230403945
51 48.41177162609394
52 -31.097433757535175
53 37.717926097218815
54 2.5840173667670645
55 40.080041973670525
56 6.669124773115599
57 30.562542306122964
58 -1.9283494154629277
59 48.07929827215624
60 -4.368435199984137
61 95.1692150189794
62 -64.20080556210999
63 49.673479145398865
64 -29.434953748673365
65 -22.00166294618099
66 9.662320767737159
67 -39.81847763948412
68 10.219472522125187
69 -41.84624867550514
70 39.80982742007014
71 -47.72125200142365
72 19.9067246277339
73 -37.40987725626731
74 27.943826480275465
75 -20.042115473914414
76 16.948536164002885
77 -12.893363810007983
78 -17.858828258304335
79 8.44110014847913
80 9.703172564858683
81 15.740170286916602
82 21.65210612906875
83 -9.269181256276308
84 17.866200633578163
85 25.382707897061245
86 -10.403304682262686
87 -18.989266352371317
88 5.3031676010754945
89 3.445682234552834
90 -54.336668316851686
91 -5.059106923545217
92 0.30264704227306644
93 -14.113945048461165
94 -18.34615981482481
95 -6.7372577192986824
96 -10.23341963795533
97 -6.86296664614094
98 -39.49502049208261
99 24.625142858575842
100 -1.2693520656091095
101 -33.29995904029103
102 40.605440994639764
103 -45.00600824201087
104 41.98590853370936
105 -86.45276638248423
106 20.242090809652137
107 -25.101036195849524
108 -35.90076393600396
109 20.79681220205418
110 -31.840976891440334
111 36.16944473622884
112 -25.080374272177384
113 35.21398904557256
114 -1.9810071689752018
115 46.12871121083011
116 3.3737477878748083
117 50.9858148084377
118 17.610653163090245
119 61.06885297924871
120 38.042736965423586
121 56.60904942808997
122 5.824775744699211
123 34.767284946776286
124 -4.5323745417365275
125 15.219743858358841
126 -0.8180992693171969
127 0.0
