0 0.0
1 -4.495408120515863
2 8.39516850889585
3 -21.67397904632941
4 7.560339046084378
5 -43.73790793334818
6 -23.246793442929675
7 -76.4262200828435
8 -11.265931614364764
9 -68.36773590302982
10 -28.639477778643553
11 -36.130641670440376
12 -34.305985811185714
13 -5.150365299942091
14 -63.36381405705328
15 97.08531899904531
16 -44.44022626691894
17 52.51516515166951
18 18.83320316950802
19 70.54112351491418
20 27.40082661032241
21 19.766437198661198
22 -3.0616015938066714
23 16.584048750889366
24 -55.85031886130404
25 48.33540296545427
26 -55.9931259817681
27 -14.681643560744721
28 -0.2153816431696474
29 -36.01450316771341
30 55.06689335601205
31 -32.58828664079751
32 12.513237925264542
33 -37.68126370822222
34 43.70677470921049
35 -35.23015505734195
36 38.925979347397494
37 -36.738808813463294
38 17.719971536326845
39 8.825802879344259
40 -50.95730140282413
41 44.854862216411156
42 19.686053036350923
43 11.467554304346995
44 -13.715876622844954
45 41.73776303560993
46 -3.8696983208065707
47 5.384944470149927
48 15.139163464780976
49 -3.4895808059241986
50 -37.61868764842522
51 -27.98577276802314
52 7.223938990200918
53 -50.78456697186476
54 -10.203269653046352
55 16.296788134790066
56 -26.152502756925955
57 3.541380386519873
58 2.858598402375797
59 -11.063535975990224
60 16.42825187060032
61 -33.58595648874875
62 43.668471745295314
63 23.92425389009279
64 10.498801269112198
65 55.51172751871041
66 -24.762715486864845
67 40.87497463698311
68 15.947992746442262
69 6.157463312311045
70 4.624657945876418
71 -20.04245853821565
72 37.13009688141736
73 -29.82018950686356
74 36.26636330669432
75 16.1518586682024
76 -34.91850887568558
77 12.69412683530172
78 -10.789179914480302
79 28.50973836871719
80 -35.87773765003904
81 9.697382575758535
82 -15.70484949131016
83 31.769790917777488
84 -15.748784323655151
85 -19.255868008974605
86 -14.65151490268427
87 13.616248457339298
88 35.76824327485122
89 -43.042889810711884
90 63.316838146247214
91 -74.69031592369622
92 47.6708778065452
93 -30.787030112289838
94 -5.829908283176466
95 -0.5364189856650592
96 -15.356429096211125
97 -30.764635858073653
98 -73.14791547144416
99 -8.458828024454107
100 -74.14095192108636
101 -29.34117445795104
102 -46.24758448280558
103 32.49240742892058
104 0.3437923976051666
105 37.31520260312616
106 18.270298454078297
107 1.9426355304727498
108 65.18420996316976
109 -6.41468186171155
110 60.38795745934824
111 10.49758457690316
112 27.964272954438
113 4.713359497294327
114 -20.46129625210782
115 15.564194706571554
116 -23.49853904370549
117 42.46406157049656
118 -67.32936484260509
119 52.631553141150484
120 -35.25326349331482
121 42.44826322831111
122 -29.63831524031619
123 30.319627390654265
124 -13.804650590373603
125 12.48893385569851
126 0.3516390861215991
127 0.0
