0 0.0
1 -4.525108451905309
2 10.521471682629858
3 -6.790035311594854
4 -12.902486663047236
5 13.589920057417686
6 -63.62191864862039
7 21.057957686597433
8 -69.36313734428705
9 -26.702848506397753
10 22.272668569528644
11 -117.37198870356801
12 65.71442099978016
13 -109.90090942670228
14 17.49442951797888
15 -31.157984373118115
16 -48.20548401741884
17 29.87194477186329
18 -79.06474673308179
19 35.799391237537236
20 -23.224152275112463
21 -18.266904166254616
22 -2.941493350321469
23 -8.798142473143951
24 -11.735357376576685
25 15.026996308663126
26 -1.3705782367844246
27 -28.859120747408134
28 -26.633185111408583
29 -3.0178426359531842
30 -34.012667637077165
31 11.477375726689083
32 4.750240118483772
33 -33.51434309245189
34 13.50734772058973
35 4.235869608682559
36 -12.823017433399794
37 62.93809887881329
38 -31.57378958821225
39 51.185387180291116
40 -4.530044312963993
41 36.74090711938564
42 18.921472837808338
43 -17.63434928322263
44 29.940537501400012
45 -31.159946310355572
46 1.9483721492259731
47 -40.32915374038812
48 13.414891935359526
49 4.173030398988238
50 -44.5077388626716
51 29.505883929028972
52 -1.9640656482373477
53 7.204166062673308
54 16.900695327039706
55 -18.821803412714036
56 32.65985265498246
57 -26.88749915779437
58 29.935453969640143
59 -34.174540291068524
60 -49.07150789162023
61 19.976609765905227
62 -15.098432992316665
63 4.749443129546425
64 -13.71773193879361
65 -26.003651917705483
66 12.884852122500721
67 -17.85189305257467
68 -6.034529490505855
69 -15.141266840459574
70 -15.346373003636097
71 13.54711008181923
72 -11.66995986492079
73 18.753962552192583
74 10.877737519220352
75 47.825353167281115
76 -9.035732187319809
77 30.094867534674407
78 22.675856322617914
79 -12.647941791549693
80 27.351208710044435
81 27.71264476969067
82 -12.845660621150289
83 12.797118872109683
84 -9.59056723142855
85 -35.84168529197156
86 17.79419492875255
87 -43.46664633633919
88 46.43191792000371
89 -11.830459565281938
90 24.528574182563634
91 29.525302231238815
92 19.233090827958932
93 -37.82062012587301
94 27.436715841966393
95 -30.958668340859276
96 23.091891392025627
97 -19.579319666661743
98 -15.278075323692583
99 -11.4572914228593
100 -52.37107346144283
101 -0.09294060330420857
102 -18.186002126802506
103 -34.96520429715013
104 38.38328053636485
105 -21.71992017016781
106 -3.863804069999042
107 54.53545222918419
108 -16.700093590742668
109 37.2877627940502
110 -35.78678735966659
111 54.370096339971546
112 -30.29430327928395
113 66.6981780915912
114 -40.64703619308962
115 26.7360983038611
116 -31.754703043521005
117 20.76131239345958
118 -13.137220234404673
119 17.451784013267766
120 -32.04435126010208
121 41.60045394962774
122 13.224360548596387
123 16.805301793797735
124 -0.8799543278992102
125 10.899082451484356
126 0.6097689646945467
127 0.0
