0 0.0
1 -5.930027384034714
2 10.87537920946491
3 -29.683811123368443
4 1.8505040813329494
5 -32.33245992996189
6 -8.51306127187552
7 -47.66023446749216
8 24.982106924778858
9 -68.98875373007918
10 -9.144983428897802
11 -7.576424492139328
12 -52.32006388755077
13 -19.076297061306963
14 3.0415069520426012
15 -39.31487400947846
16 2.682663637776812
17 -10.120828295988941
18 1.179004803689894
19 19.767851323644074
20 -39.973644521639955
21 5.831578679619343
22 -65.63205639545411
23 32.46956939399763
24 -81.95525775646979
25 42.07740811211649
26 -51.11801925017454
27 13.97970178827746
28 2.367658701194489
29 -30.752079076132006
30 56.23685916891983
31 -16.49420039583179
32 13.774311445732348
33 7.961326415258396
34 16.187959456508082
35 51.35059939017779
36 -67.00163530542534
37 52.752847408522314
38 -41.06225974179105
39 -40.13442674290746
40 9.318990709055019
41 -66.26088450894224
42 21.64782005456491
43 -55.82205017184383
44 34.802733155029294
45 -25.819962211648804
46 17.718785450944765
47 7.848040589818315
48 -16.365607026273583
49 -2.757939298626163
50 27.4417553269881
51 -48.701195881922416
52 35.84020716208028
53 8.696799908552977
54 -26.218098717333927
55 15.972313205945177
56 -15.048262520069681
57 28.63098073963781
58 -27.499801494656992
59 71.6642964226721
60 11.752549828052187
61 63.66201755483661
62 62.39325329926173
63 74.27781953007985
64 34.85227620065102
65 43.608367826828804
66 75.15656809452436
67 -7.01460534361126
68 -14.928013138610291
69 11.141586881737737
70 -74.53406734472102
71 39.02315389374222
72 -80.58196095654132
73 -25.83238276478367
74 29.644579266572343
75 -89.21466176601857
76 44.40790786378291
77 -43.76856483558086
78 -33.026217874717204
79 -38.01383151776535
80 -8.978290724032627
81 -32.415247656362986
82 -15.792689628447329
83 6.718156530554384
84 -29.24849478890347
85 20.332555837280427
86 28.884370368172938
87 -19.401229703140718
88 36.89397903904254
89 -26.221604070180078
90 33.300152134003326
91 -45.687018212196875
92 1.583051851742343
93 11.0145847591445
94 -30.46623377260037
95 55.44911191853558
96 -28.1804316162755
97 52.4389062603375
98 16.072883891445613
99 -8.296567432488363
100 29.17285920186241
101 18.976268781348
102 0.13559789472146747
103 9.516177593010328
104 7.487324114950162
105 -19.72383096904446
106 9.71377376359576
107 -28.269263364429477
108 -18.65361215593577
109 17.045741587594776
110 14.631120910034198
111 -6.619503632997541
112 -43.46682858189944
113 51.35065506596537
114 -54.30906066995671
115 41.53962154853555
116 -16.276700747945988
117 5.2522247584677695
118 -0.8704785863453399
119 60.844071620677134
120 -6.670136941627877
121 76.68490550973382
122 -30.956724054751895
123 59.46577059231391
124 -12.007087992473874
125 7.531497883566453
126 0.6220922275599343
127 0.0
