0 0.0
1 -5.563873868289636
2 15.244566753243122
3 -23.646320437553157
4 4.194224514643401
5 -11.591876135849054
6 1.6225988189870408
7 -36.29900708583414
8 21.319296211933533
9 6.136796271889558
10 -35.94888954743826
11 35.57432435025934
12 -59.87478527125702
13 32.292474644713735
14 -45.807064340992305
15 34.15312392305586
16 -11.823896193747826
17 13.281044957559365
18 -22.510757452530328
19 -6.249515611348959
20 -32.21365759922774
21 -6.217199291037639
22 -59.37542728859559
23 23.748027176444065
24 -7.580054796713527
25 -47.382105564585785
26 59.61265286773233
27 0.8921775701070175
28 -20.571418479778323
29 26.23211495987603
30 -5.676483674957369
31 -9.759901213728057
32 9.004054085716664
33 -16.27638710029037
34 -13.826623306578146
35 -32.69193489725025
36 -4.1947848101501535
37 13.426313553820453
38 2.896114795808955
39 14.995157346454757
40 -0.4024918883214243
41 23.03964800988579
42 -16.215966071212225
43 -17.13559326734636
44 38.2240311202904
45 -78.78213825668166
46 34.29129560319138
47 -80.89562756835669
48 8.64174071277806
49 14.706859685621625
50 -55.09986111496138
51 -11.594099994353089
52 -8.730242769904985
53 -6.275102945016298
54 -11.700105171239432
55 -9.455577311684939
56 13.53895636814491
57 -3.7339753562547626
58 1.752378847930388
59 -4.983549904610647
60 -11.809142862811143
61 26.09756910257947
62 11.86648184135628
63 34.52249410807229
64 17.946503400326037
65 -3.424749633572593
66 -7.01566626666977
67 37.89642620525997
68 15.931574125445028
69 -16.11767757183914
70 -1.3509912627411418
71 -20.20951655030891
72 -6.003164175757921
73 7.534134902041063
74 -6.9100146953797825
75 8.662604320739067
76 -20.834508331998222
77 17.480377820100024
78 -39.90496324664469
79 -2.5495570503547995
80 26.3130884778553
81 5.017586833208587
82 24.332997832366733
83 21.00760974368886
84 -48.8544627442275
85 13.760476691042514
86 35.21536309434064
87 -4.109840117929796
88 19.26394302834946
89 7.5192610831353415
90 49.703685954518065
91 23.224380921931456
92 -24.289700491058447
93 77.31309458474948
94 -27.599296693419493
95 33.30764917305072
96 -6.693775985842743
97 19.2503649610931
98 -15.340686941222451
99 -52.43751121258528
100 29.642324249883504
101 -51.10180619943494
102 31.011041248920968
103 -84.957168582235
104 -17.945406476068634
105 -42.647769406319796
106 0.21601659904701245
107 -11.032118656143814
108 -11.312612147890974
109 -8.728049309057406
110 -13.17846938200159
111 -17.546481314386607
112 -15.092056676375039
113 -20.1585724002263
114 8.050452932373611
115 -3.473240398010909
116 -44.22742188107516
117 65.132306386173
118 -70.45668446882515
119 92.70942383751787
120 -40.082833815337615
121 68.83291568046474
122 -17.24463131747861
123 38.24239823451605
124 -8.615483461155847
125 9.41584873590179
126 0.9762486296909513
127 0.0
