0 0.0
1 -5.708856554728946
2 14.652712980558501
3 -27.721346908909563
4 3.1196338739925644
5 -24.50335521734635
6 -22.28207896492902
7 -26.899473131787907
8 -33.068558062994434
9 -3.190909689839695
10 -34.82246287487049
11 -22.77427171834546
12 0.24386133004383392
13 -13.893208096112687
14 -29.14986513158224
15 43.84544265293494
16 -17.275440309380066
17 33.57245197365043
18 -19.546233819752505
19 50.07942682741519
20 -38.05624993431329
21 31.404311381920586
22 -44.97908967845938
23 15.955223926793794
24 -4.590693684243766
25 10.466355528890002
26 -14.256218491747799
27 27.180093736856893
28 -49.35052545382383
29 -7.811334056659684
30 -14.344436983846176
31 -34.26024673302755
32 11.923133155310111
33 -65.45105076621186
34 47.027761797498734
35 -6.923576140768891
36 -16.753896884647187
37 -5.051296208661038
38 4.507182096170372
39 -60.14600759722798
40 27.190921646977753
41 -70.76476902153553
42 27.41244041226287
43 -35.20034966130271
44 20.909973432294848
45 -50.47758269729042
46 17.68966293282587
47 -2.126552733212201
48 18.657736063743716
49 10.203135564569443
50 7.899699682876007
51 77.01507190694146
52 -38.35143979415019
53 80.8207662519831
54 -35.50557211397414
55 35.61516647059907
56 -26.91179777751826
57 29.922839971665717
58 -24.25003349170474
59 0.0107673424193483
60 -44.687978846278625
61 -21.93586742076366
62 -40.14833719698201
63 -54.538009474197665
64 29.468525013952583
65 -46.99076285729927
66 -46.6176535798238
67 18.526489853857193
68 -29.137329104332206
69 -27.478205928486677
70 -4.83852817024719
71 -62.139021618668494
72 17.323573610211312
73 -30.888944977247814
74 18.6170407806075
75 11.455868367714675
76 15.63696962385019
77 -16.975928553588716
78 44.10061505348355
79 -8.051697687881683
80 24.819264963216117
81 18.775954089373883
82 46.838839835842016
83 8.920025251515646
84 26.40108852892518
85 21.353415296883405
86 -17.783800398467317
87 69.01608002338929
88 -27.779170006602453
89 83.0955172610964
90 -39.14571269017791
91 46.74326360215049
92 -48.06488592417275
93 48.90894172307972
94 -61.32418504232077
95 5.516022660611059
96 -4.106972428512506
97 -83.32509899145042
98 15.272494466244888
99 -53.743456560346196
100 -21.593683131685015
101 -18.287068126574734
102 -0.2644563109773401
103 4.027089495649147
104 -9.821747073151577
105 40.29633502743093
106 -44.19857553489992
107 -9.3381626181248
108 13.260087911603295
109 14.099781801172782
110 -26.847990740701732
111 16.400651861167802
112 16.59062940783813
113 -0.7022948098108167
114 17.614307625666022
115 -24.62297512914092
116 58.38064359441552
117 -73.21766491435943
118 78.69207788447248
119 30.877780805351282
120 -1.587123408579701
121 71.06061811125096
122 -21.375623379328374
123 44.56976588131741
124 -3.922456275903122
125 15.840022358897189
126 -0.15326449946648643
127 0.0
