0 0.0
1 -2.555912520304159
2 1.8861767889624097
3 -12.8953917864154
4 0.6567363106455643
5 -31.60275847518614
6 7.059878120177364
7 -21.416442692922413
8 -16.157885333328135
9 0.4408995514550973
10 -21.634994871061217
11 -55.140875479819854
12 11.92380750243899
13 -29.580487909262846
14 2.443869246136162
15 13.282023298085582
16 -12.515167385091077
17 -5.205060729019123
18 37.396809890719965
19 -54.60183778514796
20 12.253594004916861
21 1.4514012478622975
22 -27.04585367703555
23 59.47139765058175
24 -114.28609611553387
25 90.46844103758191
26 -4.333087390421795
27 21.9244878872857
28 6.275840711282542
29 -23.776338105127284
30 32.25820120601982
31 -8.298257977284228
32 11.049549935902451
33 20.574198991458783
34 24.824351711026768
35 -26.71591402994314
36 20.24567982784058
37 -26.61912643770036
38 7.992601285216452
39 -10.472796538949572
40 -13.104206338909464
41 -13.987009559970144
42 -43.641819437551334
43 -51.489128321688355
44 -37.78162872739248
45 -38.50351440066786
46 -27.86699299310798
47 0.5006295342399412
48 -39.21592330384135
49 32.873080027903676
50 -24.33746016889824
51 7.03502924012573
52 -0.9432595726445919
53 -20.773143000479234
54 34.32266473883648
55 -45.934054817021725
56 27.950947100010257
57 -50.76120134861104
58 80.5850359768561
59 -53.568628279737766
60 2.530859260096541
61 5.56956811994232
62 -51.68081659543193
63 65.00944970027533
64 -107.85391967037226
65 89.35300834342931
66 -78.20255283919217
67 44.64987782412419
68 -10.357557721292586
69 13.332700918259647
70 81.04288683551152
71 -59.820225878235966
72 100.26264787774575
73 -49.46652921233653
74 12.697873237399108
75 5.537637033909132
76 -58.77601755579439
77 34.476064323798255
78 -61.52169510262202
79 39.51088172452837
80 -71.74745987018485
81 -10.200946415725886
82 -21.770563775350286
83 -47.776966725056724
84 -25.687313098934943
85 -32.4144757583542
86 -26.41037873912304
87 -53.25238133346232
88 64.36143397229125
89 -103.28330029279398
90 84.6425847401
91 -40.69488547526305
92 34.47623001056675
93 28.267852193995147
94 11.680502985143747
95 35.65420659523392
96 -4.558113885051725
97 -7.93100931055997
98 27.7622658458717
99 7.626363658365204
100 -6.19669675525131
101 25.780640194119265
102 -29.486674840760006
103 29.765526139418753
104 -32.80172336994502
105 94.7115799152247
106 -44.03715756407402
107 14.041399657042614
108 37.008488874876406
109 -27.28774613307148
110 41.05473913928429
111 14.794503559834423
112 31.532767420925985
113 21.959833631329612
114 34.30610797045791
115 -18.86203096636881
116 36.363317852604254
117 1.5540921008005733
118 11.437232935504467
119 49.07215443835061
120 15.30763782813428
121 39.3939945414264
122 -15.960009147531622
123 26.13043531876229
124 -6.0134535590316895
125 11.797028804400183
126 -1.0259920964473956
127 0.0
