0 0.0
1 -5.671805026262603
2 16.742085280999092
3 -23.65432553459243
4 17.57928097705978
5 -37.49474323829458
6 11.154258839305113
7 -20.247985926641032
8 7.357721408877688
9 36.28634470524223
10 -38.78625759135878
11 30.075902595102033
12 -65.62909083491733
13 43.06256411496992
14 -54.94930193257405
15 -6.727715717615381
16 -69.19717771164672
17 50.50569529177358
18 -72.89949413869549
19 48.01310595116652
20 -50.32994426147885
21 -22.16262429201044
22 51.91845791288246
23 -59.27215367686596
24 48.17576097157092
25 -25.95546149987909
26 22.32024409775755
27 19.549412644057206
28 -9.046964245584437
29 12.354367212982703
30 -18.290273471185394
31 -8.140871764795488
32 -32.434069527234634
33 52.59743125772545
34 -39.81619509997583
35 -8.950503049438037
36 -1.9468611776155438
37 -13.251755412113175
38 11.825789578115563
39 -31.128908297463056
40 35.696077107705975
41 -26.968506492385934
42 6.888659084321541
43 30.457053923421057
44 -10.27379566640978
45 15.963550374100322
46 15.633054324066832
47 -40.3515239547418
48 14.998107234194535
49 -38.92673911507061
50 13.48561783779407
51 -60.567471035697444
52 37.72753178309986
53 -37.305930128670184
54 20.98440325637096
55 20.89728424865098
56 10.622251159239681
57 22.45627316838087
58 -6.12923822534018
59 42.21143709868202
60 5.928123679865751
61 56.609276436954055
62 -23.88284276827995
63 64.12574350709146
64 -46.045807439124935
65 -3.2193300822899857
66 -24.045156907994475
67 -14.50301307299913
68 -53.887849303219724
69 16.640831735986524
70 -18.815429395093194
71 0.4187788333786081
72 -12.712620690157795
73 16.502683286693582
74 -11.476107169421018
75 -29.405387561385425
76 7.324081937506415
77 -3.817197030463633
78 14.271917610220498
79 -19.857099335275926
80 3.4289988414950057
81 -12.104553296584182
82 -15.07225189195404
83 -52.97262835943773
84 -3.258758071100196
85 -62.3172365739987
86 38.99024695224347
87 -28.084708922067474
88 64.33790969863145
89 -33.33018356531662
90 60.83363916957149
91 0.15231375338959904
92 19.547539946201592
93 31.600764571578075
94 -37.664451114209896
95 88.01315726120016
96 -69.1190503364264
97 70.95688523432129
98 1.7838477903114474
99 6.2466904000482275
100 48.74130700407891
101 9.706756508790964
102 12.125212614969316
103 37.694104118197174
104 -9.259313608517171
105 -6.008035022403148
106 13.244755547361232
107 -65.66282231623212
108 32.0610020749355
109 -41.94398515864962
110 -27.04714489666162
111 -4.201318322350325
112 -34.26548071493306
113 -28.44049098978718
114 -35.40621407128075
115 35.69282910023554
116 -29.064033901861304
117 35.61600483524019
118 -86.87679621575555
119 100.1009231613492
120 -83.0425767447349
121 57.2878758898479
122 -30.209464089554704
123 21.512686444294626
124 -1.4892161634090475
125 6.726036891328706
126 1.2052472215857708
127 0.0
