0 0.0
1 -4.76981567331672
2 12.584009641854841
3 -16.378838952411062
4 -2.6129430095480557
5 -11.790358606686047
6 3.8299277280732666
7 -80.41570590370533
8 26.723559188540374
9 -101.15372852431582
10 4.831819260182001
11 -90.28081791440574
12 -7.552720163969587
13 -15.746513148573328
14 -67.78248315951895
15 16.27999963477891
16 -19.069253369873746
17 -27.890454641746793
18 -50.85946356246191
19 16.604835638736994
20 -20.2808247278651
21 31.368319867971593
22 -23.424543066198925
23 68.26613393725081
24 -49.07910674086196
25 96.17552050276224
26 -43.45153546304515
27 25.748046768013282
28 -6.747502534167261
29 1.078918611237544
30 41.05211869774866
31 -31.451302137473938
32 -6.1129907648520545
33 0.7943351154143339
34 8.357132119963486
35 -41.998108636240445
36 73.94386448891073
37 -44.811439117761914
38 42.26988084484062
39 43.515307864280906
40 -46.10330452580223
41 118.25674953850958
42 -77.25023323291586
43 93.75278938908016
44 -14.377105376161136
45 19.806743554631584
46 8.632757933875395
47 -13.089033488834913
48 12.820056806695336
49 -31.528414167411135
50 44.07148604266631
51 0.20940757012591985
52 63.12115950947779
53 -7.627406168574261
54 43.31935968957488
55 1.0551967027743314
56 -25.88126356282787
57 13.369675894002398
58 0.006985674177068777
59 28.34854706854234
60 -5.644760225104102
61 17.425084368781437
62 35.41028672768218
63 -52.42056718851907
64 50.0206103060032
65 -65.20345423945572
66 32.3398543539151
67 -74.54269927717864
68 -14.962661660533424
69 -38.50962220610947
70 -77.68465902577536
71 -8.64194601300783
72 -46.77573658194854
73 -41.15312011115615
74 -50.58333865835431
75 -0.8456720678018943
76 -62.91706999242541
77 34.5604959645069
78 -29.76856779890035
79 -19.41662359512324
80 -4.796311285541883
81 28.512562468196972
82 3.239959307106095
83 17.14586268245961
84 34.27721681823835
85 24.03615058191108
86 35.092127785563285
87 38.90741403075719
88 35.870559624752524
89 31.357099355262548
90 21.745029468552026
91 -33.83759327089048
92 29.2331911623217
93 -46.65483407487357
94 2.4052195705487667
95 -73.08645352471257
96 26.591293080254754
97 -103.05728984813523
98 7.311005256685442
99 -31.083231751016648
100 -68.46925293287535
101 56.49943386831461
102 -61.749449940749294
103 106.74318081734222
104 -54.85210506200773
105 70.9288053793806
106 11.319996652030227
107 4.200599199116137
108 69.34152836047969
109 -7.683986272603136
110 34.52427251917886
111 -30.27041114006489
112 -31.75108219626456
113 10.573818376841048
114 -28.04214743996195
115 52.784490443932825
116 -84.03846374668622
117 71.56287772894899
118 -35.46580784093995
119 15.692401963628216
120 11.298971281592596
121 6.767857857580587
122 -0.7897097709848386
123 22.806065764407077
124 -8.002211032880071
125 12.964044570171007
126 -0.29407800462835726
127 0.0
