0 0.0
1 -3.9488395736243893
2 15.317800195069495
3 -12.342738002715334
4 -3.9787233460159146
5 -6.873494758329374
6 -24.668038082921367
7 4.781524536321196
8 -26.73749931583447
9 -23.391520230790988
10 -6.794602777418045
11 -87.42162436994691
12 34.50214626283498
13 -46.35353043506319
14 33.84580615156075
15 -15.202425286096714
16 -2.483124861608785
17 -16.628081148650594
18 0.43944474647250903
19 28.06451484966295
20 -86.11558195437517
21 109.93938836492184
22 -82.62797478289782
23 54.58839030915333
24 -29.081854679951856
25 6.265145820229534
26 28.247182549468565
27 5.637851097204256
28 -20.91079018868916
29 4.921306303781622
30 2.8943030720549934
31 -35.49806575380578
32 21.882990513259923
33 -43.25506644666721
34 23.63797836860951
35 -74.72332055778263
36 -5.91017077148067
37 -31.41396738474989
38 -17.64690003228433
39 -60.479072404848466
40 -6.189593066072124
41 -22.63376246223062
42 -55.967384711500216
43 18.79652626193934
44 -52.83097945593716
45 33.11269974269771
46 -38.831014994192
47 24.31014620406759
48 85.45315938103218
49 -55.2849974888713
50 79.01803039011246
51 33.0192036500712
52 8.098013289222084
53 -9.973417504266559
54 33.23837430765753
55 -26.62332570292333
56 -2.317573965702407
57 31.264511649308957
58 -1.8989662361544348
59 23.42842092797879
60 -12.550895087549156
61 21.19194838847693
62 8.262020034892094
63 25.743812169819414
64 -25.090501347554607
65 17.26975756673863
66 -12.702345386640019
67 -27.54887098646733
68 1.7017247614210178
69 9.123779980975414
70 -47.63960340249002
71 44.1600577797296
72 -20.761172604756354
73 -37.24379483759222
74 23.59488660034664
75 -6.7128651681000076
76 -23.18880289859304
77 32.85450823529176
78 -6.718003498407546
79 6.0052009631029115
80 -17.259440054737844
81 32.67255645423599
82 -5.208235512371742
83 23.632130255452108
84 10.543162022523447
85 11.583116732995064
86 -28.45838014022133
87 -25.43392149166943
88 12.089777048763175
89 -37.04869043240558
90 10.576980098595014
91 -99.72872824167457
92 8.692921469249745
93 -91.73927852190565
94 -8.926919856306679
95 -42.60467556736559
96 -30.995706179305174
97 -1.3358026138936545
98 -27.530809849004182
99 62.27878368955296
100 -44.92937699066563
101 38.51729797484453
102 -71.20645851363145
103 39.530978328841
104 -8.247828245395755
105 15.752967557115062
106 52.54502414361946
107 31.58412390313147
108 4.0825993015031665
109 29.235165211011967
110 44.20121641877914
111 -23.984190979366385
112 44.37779390352512
113 -47.606209980544236
114 62.16631534449816
115 -18.346050828895567
116 -27.967395714352428
117 13.3610177830237
118 11.381995679197233
119 20.44722957372171
120 -27.205675143060674
121 53.139616210931635
122 -31.648911279486494
123 33.943028257659364
124 -12.82561304991838
125 13.791653297875815
126 0.4563010964820028
127 0.0
