0 0.0
1 -4.720945417962233
2 12.70276553297353
3 -22.548254526937463
4 19.30801450834399
5 -29.53855683534142
6 9.571157206393934
7 -4.457898915565646
8 -13.067754259683754
9 10.97252513237626
10 -21.161585971304664
11 16.284135036987962
12 -55.37837264651112
13 23.67157715509602
14 -82.03996059926554
15 70.12247275536991
16 -94.92624734047088
17 34.729880467975725
18 -51.508044642395
19 18.989977322301307
20 -15.071462989271309
21 -3.4266988614162295
22 27.921670181842025
23 -55.3717443833404
24 45.112029501269646
25 -35.7664374806038
26 55.22176215312569
27 -45.31297511584126
28 40.345323575375296
29 -47.22892066120939
30 7.609308445141798
31 -31.11846876843349
32 57.24922236890917
33 -79.2635103537671
34 65.22869455055296
35 -24.988430564379513
36 -16.366341434326237
37 44.684255040851944
38 -97.56128916809821
39 74.4194023866936
40 -109.81506846159189
41 20.794942031571033
42 -51.846523319037885
43 -0.1357458713359794
44 -22.454819361061645
45 1.890004828929211
46 25.474116353443147
47 1.5892330287029028
48 35.48840823685268
49 16.236341800539478
50 32.80618387540159
51 18.47918000781557
52 8.2091981501791
53 28.62307749021299
54 22.615549204942823
55 -3.189951377565573
56 38.20679085253683
57 13.673318220620947
58 38.550390113045815
59 -43.66291815662809
60 17.755826747632124
61 -28.713685546129902
62 4.593767514492135
63 -17.62496019062049
64 -7.029537238671704
65 7.013468888547653
66 28.605428196603953
67 -4.949988079083204
68 38.23072036256871
69 -27.335368609031192
70 40.24696822628828
71 -12.255954940552142
72 -24.91193621655638
73 42.32612578834745
74 -101.38655151940837
75 104.67531743937316
76 -108.13524327375266
77 55.07337036190801
78 -52.968455041673096
79 1.2520415223244203
80 -2.8308046012041674
81 -40.30138065813268
82 33.95896800710422
83 -50.896648702364516
84 2.266136449314384
85 -33.04998237631451
86 5.205110457554874
87 -24.934880525539718
88 -11.315097030634881
89 1.123241267323879
90 34.83348238095577
91 -19.21790566812511
92 0.4381832560591779
93 3.7834370533779325
94 -25.420266966493802
95 18.29335301128198
96 10.382461951665888
97 -26.093613295065705
98 9.949032473962134
99 8.923730366672231
100 -17.3930448685014
101 43.240656187230435
102 12.966381600259608
103 34.71070853534378
104 50.141025392461046
105 5.248130713043509
106 68.04165916307785
107 -20.938727106292163
108 22.61922520638671
109 7.389196126589156
110 -31.82759224165377
111 15.212683280662949
112 -49.33202346248906
113 -12.438446171055014
114 -10.924639446956014
115 -19.858859502625386
116 -22.27250556468054
117 -10.338537123596485
118 -13.759615374716242
119 29.213638653024493
120 -40.24031901608805
121 44.78798573379836
122 -27.0796597708052
123 28.11770604361016
124 -10.174032742283257
125 8.799447830937899
126 -0.5364829191808356
127 0.0
