0 0.0
1 -4.995315973012573
2 10.413854793589081
3 -19.659889700039304
4 -1.079867173427292
5 -24.925850553590237
6 -8.89072910126245
7 -43.64398543986944
8 -25.652576342838383
9 -34.930967903806994
10 -3.0115543352362852
11 -40.36760092853698
12 -0.2764939950791021
13 -7.413463802935398
14 1.577322166210422
15 38.26198304746733
16 -21.92923053096727
17 69.47919957380518
18 -67.83269754922549
19 43.27709641098364
20 -68.04953096369789
21 17.573578500538414
22 -71.66052026102093
23 39.079642367359796
24 -43.1417563895705
25 39.90588320808799
26 -33.53374425140301
27 31.663166505415454
28 -22.91688752026037
29 11.664808873571772
30 -16.95440809479263
31 5.779285517519499
32 15.102722127675563
33 -85.95197480791761
34 84.65009670774555
35 -73.34758407404632
36 31.543849124776916
37 -8.860862099772412
38 -7.850524830622364
39 36.45611560030431
40 -15.42235918942332
41 31.095646267566437
42 -13.803735485437185
43 23.601131871889734
44 8.756472876645859
45 12.10121256352066
46 13.392524536613548
47 8.198252016174392
48 40.775524834020935
49 -33.23204197477364
50 41.26032996850366
51 -79.32125754320286
52 9.43469059482784
53 -59.106192328175226
54 19.11780293932866
55 -42.03596860346183
56 -1.0515358414505616
57 -14.73047613932774
58 -23.77035294673025
59 38.94693730456954
60 -34.80506338293873
61 5.792359105648432
62 -10.635582067225744
63 52.4272417957955
64 5.657518884622157
65 34.30948594982112
66 26.202104574459987
67 0.3330937614849014
68 23.702896612207166
69 -54.23355852975453
70 2.036050036544469
71 12.409765226915454
72 -9.8126727981063
73 12.80672620060152
74 1.0798424655085035
75 14.577612262403186
76 -39.806414023289705
77 101.4078954457734
78 -47.90983577351544
79 50.84746318166883
80 22.60301175165149
81 -35.58145765727967
82 62.414452209499984
83 -56.079858039821815
84 87.30745253065699
85 -4.453193843847516
86 59.585161193498486
87 10.647085801552947
88 -7.639432009734533
89 -1.3213980414699573
90 5.491112474094765
91 -6.434942845114298
92 8.501241361910328
93 -9.786187326575437
94 -22.72264535309764
95 -1.237743009013247
96 7.042514171706018
97 25.725529169852916
98 17.176075878332984
99 47.10154523322058
100 -50.56234195932544
101 51.88442633101762
102 -60.66978284920648
103 31.36287525402726
104 -47.48239812091962
105 52.53701294987696
106 -71.17211249776368
107 22.43739849890864
108 -29.88044166652261
109 -5.555486139074763
110 -26.484805195793633
111 -53.61258725635734
112 50.35790842328237
113 -78.93738917322229
114 33.273690615107654
115 -50.03105174654604
116 29.338615396381982
117 -52.1233461661779
118 18.114801328471145
119 6.867377718008895
120 -0.629412986824604
121 37.66651838720709
122 -22.383213391706448
123 24.456188808308465
124 -16.48085323437376
125 12.062662883793378
126 -0.8434375268098276
127 0.0
