0 0.0
1 -3.45122224760804
2 7.386556839743955
3 -13.233363782320346
4 -1.8810129433110063
5 -18.409008571906917
6 -26.71114961245562
7 -34.716937935540464
8 -7.190276319379358
9 -91.12976159291115
10 8.211139071893253
11 -54.685218948711096
12 -56.57124825650546
13 3.977782751816924
14 -31.187167642330778
15 -13.113908362720382
16 14.31921310460915
17 -21.836877592825303
18 2.541849522360552
19 -27.666530875590976
20 9.771567523205517
21 -26.25176452782491
22 1.8105471809296534
23 39.42826650637939
24 -45.72772429645966
25 60.83321123397538
26 -17.216181457655296
27 23.686153413868965
28 49.80612618857798
29 -47.64376059581839
30 36.000645966544155
31 17.098743212039867
32 -12.412967765827025
33 25.336473168852184
34 -66.78460574896198
35 -24.6517009950868
36 -51.51242522910385
37 -13.494769346274616
38 -11.035259571940873
39 -43.67253072802627
40 17.42005447530845
41 -40.24606653633008
42 34.72301771245481
43 -4.179694471105491
44 -13.043551592203078
45 9.520191140386968
46 -19.36490776250535
47 31.012435236113472
48 -87.84774570615534
49 66.7497962322875
50 -84.6729553552182
51 32.0910345260086
52 20.828347961692053
53 -27.516262737136902
54 9.907553122576523
55 -27.767816730172655
56 -33.582949696020485
57 -33.503805879284066
58 0.0469273311404406
59 15.868196522262078
60 -8.119501076741415
61 23.72499990143559
62 -14.329762314160213
63 38.516150537370066
64 10.105846003354483
65 4.387434609351211
66 61.15939115716617
67 -18.8531721331231
68 55.22741664953706
69 -46.575727561283976
70 33.21225677949823
71 -32.06896172348597
72 55.19663002925677
73 -23.42910288098348
74 23.939114321009157
75 33.294229151640465
76 26.977874860940073
77 25.78887468854609
78 11.944890689664298
79 17.907317760478314
80 5.773550465304926
81 54.50630946647787
82 -32.144765618582156
83 -4.017652045301485
84 0.11080042214733536
85 -13.1925844945797
86 -38.1257067566574
87 24.38494981530105
88 -14.767241877793865
89 17.64660224002932
90 4.90866994269728
91 42.14781765021806
92 4.378736335024659
93 -5.448936869321631
94 14.578558584482492
95 -21.177144352841918
96 -18.248158296393438
97 -38.25339122719041
98 -23.247612671205037
99 -16.52176169681175
100 8.108924418670064
101 -25.376726274469814
102 -8.466196094460377
103 -53.77203366647411
104 -4.722481592529839
105 -42.933895367880275
106 -19.351475773761088
107 -83.47968273595869
108 -8.700709098540647
109 3.0608572105668457
110 -90.50031375695222
111 38.1584315966041
112 -39.42187354264119
113 43.218380309917066
114 6.2921777658492095
115 44.714370695867615
116 -48.0260485791955
117 113.63257674317553
118 -28.932643516848955
119 24.415833238207643
120 24.720575730098325
121 63.88491817921744
122 1.9676047164867765
123 17.721266853104794
124 8.179440877161877
125 8.428238891763002
126 1.4101426161730053
127 0.0
