0 0.0
1 -2.948764094939039
2 4.214462384978075
3 -6.042695803835883
4 -5.001932421318528
5 -19.547035321374455
6 -24.691115045463913
7 -60.822406096995465
8 -37.74027016586082
9 -47.73885431936184
10 -39.09576856379468
11 -39.37107417707672
12 -23.04126293731526
13 -68.48594928570719
14 -6.3115848194752
15 -5.812672694000035
16 -37.39521325166354
17 21.018408198783504
18 -21.366854844809325
19 -17.477303494652944
20 -15.687280331284379
21 35.85711206504158
22 -69.46677976647065
23 -1.2088031158062722
24 -21.012315509948046
25 -42.523814974550376
26 -28.416947064362404
27 -10.445547836256692
28 -44.992129543792174
29 33.73094404926351
30 27.986318342466895
31 -37.59413674610721
32 62.95230669815487
33 -21.97102060815652
34 56.94170730377854
35 20.95510554077354
36 26.05604469037344
37 42.36364460532671
38 47.71717652414011
39 37.844609041927605
40 -18.980192448933963
41 31.58029284396637
42 -19.129220459382797
43 2.334246062120274
44 26.6204277798752
45 -7.222583048878673
46 -7.794665783656247
47 -11.751130578714946
48 3.435581168749891
49 -0.3316587377452633
50 1.6784991450722084
51 -40.90909867221636
52 -9.538762104174113
53 -18.608841259118442
54 -32.127902631858355
55 45.14008653475289
56 -53.22799132644471
57 28.485810108458242
58 -31.38083605849476
59 9.691492967480727
60 -31.34752467291379
61 2.43902380896796
62 -24.036812814792995
63 -14.93873739927463
64 21.468901270430823
65 -32.06602416782391
66 11.013188825949682
67 -32.138273257764695
68 26.047561439681665
69 -13.37417047468488
70 -5.902235758818414
71 3.3563601589242746
72 -4.450338073864438
73 35.37645421800585
74 17.02876864458295
75 13.889111085479682
76 -4.112495127333889
77 2.590465701038032
78 12.427133795988452
79 -5.380689199064891
80 0.18856876322894428
81 7.76411449357591
82 26.752611521489758
83 43.12290876689343
84 -39.64727703419206
85 50.554338231786346
86 -12.061447482313573
87 -8.61054948016676
88 56.59163366634
89 -35.11333906127575
90 -0.8509796033092598
91 38.28365732923943
92 -47.06172439159654
93 49.941220291974226
94 -15.69672426832396
95 33.81011010126561
96 12.82813939940197
97 -0.13666248331308725
98 43.82440485475953
99 -31.035725095625246
100 22.670515759234974
101 -22.191522299848188
102 -24.367783651663164
103 -45.79194503268951
104 9.237306486344217
105 -32.95609329016271
106 11.734725318753624
107 5.52664898789783
108 -0.5859539437635816
109 -35.136844293537756
110 44.00761432153475
111 -55.195475352090405
112 44.962978026749965
113 -13.209436848479797
114 -7.2152320892105495
115 54.69690403448382
116 -51.99569346987514
117 39.738331466302036
118 6.8604970792485025
119 -1.388262822169996
120 2.143345438795739
121 29.359463649583144
122 -20.510069674431154
123 33.87969615944536
124 -7.863637883384507
125 12.016819862479252
126 0.43897803697873483
127 0.0
