0 0.0
1 -3.474537001839163
2 4.8742442299322715
3 -6.719574353465663
4 1.3997051897645
5 -26.99409292768433
6 29.320854565294095
7 -114.2742519165366
8 45.61751736935245
9 -112.18721051799957
10 -55.57386835268992
11 3.2131769641107057
12 -51.028717160206924
13 22.025921658833116
14 -49.861185190034384
15 6.7129597561899725
16 -1.470357412540279
17 1.2663335906143491
18 -7.72675811232896
19 -10.506474545653901
20 29.4277569921763
21 -9.337135583222768
22 -28.62891100854083
23 3.8037065861015624
24 58.86759339559153
25 -64.62960680435292
26 78.92627817818895
27 -14.982391650509427
28 14.86670154423081
29 10.483011265109953
30 26.434787685023394
31 0.5985028660495545
32 18.516448426273787
33 -0.6305110351305384
34 21.174711909421035
35 -28.41540833865867
36 22.03824136040714
37 -9.146132645834468
38 -15.183577598400014
39 12.312927948553439
40 -14.150057773713673
41 84.62867683298019
42 -73.85517656916386
43 85.07712280093182
44 -49.07028336815842
45 37.43895926784235
46 -37.0592260340608
47 -14.374987659256972
48 -12.821430385488883
49 4.350900473283613
50 -57.603528938754195
51 36.10079254059037
52 -55.10245218850268
53 7.310696342902824
54 22.019046958397112
55 -50.78185119792571
56 54.570285341289214
57 -22.289271877284854
58 34.2605755179283
59 -48.013310813432454
60 42.31838192360548
61 -38.372697199267556
62 -11.157294236409305
63 6.3117870396263225
64 -0.6964500999088044
65 -7.091510989714163
66 6.814311630773699
67 -7.181962615508298
68 11.68762988950566
69 -31.951826897463352
70 -26.42885922936773
71 -10.321835684994992
72 -42.57813505358844
73 28.641725842998184
74 -20.64401228395574
75 -19.190450646194236
76 10.526346283511746
77 -15.503074605042269
78 -20.61734503603731
79 40.48441861810075
80 7.36667631451492
81 74.47339406196625
82 8.550467767745273
83 28.929636746879414
84 32.87100259057476
85 -9.680475960538192
86 30.896546219184653
87 -27.66791972232768
88 26.570341674767636
89 17.465791958076686
90 23.115277400349395
91 -35.10687338716369
92 77.41990382193507
93 -55.21344262356075
94 37.64354573551026
95 -24.40028365143044
96 32.288293190393
97 -12.9073909723506
98 -27.813725482582026
99 53.77601626072199
100 -61.7661812309745
101 68.80194342260138
102 -89.58942775897906
103 15.815444058395856
104 -2.4741234508892225
105 5.541698145999853
106 -5.951583455648236
107 -11.401150609129592
108 -43.56552247245204
109 -37.9462996879874
110 -69.08516389554677
111 3.5200153250155424
112 -35.695243349173026
113 12.071673763729866
114 -15.783494450797251
115 -26.38058735636382
116 38.46748646059226
117 -12.741905927672065
118 35.019695685682976
119 -24.437556281379646
120 40.406954347486895
121 27.023952338247007
122 -24.835283106731946
123 51.750756012719556
124 -20.742334734126146
125 20.08990952739079
126 -1.2538234830847157
127 0.0
