0 0.0
1 -5.652646578783306
2 11.574034842654665
3 -28.309290927016654
4 2.78507909307761
5 -42.44415089636945
6 -9.592777646305569
7 -81.45297564170131
8 4.704977625860301
9 -97.26338616470468
10 -20.70048994100392
11 -46.640881168417216
12 -23.930976854406993
13 15.713192483683708
14 -61.4249416805008
15 55.37933026871036
16 -41.80713432082941
17 -1.4570972499404808
18 -41.262965910727345
19 48.464031245971505
20 -51.26580789279765
21 6.830546990054949
22 39.287880834815574
23 -22.029046256673617
24 6.785406297457649
25 45.222164088970224
26 -43.16989961959768
27 103.40188826419623
28 -52.10114237953989
29 74.58470899626289
30 -23.879878123262518
31 26.971343150566764
32 28.658127938385203
33 -15.94482186556686
34 57.24778681272251
35 -8.553997637170761
36 16.17222288187179
37 3.871637451969773
38 40.31679838311073
39 -18.37261231062509
40 40.11254264012217
41 -21.926740078066803
42 2.993746029474022
43 -16.331155323307282
44 -3.034715260231898
45 -35.96338585567246
46 -17.906622500665208
47 -8.64731100793694
48 -15.72306991197719
49 -36.61225699221091
50 14.793860864504543
51 -56.91610340292112
52 10.209177537434089
53 -33.97774899208584
54 -45.98020068429742
55 49.85067639668414
56 -61.10579512730489
57 4.24526785947007
58 27.779587648479303
59 -22.58730552563633
60 -4.5628012226850565
61 30.301350321709233
62 -47.86098483158838
63 30.390045308095512
64 -20.618874040866718
65 33.93006665110985
66 -15.961833701749583
67 -15.123086076160492
68 -22.447589081763095
69 -37.64325369226148
70 -12.20019477403461
71 -35.87998554058654
72 18.076064024540177
73 -16.337396638572333
74 29.75600633821748
75 15.074823405567084
76 -2.7831469434182576
77 33.42750420622915
78 9.887447262912419
79 -24.92484152294967
80 6.904183923727227
81 -7.510018504180842
82 11.042270908648193
83 -30.4200339632316
84 58.07956000704249
85 32.94552648901887
86 -5.958853158992422
87 78.38889592308212
88 -16.729177603848754
89 14.362155071513932
90 4.953801109374479
91 9.183583933037701
92 17.924453259944517
93 2.7404683605146722
94 16.617841191425867
95 3.997405177947633
96 29.486673760235785
97 -20.306365923690663
98 4.628929934095685
99 -14.292519055724
100 -6.437458222497827
101 -9.138858875672188
102 -35.93658403677184
103 37.225061307652446
104 -44.99256929711379
105 8.840600680485062
106 19.8714512411337
107 -36.78355558525903
108 13.870522437387203
109 -45.05447113750196
110 28.85263906626516
111 -30.812213148887086
112 8.548465062843668
113 -16.779402915776792
114 -15.718728599666603
115 6.834780633517665
116 -52.676474817040905
117 86.67116452921961
118 -64.59023190856897
119 106.76557058484592
120 -41.89284698570173
121 81.20776905022142
122 -23.199088383857497
123 38.83016576360971
124 -5.190902241208445
125 9.36511313163376
126 1.3172367903328732
127 0.0
