0 0.0
1 -2.931136729898811
2 12.83501822558196
3 -12.81539168018401
4 9.765371498587287
5 -33.943063566753324
6 15.289161786855876
7 -73.83239168291476
8 14.89410547159862
9 -51.864050710156185
10 21.521102651187757
11 -2.851897253529413
12 -12.225849759608208
13 -2.8223212483923366
14 -22.20458429647691
15 -34.13433523506767
16 -5.158501511680245
17 -53.95441611132583
18 49.2205648088764
19 -17.1912403402364
20 4.300478608115909
21 29.223596674823792
22 -49.72067684970658
23 90.98441610862513
24 -70.2992351841756
25 130.1961596970679
26 -37.28864745096734
27 72.83527880387473
28 -10.07698038994546
29 8.802547839030998
30 -19.31657854501142
31 3.0740775392466317
32 -4.070716676027148
33 -61.785740957897794
34 -7.98855806521019
35 -70.87488950348933
36 -6.0745353994649465
37 -56.729299203511275
38 -29.58938156453087
39 -25.67662884376312
40 17.588415736831244
41 -25.43564615702149
42 21.38151814904308
43 -22.316120996825685
44 50.62513391266198
45 -54.554544750644695
46 109.11304895235851
47 -74.51189618436192
48 18.824508805735586
49 -12.692640852660192
50 -19.253564428843468
51 16.71216860981302
52 -30.276717931985075
53 36.21075514750273
54 -22.667825970380957
55 46.58439683945643
56 7.036276316112167
57 46.96024705690823
58 -47.59289906789906
59 80.48883286729932
60 -65.98800740998038
61 68.27541892032137
62 -42.28408275339442
63 41.25560034876031
64 -43.165531196158916
65 9.209082424375982
66 -29.79278282936469
67 -13.02443059619307
68 16.053238609829187
69 3.593626303402967
70 -23.172300988420393
71 -30.757476526503314
72 62.67370843821802
73 -25.08973732582148
74 47.87611082020354
75 -95.6495419757429
76 0.9049422296275704
77 -30.4860675306516
78 -42.52240185784002
79 -11.58611106247204
80 22.63395305215991
81 -72.98992583188208
82 33.88960672155806
83 -65.92445588783224
84 -12.35201390841285
85 13.356313178727033
86 -38.89899145194937
87 69.56612420803579
88 -39.7293119538857
89 58.31463791310111
90 -18.80666499714147
91 38.360431003436986
92 50.546016085858284
93 60.72902077356343
94 3.087814047463102
95 99.24474650771617
96 -12.031506192744004
97 28.967175735833386
98 14.26851688893004
99 12.95844321883898
100 50.626234244352744
101 -4.588779810903769
102 46.00778057981303
103 -47.12802768575482
104 -10.209457723355232
105 -16.0077628598976
106 -15.790641696735454
107 -33.387688295418684
108 3.540443120958008
109 -72.26684642583707
110 53.35335488050934
111 -148.8759941734489
112 49.688229764201154
113 -119.98882550005693
114 -33.53244926413643
115 15.860519354300472
116 -92.310927657015
117 44.203087025115344
118 -49.86402874450562
119 48.43564050845444
120 -46.98389287787548
121 52.40669354452114
122 -36.07732880304587
123 48.585739692002036
124 -13.071157076052788
125 13.662726707335104
126 0.012498474942753876
127 0.0
