0 0.0
1 -4.355106321775907
2 14.708421341397251
3 -32.49337310097926
4 17.080949087093096
5 -37.58292600187995
6 -31.658858590378305
7 7.673083732468679
8 -58.01560627379744
9 -16.146297853183263
10 -79.1129363717623
11 -27.114841081326656
12 -63.22957076817265
13 -57.331946569378836
14 -28.609509100044654
15 -43.07424862635944
16 -54.86823106841206
17 24.863150750091283
18 -65.32147421500534
19 26.414042303161274
20 -7.60143359889132
21 21.496174544960645
22 33.48792297315619
23 31.436098115736602
24 47.526345008504286
25 35.376447757943744
26 -7.324656284762358
27 111.2254986825719
28 -33.55397456227538
29 59.75654489555098
30 -13.33292827170625
31 9.320354061909654
32 15.366838008248507
33 -20.861345112276833
34 27.683851281475523
35 15.757306183331014
36 -23.36036863217973
37 33.696085518644274
38 -12.7486973405297
39 2.146330214758861
40 -6.701842969417029
41 -9.242294576644023
42 -2.2392990925588605
43 -9.236490999688472
44 -20.286695565844926
45 -8.705107960690658
46 24.178518197160024
47 -36.948544734455105
48 19.247517488452626
49 -51.14117767641957
50 24.954391045664092
51 -48.1924249234862
52 21.742483372352694
53 -24.914797271059566
54 20.785471892155424
55 37.44891755737408
56 -7.559332910764833
57 32.07303283416615
58 -60.913599821449075
59 42.02846861727645
60 -25.806908096438793
61 -6.763713594651621
62 34.52935944418366
63 -42.83489405873977
64 51.72409106265445
65 -83.12146061344879
66 38.01107649546517
67 -68.10761832953871
68 8.678269144755205
69 -31.798667441489595
70 -5.788489923833445
71 -30.09299332135012
72 -63.66672872527077
73 12.494409974249736
74 -51.4937690157029
75 33.15360687074845
76 -16.79780024587033
77 -20.064023187834
78 -22.407911336625556
79 19.044822727024084
80 -17.956815028303797
81 14.53922501450697
82 43.05774539557033
83 -1.0857600655035038
84 30.26243589463447
85 57.79096680846336
86 0.04479297060348438
87 60.626760108825
88 -32.3589712009286
89 40.65762185925913
90 -74.82476564657082
91 15.991230462841045
92 -90.18402538220391
93 -11.34006261383589
94 -20.495257285863058
95 -32.63981024871147
96 -4.944474492000899
97 4.202377598798634
98 34.946966094734776
99 35.38384005358566
100 43.54082995118047
101 -63.23266261624754
102 65.59075228052941
103 -74.80505025992858
104 28.934598125416414
105 -74.39954672559261
106 24.366387144169245
107 -30.25340346258042
108 -39.916659468690604
109 -6.038909897083425
110 -59.98389032489946
111 -10.298138467690263
112 -4.513902520581143
113 43.179667699748194
114 -42.98662425657247
115 88.52814576977383
116 -34.38608103218684
117 79.89296716474861
118 -31.586422494017366
119 49.46851576355301
120 -3.439009113570201
121 32.16336359382315
122 15.634660507557106
123 30.82381202265556
124 10.139326853186878
125 8.19729974242775
126 1.8625472984611966
127 0.0
