0 0.0
1 -5.2022121198791496
2 16.15509475672934
3 -15.208251361920802
4 0.600255071161089
5 1.7842161051825671
6 -39.627640608811255
7 -15.542977170658952
8 -6.372244320327747
9 -43.44400868362705
10 -31.728198633112672
11 6.836381108798
12 -51.10758164496591
13 35.033117283399456
14 -58.89021052262333
15 -29.650358589741362
16 2.395001334625754
17 -29.651872482899595
18 -5.265895674889065
19 -18.597956691205294
20 -47.142022725155
21 -18.549523886196333
22 -51.20690617215605
23 23.724391900038647
24 -54.6469452206295
25 20.397466945510125
26 -33.638208272934406
27 -33.197513391172144
28 -37.74663805229906
29 12.529204332246158
30 -23.095842192600124
31 -26.79768728467004
32 56.322496000094205
33 -72.21749652919613
34 115.52259109702416
35 -88.17377182360548
36 56.339744254536015
37 -28.736326808220294
38 20.70032905969934
39 23.902190363175418
40 -28.90019100728824
41 55.19935432211989
42 -31.01998104473128
43 34.80094304860478
44 -39.922214296827434
45 29.949261745924694
46 -11.388828135114425
47 4.757425688023618
48 -9.24720972346883
49 49.07995962275478
50 -40.57985262846277
51 61.09042674223247
52 -21.42425910155235
53 21.686985809500413
54 -11.232391169689864
55 -21.686328459804272
56 23.56715277896231
57 -24.26754509378446
58 -1.4390927538784524
59 -0.21861551967732534
60 27.704977712006055
61 -9.732551697527793
62 37.11457041136824
63 47.52422268153312
64 22.675031814947715
65 33.056463643073144
66 11.25891225038928
67 7.486192534557882
68 31.95812347959226
69 -17.982900279447527
70 22.65091591977219
71 -50.28036981139379
72 20.910954364722162
73 -33.234923326186156
74 -11.560400659174654
75 -62.69730955632762
76 1.4119218576371897
77 -22.824556842594294
78 -66.6196423170194
79 34.334319988143825
80 -67.38875438236455
81 62.94327437194632
82 -53.84720470758536
83 8.896096863232295
84 1.653812077136709
85 -11.375307254688929
86 8.231466692970853
87 -14.434375467260317
88 15.566180127339914
89 -34.96964152742124
90 23.637786936641053
91 -3.2720290360400655
92 13.879830854188285
93 0.8821320606731442
94 56.085573954525735
95 -38.67453915581564
96 77.45708404090456
97 -26.232493211705066
98 0.6368047689593386
99 61.03431529894124
100 -46.6092715238324
101 64.721193654908
102 -12.6044587634413
103 25.437108082877547
104 5.930222055178282
105 10.450151422224035
106 -23.065474464321937
107 45.962317973427034
108 8.388345999634025
109 33.32250054924677
110 -48.00772376603293
111 38.18023410191387
112 -53.39768396104795
113 -16.341813568227348
114 -13.743132278972173
115 -37.322284505447165
116 -16.100493130829562
117 -3.4306572662656816
118 -8.645675108938791
119 25.683089774138747
120 -20.321720873213092
121 23.932072027355893
122 -0.8067442604114021
123 16.31047245435968
124 -2.7781553840391675
125 11.663702240705259
126 0.45936781165689955
127 0.0
