0 0.0
1 -4.506261941117374
2 17.854250340697657
3 -32.75535356891469
4 26.40590986007271
5 -59.39280966128649
6 27.37154745875216
7 -75.27997796434391
8 -5.454497988232407
9 -61.32278563523716
10 -85.2291362910625
11 26.140766660103527
12 -87.55648630021541
13 -6.617496837804716
14 -80.46941625761731
15 15.07234217293581
16 -46.48828420060106
17 49.23183793144422
18 -33.27633776282225
19 44.08720820243087
20 -15.105896767937471
21 8.925562943732059
22 20.432806989556163
23 -18.17223944780614
24 -21.037769444045566
25 -27.329027424583533
26 10.019108821649102
27 -32.7653045364936
28 -4.113151208414072
29 13.73591703018865
30 -21.236913732977037
31 7.864056260929346
32 32.95028794914863
33 8.652012170549472
34 7.605419363510756
35 45.24501195216988
36 -34.83095448634458
37 45.43564575646956
38 3.897191570960331
39 24.066227325172036
40 14.113265394610961
41 -15.937857516851555
42 18.270339987022393
43 7.665248411908558
44 -6.5329321067510575
45 -9.910493861979116
46 -4.547637805915799
47 0.5433476965191201
48 25.608014572729118
49 -0.9773825742632573
50 -1.2636479015043431
51 3.8909102962032844
52 -9.968401853905537
53 -34.33118261600827
54 -15.062761939916305
55 19.269655572878566
56 -20.451333464803245
57 -12.446412743135122
58 18.072078933842395
59 -24.672884513864755
60 45.261275099891044
61 -33.417668255031636
62 35.86348071034266
63 -29.426195348752238
64 -13.351897401559713
65 59.29012443563305
66 -25.688026256606
67 62.37499693710516
68 -9.52903044601446
69 -2.460133130934332
70 15.390951121763067
71 -49.07797757374383
72 20.760101944989213
73 -51.94031440298451
74 -9.319820819306022
75 -20.117165232845416
76 -24.969563820475038
77 34.9554976864234
78 -79.54050857741565
79 39.44219121836083
80 -6.732493199644557
81 -24.815977868565955
82 44.05309508315743
83 -32.902630033041504
84 -17.935699160138753
85 8.975636457225283
86 -8.322395627602331
87 -32.315905899301185
88 35.783181456331135
89 -11.477722738607893
90 16.588576319515518
91 19.000168684769882
92 -11.68753994873956
93 47.55370834068596
94 -23.266057242790342
95 -33.436979552611355
96 -24.42809458337388
97 -23.015382678094085
98 -32.81870451761212
99 -11.546547410627337
100 -11.842004805982759
101 3.9636341331966025
102 4.053225783990188
103 13.84843629992789
104 4.0800191397643415
105 -20.551005336617056
106 36.67571355335038
107 -45.95992013560416
108 44.59426906592804
109 17.958263520509078
110 21.52868384590001
111 34.33515775664451
112 -28.71978691151601
113 16.821360796115133
114 -24.269200284210466
115 27.317414034184942
116 -44.2680351663881
117 27.712103938226427
118 -52.15379159520687
119 43.26087878218205
120 -27.982974779946794
121 60.11734030490915
122 -17.823331315678917
123 39.607406029659714
124 0.06321376542892627
125 12.221930651154949
126 0.3773347727700898
127 0.0
