0 0.0
1 -4.601736301713177
2 10.277669727190077
3 -17.624936236058502
4 -4.775444123587077
5 -1.343990131113168
6 -47.382866347328736
7 8.21190596237454
8 -52.03199076805215
9 25.5860964582137
10 -22.44778611832392
11 -26.813569371410257
12 -26.086665980154844
13 -33.088734704290495
14 -13.877923711545376
15 -42.59819711543571
16 -31.460671655463234
17 -16.783482502747255
18 -50.67808484439312
19 -13.806825066527523
20 -14.07525699369266
21 -33.185507569788065
22 -4.032595722013803
23 -4.368175559943697
24 10.148985540710784
25 21.361672629563028
26 17.94924797020775
27 17.55874483202815
28 12.048055155296224
29 21.80448470359419
30 -13.701908370489377
31 37.4997815272134
32 -15.850236754538484
33 34.555329315288475
34 1.4791947399659204
35 16.65829525610468
36 -32.77633562982838
37 32.024986326005084
38 -13.376488220816439
39 2.866461347379846
40 16.399497985074625
41 11.939289998539033
42 1.179683001659484
43 -22.660556124616136
44 16.70994074468825
45 -59.71769144668672
46 -16.898980611715302
47 -27.085591016559032
48 3.3511928797479213
49 -23.127600538601655
50 -25.274325075620002
51 -16.30073226415857
52 -14.234286375936232
53 -11.352086971935433
54 18.417157567193403
55 -18.54260018074776
56 20.9600559672307
57 11.961930309362307
58 -28.074030270020938
59 82.12225207010735
60 -54.348840502242844
61 60.09052352318712
62 1.1659692534673634
63 -24.90818113617709
64 79.55381121076657
65 -43.00270862933308
66 38.81963304279611
67 -32.45070506312324
68 26.114372050856332
69 -16.52831982128646
70 5.994884333296346
71 7.10008075787714
72 -27.484572115322187
73 52.574898192831235
74 -74.0357646137816
75 24.604049738680192
76 15.173207484022246
77 -46.16988128343025
78 50.81481694111388
79 -35.98042072498599
80 21.065042099138015
81 -44.85884931710946
82 29.559269712658562
83 -74.4712366946143
84 12.590108577442804
85 -21.18165080492087
86 -46.53330249310272
87 19.909549493115648
88 -45.524859343295624
89 34.21087970841755
90 -20.197911252788863
91 11.37146483575084
92 -28.80117443173337
93 60.69233206584874
94 -19.557812499760878
95 64.2134488334107
96 18.06923437694766
97 25.339713709774518
98 22.659694691069184
99 -16.578717063354617
100 46.64061082359754
101 -29.154749146738745
102 18.24826992889003
103 -14.004264778309981
104 2.473606649317667
105 -31.93897296809177
106 -16.63394017953373
107 7.535059250289027
108 -75.26708362593762
109 27.45245508157041
110 -12.42040949419781
111 7.2745492838675565
112 -19.015803961594976
113 19.12191633083547
114 -28.81466269951144
115 45.696907062550565
116 6.847276389477007
117 20.17694670927941
118 93.62821529205755
119 -17.1414267699963
120 21.323522456348847
121 35.62875886889438
122 7.260375950304656
123 27.405791365733016
124 -6.357808320029512
125 9.471148297467504
126 0.09464581534841408
127 0.0
