0 0.0
1 -5.028967369046014
2 16.091632900516558
3 -13.859348723466134
4 -0.5978525214323472
5 -14.653375976858555
6 17.05525948127752
7 2.5073593415104822
8 -39.14528361389841
9 8.959684516093597
10 -36.94021601576066
11 -24.49306054813842
12 -21.240795320971067
13 -56.44840066304929
14 -18.692121986032888
15 -41.470772710050035
16 -66.0825807151556
17 46.94130532977231
18 -91.99474275023097
19 6.4524497511855445
20 -32.004884889750535
21 24.51267237689438
22 -46.05160357901412
23 -0.1905737795279362
24 -22.950900664036567
25 11.224765338096502
26 14.76033881892664
27 -17.96116992323269
28 57.187985377442295
29 -40.24537634376054
30 21.916893519205825
31 -31.68330227046686
32 33.95915315019207
33 -31.308403329872196
34 42.81705755101513
35 32.02818709352321
36 1.4296909991201923
37 58.91023638830264
38 1.7602603893826143
39 39.541844546989516
40 37.16329653218222
41 18.53384520091622
42 48.08694310162788
43 52.6944398510273
44 23.874578176123585
45 29.668025694149012
46 -30.4749430133253
47 62.71456550025236
48 -65.30927634552752
49 7.512586206053888
50 -2.0080338017586072
51 -98.86480458652171
52 37.63137954727483
53 -73.09670042314312
54 2.150669060376356
55 -16.69197233316969
56 -53.3816815101537
57 1.2866246557964505
58 -30.589473912138725
59 -32.3686969405476
60 -10.270395778771809
61 -15.791711526887118
62 7.976638271374981
63 -9.07581851868781
64 23.969436179593192
65 -21.411468723139066
66 36.61639122103919
67 -24.345425276332083
68 41.58649415170641
69 6.765411916453454
70 -34.32121013445107
71 -2.7616203704098155
72 -50.75928909219911
73 16.771395136098274
74 -77.72725131579512
75 64.55315370871911
76 -44.372536202682234
77 23.305328056971657
78 -11.07780205238875
79 13.783081661920654
80 2.0547197156024612
81 -22.58217516730599
82 -7.371218549345765
83 6.071475997769073
84 -20.221037060188223
85 16.846524197410407
86 -4.417187801098737
87 -21.255936127119877
88 -7.443819497731546
89 -51.86674196932307
90 29.47342058905533
91 -43.88884082001542
92 18.705038881544837
93 -29.347746636142126
94 0.2663132955701672
95 -24.873998652911467
96 24.10704637866388
97 -9.227264529551157
98 22.693740539273907
99 -17.56424401735439
100 34.43739539925107
101 -8.64054661435485
102 -27.810830225798902
103 -10.942117978467426
104 8.806102264783533
105 29.796374951775547
106 -35.36855953268464
107 35.566993713755274
108 11.941155783418278
109 -6.309348628632231
110 -10.808569205418706
111 3.5372927175223348
112 -17.319311422123302
113 7.203849872308331
114 21.049889045983186
115 -8.95442849809065
116 43.183678928441736
117 29.35038225022782
118 -24.123637650751043
119 60.82422151469898
120 -34.01314710570035
121 36.480275570485816
122 -34.285329794694945
123 29.10962612711683
124 -12.98109491934635
125 12.568116078068186
126 0.04683333588078813
127 0.0
