0 0.0
1 -4.842739992086047
2 12.422209602302988
3 -19.144468638736402
4 2.6621948656558336
5 -21.694808123267546
6 -9.358038057320053
7 -23.760605846292652
8 -11.421605464719109
9 21.187663393388558
10 -64.06717455863752
11 1.8902916987135274
12 -65.61447688838437
13 -34.79990667700836
14 -4.162257903651886
15 -65.1053500407625
16 -30.515081453052485
17 -8.479664823435483
18 -56.33897642371909
19 -34.060616425218264
20 -1.0814891318292494
21 -52.562050662740795
22 24.860631508289245
23 -33.65523927580281
24 10.19360743227887
25 36.70182425635915
26 -13.270512067517775
27 20.3553841149221
28 21.145740934299397
29 14.241742596751356
30 20.388442957609048
31 34.06566738010219
32 41.74515040460266
33 -11.56845392967849
34 62.735263018602794
35 -13.135960540975155
36 16.541020158877654
37 36.229195271459766
38 -30.940021715201944
39 19.52557762014095
40 -16.877724525852223
41 -21.969332070508056
42 -20.496498945215535
43 26.71140893259889
44 -47.78177660544803
45 -20.898792804441076
46 -2.111140099175044
47 -24.542705874978164
48 -4.5604131140235955
49 -27.808151557234552
50 10.955092318141983
51 -28.060917719250995
52 -0.5891993789304373
53 -39.346259713723626
54 11.289320285085413
55 -28.50429749434047
56 -7.323809178869752
57 -27.523282886391048
58 -14.85167332700061
59 61.030541070796524
60 -18.152152576713178
61 56.58737940337887
62 9.516043772692957
63 13.208214380746849
64 21.55512742887632
65 12.986213008051834
66 9.061028222518491
67 31.95704515674001
68 2.251491198876843
69 9.394117888594733
70 13.995518007803788
71 36.25640574633726
72 -28.521611561489486
73 57.141227573418305
74 -77.48655726882299
75 37.01785533932233
76 -10.061748925283503
77 -13.987386787699194
78 -1.0432878219995794
79 -1.7432061382162285
80 -8.714732814848222
81 -20.501362135346298
82 11.875750904093406
83 4.670213255984828
84 -3.9833282281020703
85 -25.346803764962885
86 34.313074189593635
87 -65.73682157455207
88 39.50386683556572
89 -69.62939936735411
90 39.22935691193523
91 -40.177311843294014
92 7.070215411876092
93 -38.906570761345385
94 -19.26023791119004
95 -25.192584558143434
96 0.038415840330941184
97 1.6734492307513051
98 -36.022762752778796
99 34.56690989034196
100 -11.84086399235194
101 4.504103772790445
102 68.299432863843
103 -16.28037877267149
104 45.010963405694355
105 -7.594905946083389
106 3.345366506025409
107 36.4157941731982
108 -35.2799500219644
109 28.236105421810823
110 -38.09486939398767
111 53.96355919692423
112 -85.89757744700997
113 68.0563387602441
114 -93.204584315731
115 7.582734453912705
116 -29.0421850965573
117 -4.362230555476541
118 48.02208909727047
119 -57.48217207034337
120 73.044217786676
121 15.896016804736634
122 -4.018287365361755
123 50.99030301620279
124 -17.338672303864826
125 19.12113361267376
126 -1.0722389844514932
127 0.0
