0 0.0
1 -4.428304696557782
2 12.72655047438511
3 -18.54715788631438
4 22.074710782929195
5 -51.041181230881996
6 30.936216059848395
7 -57.13069990074485
8 12.262071785286507
9 -28.120134813587608
10 -15.676661465914448
11 7.834876068086237
12 -69.64901817512421
13 82.70628992032164
14 -97.7758108031134
15 96.51577413207235
16 -51.830259903081505
17 37.8274635091869
18 -75.6223515941119
19 16.394747331714424
20 -92.2945671861221
21 -29.03470352369202
22 -37.850463507775345
23 -13.036861080284536
24 -22.189122940814944
25 -22.979524172486062
26 9.284868910776458
27 -37.72037072576578
28 3.7881238031877236
29 -13.76161170601922
30 16.145306654868655
31 -22.502697159543278
32 23.065810516528398
33 -37.853596415148594
34 83.77370264604602
35 -37.3768949901036
36 45.04282674597391
37 0.13976504917281055
38 -10.608794158775925
39 92.21928773185793
40 -26.91502227881513
41 86.32525190774884
42 -45.494092077154235
43 48.281677930988515
44 -17.137560799281793
45 -27.10549412910015
46 53.85187418569491
47 -35.01650575175639
48 17.05467420949159
49 -19.698039482458658
50 30.640295743294654
51 -14.136675647862841
52 40.68100200469516
53 -20.93404195005483
54 14.825678920593093
55 22.589495025861698
56 -66.97319900804479
57 29.259495719113467
58 -29.158173001984697
59 -15.591556913292544
60 28.1938675622132
61 -24.71369089049802
62 3.8906306203662346
63 18.098380420960805
64 -41.69470869095246
65 43.19783617155535
66 -8.01230203433232
67 2.7757040295972075
68 74.62137680765962
69 -29.31478251474939
70 62.49944389401741
71 9.813564004065958
72 15.537543723641406
73 7.905782115124929
74 -19.517241180718948
75 37.17513780693674
76 -37.064896509304276
77 47.55780734342637
78 -39.35155158488726
79 34.30866144710519
80 -17.05738164800245
81 -17.445130388519832
82 -11.631557070551448
83 -59.899877152653566
84 7.350729777660192
85 -87.09639888141517
86 58.012145102973705
87 -61.16106091920928
88 11.55048443832077
89 -26.08282028749757
90 -2.8190380290894788
91 12.524144789554668
92 -2.5811210024358093
93 51.19790967336416
94 -30.593436733126463
95 86.3636951342383
96 -23.282594749084073
97 63.11924731022558
98 -37.00997184900821
99 20.216852736689898
100 -17.436116871703874
101 12.866270351651401
102 -24.26543167322761
103 -17.489626243409756
104 24.518091384238936
105 -56.458172416499295
106 19.98884769631373
107 -59.18723525834398
108 -40.02517247573098
109 -25.746880843979802
110 -12.862087976713612
111 -53.24545082214783
112 41.38711404915767
113 -41.43508560199892
114 -33.89205997979572
115 20.831242677194624
116 -5.028284830076173
117 11.520112321956617
118 -9.481725447841022
119 49.23176675758146
120 -7.049720196553758
121 46.9377022232771
122 -17.125841488667614
123 34.96701051759866
124 -13.641136105368615
125 11.060005342957142
126 -0.2915808388414792
127 0.0
