0 0.0
1 -5.51411432149024
2 14.991743424078518
3 -21.518148130680476
4 22.90126754147858
5 -51.461170990483815
6 56.04453352463856
7 -43.11688781577994
8 9.9445850857885
9 21.62825631925498
10 -48.102869255108835
11 45.77404779224143
12 -65.41712392807601
13 28.884666201262945
14 -66.36832990275992
15 -9.866982594990125
16 15.25479084974153
17 -46.05402510547337
18 15.485433183644027
19 -21.582870723908627
20 9.377154170882617
21 19.39659107077939
22 -37.51139095389211
23 12.53225503573108
24 -12.596364231276235
25 14.16454007242712
26 -40.02600975218899
27 7.801861968040717
28 -8.017490627186858
29 -21.863372569808593
30 -36.365455091287444
31 15.355137271021976
32 -44.11703853047156
33 -19.173262199794227
34 -44.619976659995565
35 -43.69606875817002
36 -35.072633780018954
37 -39.98112958326879
38 -23.087731089203924
39 -14.480484541426588
40 -12.7078406132089
41 -74.28753876651953
42 -4.98928491137058
43 -17.421064108356653
44 0.8861609414359055
45 9.23532480354359
46 -32.82493775697761
47 95.70966641825198
48 -19.43936118099753
49 108.94008828750081
50 26.498143480481712
51 37.95431177491319
52 47.09172040148647
53 29.85090358216971
54 -9.030726388698302
55 39.856415029203546
56 18.59998891128834
57 6.622756426761081
58 23.47020406689177
59 -16.989861816650546
60 25.56204522171795
61 -27.077743652193327
62 -5.592709948322338
63 -17.55374504098342
64 26.724535192414212
65 -38.535423830577884
66 39.96954183022145
67 -13.220851361097278
68 16.228652332235214
69 -1.3919931278357836
70 3.691338764279389
71 -17.336476090057456
72 -37.252162835774286
73 -30.849095464860206
74 -27.672767120735504
75 -46.285440574991085
76 -5.53451657959456
77 -55.0236773135439
78 14.121812511596499
79 -43.068461332081185
80 -31.607628416459466
81 10.9015198946049
82 -43.050708316397674
83 46.62160772455936
84 -81.2754077041619
85 69.38877848938981
86 -87.53501845470566
87 27.717649567964397
88 -9.86302987553805
89 1.4624010891758148
90 60.49785230184244
91 -11.705643219545886
92 42.341064474193104
93 -13.320537381956244
94 1.625986050862014
95 -33.911498137521725
96 64.2790840061726
97 -30.44345791683894
98 43.30874490262185
99 -37.49354196634069
100 50.133070866160864
101 -21.39205251893092
102 22.505991689945564
103 -0.3029261593245836
104 11.047621424261692
105 -30.57658269239377
106 30.26180305478461
107 -23.374592744598647
108 13.61838289425137
109 -0.2267307300884035
110 3.337190078292073
111 12.669498818005803
112 -29.256972210710984
113 6.900246844002671
114 -50.748949037024296
115 85.71200534067829
116 -68.19693089706536
117 58.6926588972171
118 -31.257579843618565
119 53.46161266782672
120 -60.94460645545276
121 71.21401617662825
122 -38.96929770053662
123 37.00931886289318
124 -6.935237542079214
125 14.86588808825342
126 0.7460902468311621
127 0.0
