0 0.0
1 -3.4950790206069087
2 3.456214264953069
3 -21.40627043186974
4 -1.319921891146116
5 -32.99478744223088
6 -9.97322875429422
7 -36.85370699602198
8 32.42948481416429
9 -23.749428681209547
10 -4.916339562472665
11 21.24072199079281
12 -24.604544020614842
13 2.64646602112787
14 -17.61792467661454
15 -14.938109178170913
16 -21.774942028719835
17 34.116292203748614
18 -87.59433675026884
19 65.48686466809971
20 -69.3056564506111
21 38.377116838335006
22 -22.12542111524091
23 -12.60396014738717
24 36.135824498825826
25 -30.056602256200208
26 25.2666760736145
27 4.605323376383732
28 10.447332439933396
29 4.975088723536575
30 37.985250980465814
31 -56.33538607541182
32 67.98003994529914
33 -18.682456023031236
34 24.36055196603462
35 10.455763593069388
36 44.8639286150264
37 -55.70808137884582
38 65.12994664748358
39 7.737980302036103
40 -9.392438579070182
41 13.236317999088358
42 11.327956524479188
43 -29.715514660406956
44 -2.3519775509689893
45 -15.570049243802266
46 -39.84444857495423
47 -47.36390711596853
48 -45.5386306054114
49 -50.24457817350987
50 -44.39269385685044
51 -16.010607921811992
52 -7.712765416733061
53 32.93140358176656
54 -45.87502014125126
55 55.99241561480494
56 -16.682037667246743
57 18.148809672105234
58 -12.294364307395977
59 -1.9088798484290637
60 11.593245823456796
61 -2.4796921201782465
62 24.44639177812336
63 21.17248179530978
64 10.09535469336363
65 -9.001467482144465
66 -2.433024486940026
67 6.05364665865491
68 -35.26657550124683
69 65.6376963576442
70 -31.417016969889303
71 69.45797263222735
72 22.73160899332522
73 12.470851058396097
74 33.0858565303835
75 -8.863001560300097
76 14.287604098706211
77 -33.08470907205292
78 -1.641093908443914
79 7.363079319883432
80 -45.72265503589205
81 -9.372099307920324
82 -0.4869368219086714
83 -27.15046834103747
84 17.382296616779083
85 4.538470452790074
86 -3.9183114837759905
87 24.547426464154302
88 17.64659309949264
89 -12.562645052997363
90 54.321112744758146
91 -94.58458183568766
92 67.44893331008376
93 -25.29331632084026
94 15.670669517559478
95 33.05353787065222
96 -8.81880474844599
97 38.67957993874945
98 26.79517696486479
99 16.492327059058027
100 29.502046891843747
101 21.09747807497152
102 31.568023710957647
103 38.07386794969958
104 -10.658055610095346
105 33.98660584188511
106 -27.859913201755667
107 58.99433693155233
108 -63.85810369587945
109 13.713407810937026
110 -22.087471247249926
111 -28.533138787834027
112 18.782871231871596
113 -44.700308745983314
114 -6.4175929392429065
115 24.19221514270731
116 -11.480691347137252
117 -22.424252678269156
118 -23.420872144056883
119 10.767950153839084
120 -32.33873029676027
121 1.4373223429845856
122 -0.5053710500394798
123 11.058058141825748
124 -5.132695952259385
125 11.685818282734704
126 -1.7764991720188787
127 0.0
