0 0.0
1 -4.506815792202637
2 8.998439909957318
3 -21.48015839857264
4 7.920830551524665
5 -13.716805218291505
6 -2.404568853394099
7 2.879633561854489
8 21.011378309878708
9 -18.752037960629316
10 34.14423773691053
11 -18.04241353956442
12 -4.841382304382963
13 12.483065775597751
14 -14.755349903955503
15 17.627646446970203
16 -8.472399563637708
17 58.901806773830494
18 1.2619918945970037
19 28.716909272607783
20 29.242158363961423
21 3.8817091900460445
22 30.127547005043137
23 37.62581043760488
24 -26.67951767489597
25 28.012473904377536
26 -0.3216440235025872
27 -16.474356874096685
28 32.198320410180806
29 -61.150173957854996
30 43.12853404873404
31 -58.08573539863595
32 2.5341195917893424
33 37.60135830062293
34 -21.25130795416787
35 5.347440483427375
36 -51.42525000214857
37 66.70700407312002
38 -81.00944144998121
39 9.434648023217322
40 -66.9818384113877
41 12.50802194561583
42 -50.233904119405054
43 23.408116911517112
44 -56.391441441973434
45 -11.660668677302116
46 13.657586875530255
47 -46.9527723578277
48 51.745999325024634
49 -74.18942719118094
50 72.48716901834317
51 -57.56914613315808
52 20.628483074363103
53 14.111740129482158
54 -66.59169234184861
55 -23.466311706421177
56 -27.192408874695584
57 -31.589014014138616
58 4.312193761097446
59 -24.437482900809286
60 -22.120294554079578
61 31.585022735001825
62 -19.540057020401477
63 26.878621931854696
64 20.58607095260558
65 -9.153905817593863
66 28.349121091982244
67 17.175921327289252
68 10.206421983259135
69 10.467620040759945
70 -18.219150999047223
71 -15.96975675184068
72 -3.412521652351697
73 4.879382715995954
74 -46.495658153526946
75 6.9492848678027475
76 -30.945577142360843
77 -31.521884713664814
78 -11.544879444190613
79 -69.72793449123219
80 37.41001806137863
81 -49.42291324120149
82 -4.709265459119618
83 6.295227527985404
84 60.92313717058494
85 -38.360612413145276
86 88.02596071468234
87 -50.88696903668344
88 24.686591808587984
89 6.231518977202913
90 -39.13102539383138
91 34.58132194371218
92 -31.34758126765851
93 48.07819359267855
94 6.115424391229387
95 43.48204419568192
96 -26.874767018572467
97 51.0830429072085
98 -26.514339672775836
99 48.11761924139469
100 -54.36657953922844
101 45.88016124934724
102 -38.87239315955964
103 46.69940508403977
104 -41.96432479498342
105 -8.579265109064853
106 26.217592630513913
107 -19.86351663173821
108 54.87074527685365
109 -19.028212724275324
110 105.26181904663676
111 -48.464237492764504
112 44.462811335792246
113 -54.18348214976314
114 27.065709639416276
115 -30.63595059942118
116 -18.4936770266891
117 -29.774744290112885
118 -65.38098170442069
119 42.66493369206238
120 -111.09178368813296
121 61.50490591116564
122 -40.487596833344355
123 31.69529503948265
124 -4.769913608075886
125 12.621544316469713
126 0.07587579518051611
127 0.0
