0 0.0
1 -3.735009439479534
2 9.513998343358098
3 -15.57453867538989
4 -3.9373274162213128
5 -14.419053094473005
6 -19.94311048249186
7 -48.24743564396613
8 -20.47452323045414
9 -45.41678253077131
10 -27.648526755057418
11 -30.11906854008922
12 -0.6677878110516217
13 -29.143031755016384
14 28.20451975767577
15 6.085630490434664
16 -38.396790923819495
17 50.829462114650504
18 -54.845931660032676
19 2.958173413303307
20 -14.855567061106758
21 24.83033989201902
22 -14.669163543922721
23 28.654513708045855
24 -11.679324749093047
25 0.3667293774914878
26 -3.4052422684644217
27 -40.60050395015085
28 -4.185794413409425
29 -4.314258097879539
30 -50.212080575796904
31 28.01619925587183
32 -46.378500164523246
33 -31.016584684724435
34 15.540999311530319
35 -56.83379231744402
36 13.386223123238159
37 -69.87250177472919
38 38.00481122871946
39 -71.25986934309931
40 6.109950967929918
41 -13.352827917507028
42 -27.524724693207293
43 46.921712343271956
44 -72.27024390135676
45 44.825248942832665
46 -22.52468029997413
47 6.561148038693612
48 -64.40371370822143
49 75.400532657319
50 -84.81705973651303
51 40.52742982349113
52 -10.466561231953092
53 56.723275017902616
54 -10.29131934577768
55 30.72338800122659
56 36.568942620088414
57 34.10749875726241
58 72.57743524502003
59 39.06213331601974
60 72.59741399407719
61 -7.686928084702608
62 -16.105404445201906
63 -30.442488268138025
64 7.912370505515103
65 -86.606488537212
66 36.279795619786036
67 -89.33983195253465
68 17.585965117676736
69 -69.88900226799419
70 -9.554809989726936
71 -34.97667522441472
72 6.147528274157068
73 10.474273182156086
74 -5.496742746442604
75 24.345295204877136
76 37.46588376452427
77 -9.47328733653122
78 35.18643733311677
79 6.415746721758539
80 9.964392498677036
81 25.97850225310329
82 14.59881825983644
83 0.9052457865181958
84 -12.055077008021831
85 35.13178157547191
86 -86.87799339693946
87 75.81786713496511
88 -68.8138136176953
89 38.32126887461233
90 -19.951981558265892
91 -32.701500804730955
92 -16.62515819341437
93 -13.822570713234377
94 -8.970815861584478
95 -18.169186520795485
96 27.10613638134582
97 -16.353153888107798
98 51.26155142666217
99 -38.503930649527256
100 52.58880140439902
101 -9.034228590475955
102 28.44705072855397
103 31.865924903579547
104 -60.44858171519102
105 84.21424156379763
106 -98.75739626052248
107 82.03738461357645
108 -91.71241060001196
109 77.78204483546307
110 -29.92423560657103
111 0.20496679272901366
112 43.36657455772654
113 -50.387143127407576
114 74.92384912921317
115 -65.65797817328746
116 59.54002788688654
117 -34.31345881071262
118 55.96543474620436
119 -15.402494126132591
120 27.991016983472623
121 37.89668528237861
122 -6.407066516417699
123 28.703783636049963
124 -7.388371512708072
125 11.088654323534735
126 0.040212506497601316
127 0.0
