0 0.0
1 -3.452200015427074
2 7.373397330417948
3 -6.896838267567405
4 -23.489683239908906
5 8.697685242449117
6 -21.256388088465965
7 -12.438628180629896
8 -24.03098827612709
9 -12.335465297283251
10 -33.76243445783979
11 -3.291372846579523
12 -18.043382550683077
13 -50.84293663535682
14 11.826119902313328
15 -58.59422017520721
16 6.031467567726056
17 -24.323360595086633
18 -0.7210601454296316
19 -49.20190590768006
20 16.224945326623256
21 -7.334294373913143
22 -45.56746631557625
23 23.137660765819927
24 -37.18341730433804
25 49.46261999744913
26 -72.56875200718137
27 55.64619228295532
28 -44.39363339520156
29 6.199786252257711
30 1.4671514180654937
31 -28.418760352855255
32 72.40068255479208
33 -30.841272518733934
34 57.394571492274096
35 -41.964451201027735
36 40.90813409472097
37 -16.60473352899425
38 -17.279180184704703
39 31.891150066939275
40 -18.52555580261843
41 27.15372037451393
42 -44.048819938531814
43 13.342890277278109
44 -15.589079392213089
45 -21.21868883148799
46 -7.22855426759061
47 30.518314795154893
48 -43.59030829630619
49 34.14695944129766
50 -52.9247491222389
51 12.90737021069013
52 9.481853136584961
53 -0.9699731495104099
54 -5.273659102212298
55 46.48507668071482
56 -29.732414880066596
57 35.037667314118536
58 -2.056184208988629
59 -40.25247053799095
60 46.93860120501323
61 -56.10410246360517
62 26.497980511894333
63 -73.26713601666685
64 5.839125322319839
65 -10.657212951920393
66 26.918637982559822
67 -15.635097113353499
68 -1.0638203832875546
69 -13.988417192976737
70 -33.61617837515906
71 -3.9889088098664374
72 -12.993071918167287
73 -18.84513877128309
74 9.99798388833402
75 6.663285142637524
76 45.880429168624694
77 0.39245270930934956
78 18.26629324233815
79 4.664491830766981
80 26.75744050860186
81 -8.66705976918488
82 -9.087279846659062
83 45.06523806844921
84 -113.21186101891195
85 123.93401761451797
86 -82.69362531719048
87 9.93435546881574
88 66.61668509173153
89 -60.19353886038384
90 -0.043101631313337274
91 8.787025975425093
92 -28.45281847394486
93 -33.669443270497794
94 50.80562812843927
95 -72.8522749577866
96 76.8287779293196
97 -74.79756720020113
98 90.24198797052199
99 -62.1502262338793
100 7.090108052968537
101 63.57967934424946
102 -45.00310643465709
103 66.76093027332332
104 -48.76678065037388
105 64.64495983002327
106 -13.945725621376349
107 33.28741425287553
108 25.484038720865136
109 -22.009506125873795
110 7.180180240353984
111 10.41927951690487
112 -17.162329672837515
113 -16.231004038950747
114 -6.562280627536589
115 6.250444481907918
116 -30.227577722895898
117 1.3855751786140154
118 -29.432578869369696
119 10.891262697228328
120 0.330265184946509
121 5.802264128916939
122 -10.74271847909196
123 28.706177685559915
124 0.9674157424036741
125 9.542744975855676
126 1.8909592879925068
127 0.0
