0 0.0
1 -6.051728882242484
2 15.221222728224943
3 -31.79097049897672
4 5.14850142071652
5 -14.601686571892568
6 -20.444778180517
7 -6.91932105354003
8 3.4021422947120152
9 -9.581777170394274
10 3.9832159716351927
11 23.211087075380924
12 -2.4269965443063137
13 53.38353758708243
14 -58.725911802681345
15 22.193208137158408
16 -18.036484881511157
17 42.63851710895469
18 16.768366483582323
19 -8.69395256389682
20 3.3224226851356615
21 43.12864342873262
22 -11.295206135560093
23 7.759767955970145
24 -23.988063418301017
25 -6.1064128992346625
26 -24.34224353245087
27 -3.5513528338877727
28 1.8786606982795204
29 -25.776407857836816
30 38.97375862895938
31 -19.59574965167164
32 12.348004964923051
33 18.384941212378042
34 -28.370612898558583
35 10.948151416763723
36 4.055962581721423
37 -26.062806837873428
38 19.937300863868078
39 32.33096150698708
40 -67.06080559929636
41 58.295197724077724
42 -52.675818598310826
43 -36.6805682108255
44 18.28218898508454
45 -55.99632424549333
46 17.24979846279762
47 -16.618856520329537
48 34.32470156769465
49 -23.323090584703923
50 12.836975339691396
51 -28.904474358938852
52 -3.1002761477483247
53 -21.648082243568908
54 -56.27365054993074
55 38.09684494264076
56 -101.89946928306479
57 25.781720024510584
58 30.66695450034654
59 -50.88455974449849
60 52.516163985627685
61 -41.566897194767826
62 2.7595952306057017
63 1.3175729132154932
64 -19.47109191184113
65 12.174620249864569
66 41.40048918376196
67 -52.427720007698774
68 53.20683620763525
69 9.174248863232906
70 -42.02280982007594
71 69.87665819206566
72 -50.73150548855063
73 32.09956139392971
74 -3.1085615978313905
75 -20.597172668410295
76 31.898545420456767
77 -21.036853918438187
78 37.75287169337575
79 -16.895951624908694
80 26.80647863637036
81 25.815220770668017
82 0.4180349608070469
83 23.109084961325745
84 -20.93554708753793
85 -6.208108358064191
86 20.737697953057438
87 -5.675860188828716
88 29.19913641437719
89 -2.006157242803738
90 36.44460558644587
91 10.271996664851734
92 -42.575234962491976
93 12.986640019613782
94 -42.76364453101224
95 17.683068383925068
96 4.782842623190584
97 -49.66077785909946
98 -3.086921537773865
99 -29.91495863417987
100 -19.102235799621024
101 -14.047608016554888
102 -49.944128619534375
103 -43.98398865008494
104 -25.544688626257184
105 -24.63672370758397
106 -8.406146129881526
107 -51.46325126711701
108 7.6088433228013495
109 2.894401776736823
110 -52.10195908092051
111 20.84847025513332
112 -18.110796672661287
113 20.422951456351083
114 -1.051046891713025
115 16.76791011327895
116 -6.621289433710002
117 27.848360452131733
118 -7.444714760408163
119 66.92863949116438
120 -5.085119214384351
121 56.700695881038165
122 -4.341401153705534
123 34.44623957629805
124 -9.632509808596115
125 14.794853700702024
126 -0.09345447108693633
127 0.0
