0 0.0
1 -3.6236262001963477
2 14.07601703798816
3 -13.999437008117841
4 16.07327959658447
5 -38.39931853217534
6 13.727004697960766
7 -25.84702352748123
8 3.180945276793349
9 0.68936188972813
10 -18.574804915607714
11 -20.614738736806817
12 -22.297485268527794
13 4.932986854188017
14 -63.423465163188524
15 10.65284334964353
16 -106.7678596926827
17 7.997229027029319
18 -62.92445294494584
19 -27.589993586252056
20 -27.08071746387835
21 -11.33164198318874
22 -26.793823598600294
23 -17.15021971601602
24 -3.956193997192742
25 -10.273536645642777
26 -20.146259227048247
27 -18.42000087058175
28 25.791988362788995
29 -5.212351599755444
30 31.138761302266108
31 -11.325645500113717
32 -6.605951439626838
33 -9.870487100787086
34 -7.417095951067785
35 0.5087963960456198
36 -37.729669146124806
37 19.936009706381533
38 -18.232874252219734
39 -64.18242136919055
40 36.01782912252874
41 -50.45731079389772
42 16.253169254782158
43 5.730959052953258
44 21.058003945617997
45 68.60208577250738
46 37.39291221555008
47 13.441421830123037
48 26.799341862231735
49 -3.3903934825722692
50 -10.760983607585976
51 -28.277708350408506
52 4.86413505883444
53 -2.0010394368090565
54 -22.352825477060364
55 12.37887461426927
56 0.271935725468914
57 32.11374544602934
58 28.74674917450113
59 10.900739918657315
60 30.786635173187147
61 29.30025913472898
62 1.1412279886637775
63 12.047808861816941
64 -36.613904773581986
65 28.882326404249113
66 -19.413627386172475
67 30.258705160550683
68 -27.958157041055212
69 3.856530741119836
70 -0.09713858280320121
71 -50.09941717528511
72 -11.352717633901635
73 -13.221970288553834
74 -63.82465134627165
75 38.52365633794816
76 -30.872856015738357
77 -31.960218841332576
78 34.87842986499783
79 -17.11188116590841
80 -17.47300201043124
81 4.171079125462621
82 2.0977318623207597
83 3.7840873359558396
84 47.078520688306085
85 14.199664774208742
86 24.611989031438
87 52.441513812849074
88 8.396075314830458
89 -14.489477796478322
90 55.62221990591497
91 -17.23518164848746
92 29.83497816603357
93 6.04979783635451
94 -29.93524496236617
95 -38.79239062130439
96 -21.18699964748059
97 -33.401981026224455
98 -45.31637938525471
99 -25.334421917298606
100 -47.540340932748556
101 23.58767797571797
102 -8.818155207174426
103 3.976620893687516
104 46.85988544154903
105 -42.01888322558713
106 22.636780611303685
107 -6.925732578326529
108 -4.876921124369099
109 -0.49824702849136676
110 -3.840916064262172
111 14.164380086645913
112 -16.21555731001448
113 -34.170865549175865
114 -0.5276882899396386
115 -20.00058751996059
116 -42.93848584860146
117 42.424286552395756
118 -45.3335105001907
119 56.351099230903195
120 -28.440989353121946
121 57.638410528990775
122 -18.15778992235324
123 29.46834686225363
124 -5.8900757347720925
125 13.988166449063854
126 0.7721463092717745
127 0.0
