0 0.0
1 -4.029377201437932
2 8.795734414474945
3 -19.92580784939903
4 -0.4954145099161374
5 -33.25419929998928
6 -26.0418132249081
7 -13.655786405382724
8 -17.634256806020986
9 -5.610266803112263
10 -18.792266381930773
11 12.364816943409595
12 -36.334730714453606
13 -18.83011966912874
14 -8.590557328115416
15 -47.29147337871613
16 2.176362182177709
17 -31.460091288602214
18 -17.329378405657675
19 24.58429781998455
20 -34.009205350397245
21 47.883078517882254
22 -32.45114603462807
23 27.11774559143557
24 26.25830190041133
25 -5.79228740720826
26 43.00013881943859
27 -28.501079774107428
28 -5.1292104096244815
29 -1.7256393189204726
30 -11.56427117584729
31 -3.8045149910080065
32 20.157916358539143
33 6.045265864951807
34 6.565679875936666
35 5.094701340365554
36 6.701440225542222
37 -18.987596956625907
38 20.304688659017344
39 -19.17758872702177
40 -7.936579310956351
41 0.10326138081678982
42 9.413439409013307
43 -0.22375321181234664
44 -4.381532304327533
45 -14.703987249334888
46 -21.463554113592583
47 17.526576781621394
48 -12.294154791150556
49 -6.173600678334826
50 19.12946334128762
51 -13.622307601770757
52 41.612683486621314
53 -33.48058317278188
54 67.7961604104138
55 -7.802376591946842
56 9.610157317190051
57 61.98518950785019
58 1.7294725241160458
59 45.51355635400294
60 -6.365635810926416
61 3.6954911703253748
62 -27.082364559189692
63 46.258313732218866
64 1.507762389861752
65 -10.92555555141991
66 57.32849464656233
67 -9.519335058370803
68 2.5127821060657745
69 37.45713862210683
70 -0.24021883458138088
71 -5.282249986585128
72 13.083914562071342
73 0.056780778207374885
74 5.8150990216189875
75 43.852159485804755
76 -20.13674128241246
77 -3.1542819704337512
78 0.6853922572077056
79 -0.9612796328059976
80 -12.112221575430151
81 -35.45632034057259
82 7.244140252010327
83 -40.590867537241806
84 7.594050590788877
85 -66.82264083685637
86 12.611971967167106
87 13.66084949628786
88 -41.233692724685696
89 36.31931033629706
90 -36.613205606510874
91 9.508778893968262
92 21.325146832337097
93 -41.60484214029074
94 20.907110559825078
95 11.539473647834724
96 -10.657085830205158
97 -23.160738779380097
98 4.154047310952687
99 -62.66854653396832
100 -57.20286350680888
101 -7.418210935355453
102 -48.39376039438637
103 3.3307020096604205
104 -59.61905581660887
105 34.76212336331401
106 -59.89494412490613
107 -11.419849265318753
108 57.055264801857085
109 -62.46715039195481
110 47.49405666712617
111 -46.24851799012747
112 9.00611343195373
113 -13.319425860502312
114 37.70621269549753
115 -9.82316144855484
116 -9.187895615657299
117 88.20324032430892
118 -75.93434142746241
119 83.83619812609919
120 -23.021992812357453
121 60.38126659462646
122 -16.208929550863065
123 41.83222131918969
124 -11.397539165015043
125 10.757978919789075
126 -0.5346577289451623
127 0.0
