0 0.0
1 -4.556501675799181
2 9.972310482283985
3 -8.170022657393542
4 -7.101775228915805
5 -8.475651739702823
6 -27.722464622446445
7 4.2548186647739445
8 -30.48622458452794
9 32.93740168506491
10 -61.70148266192026
11 41.17612187101735
12 -9.673317017314965
13 -35.75169757662202
14 10.237370446154838
15 -23.02172895924218
16 -28.062008985897183
17 -11.870687251304988
18 -55.57451196098903
19 -15.735031342258116
20 19.775378431551406
21 -42.366094122810736
22 21.296619964068146
23 -35.84789848205485
24 43.06397534517868
25 -6.267771472945736
26 10.88708386360779
27 94.07313944055802
28 -32.77535371441908
29 72.41397793606203
30 13.63530206393522
31 -29.32212281467251
32 12.691181111961594
33 -42.19056448189933
34 18.177850160163164
35 -47.28079094418618
36 -25.688080523617064
37 15.332726063616436
38 -49.859079975736734
39 37.0887550679008
40 -46.85570115764874
41 -28.70222255255638
42 -9.825642367078336
43 -30.489426232625735
44 19.869807328732705
45 -67.48041789025208
46 10.747228105553827
47 -46.139087735337796
48 2.860659979621134
49 18.073516843677822
50 -19.824413370815577
51 52.16887234557897
52 -35.60481518859182
53 17.475776948209347
54 -19.25636346096388
55 0.9797968463961668
56 -13.814209346108349
57 6.346923273506271
58 -20.09163363025059
59 51.021488670680746
60 -36.43653219547153
61 8.742298181752863
62 10.805032231077531
63 -25.83682001549796
64 24.040377225503764
65 -55.42979593276873
66 10.876452916323064
67 -11.29759247400635
68 -18.30436716735894
69 -5.8158566625893355
70 40.91051505800486
71 -15.455787245256536
72 8.705759779705778
73 25.706678543809623
74 -6.092863362146013
75 39.70137279921037
76 -5.154712689671419
77 0.7452365907410297
78 -8.97547061947054
79 -24.696769489107133
80 17.87426495447914
81 -37.21375824449149
82 46.253084988877916
83 -29.26358202245093
84 38.0893232161252
85 -1.373355183138016
86 17.857979826458443
87 10.879868986663745
88 2.9415464020742492
89 41.254718304245166
90 -48.49079987161
91 76.17553709379466
92 -78.9105487635253
93 57.80275722147483
94 -39.435892287796534
95 -41.75972997946584
96 34.99327042427173
97 -71.48513081034203
98 32.183526422238394
99 -29.01950768706447
100 8.90620352961765
101 -22.605623951169168
102 33.465680867122025
103 -27.133712473419884
104 2.984097645351678
105 -13.90764144427095
106 -4.97074233906069
107 -10.235987152820693
108 -53.749238642763785
109 81.09531027795974
110 -80.11573577401852
111 61.67604787072803
112 -23.911494850664276
113 25.209723361768976
114 -23.516928656903296
115 0.9617602819661967
116 -6.154547017509304
117 -13.490229439344418
118 -16.415331385903308
119 -4.401478552415249
120 11.95752821884302
121 9.183594101636837
122 5.156447851602456
123 21.624705188970903
124 0.7781749644940852
125 13.682881225236713
126 1.1685058766193601
127 0.0
