0 0.0
1 -5.932384200208396
2 18.136655527848593
3 -43.73354721301546
4 28.715454103648227
5 -28.247034178074568
6 -15.393508674556545
7 20.250427540097494
8 -43.559366157176534
9 -16.53633629481944
10 38.776288710348396
11 -57.53242335483382
12 48.24541674598449
13 -5.417965152291625
14 -1.8212025565340428
15 63.304826924611795
16 8.004490916479634
17 43.12300425507909
18 -29.199678365813707
19 35.60055889719873
20 -22.938546047551185
21 -37.33179761411373
22 12.997229824980662
23 -19.208453024794064
24 -47.112182603516516
25 -14.510784302074489
26 -34.97192091817663
27 8.636096242682617
28 -24.577271344582872
29 6.647880569338321
30 -7.073155476479434
31 14.287694096615418
32 -6.299950165869726
33 -32.297790805393824
34 31.97577955788419
35 -48.64900768920701
36 38.92620542965255
37 -28.509190710036613
38 13.557839114050063
39 -3.432064640177667
40 -63.4749275995171
41 30.550347846752256
42 -56.37190159012386
43 22.589988355210114
44 -45.482207014986336
45 55.538234942402276
46 -48.145657011074185
47 57.75459204690531
48 25.07500154322569
49 -21.22632901955618
50 42.380015907731305
51 -44.52774274515897
52 16.444916248229582
53 -32.225882756398455
54 7.076721984108891
55 -12.217652408797411
56 36.93525659430692
57 0.19467580118271596
58 -10.091225293435144
59 34.340358450963855
60 -9.777671596812324
61 29.688668706367906
62 -7.490031101398578
63 -39.8355118004782
64 61.046509409934465
65 -40.10022903099657
66 59.49965347756362
67 -23.268478622026393
68 11.537088941976648
69 -37.0825251856135
70 24.659767763706537
71 -26.83126361695611
72 -33.95730075549346
73 7.215729390863265
74 -76.37353653397986
75 53.42977072738054
76 -27.08677837460357
77 11.688658489548013
78 -0.6052829420911451
79 16.062744572127677
80 -27.57625698250715
81 17.609155773164794
82 3.833393711538992
83 -0.9073222708983433
84 -20.232343049756697
85 23.932686517585996
86 -38.71082443964807
87 27.751159558548377
88 -10.1704878664707
89 46.15919281958267
90 1.90862861189688
91 0.48584394551142784
92 38.174472926486786
93 -10.704777677451013
94 27.1569869482516
95 -41.43788851272404
96 50.05220531844293
97 -56.073076972257326
98 -11.173711031614507
99 -9.819612161134161
100 -63.83728617663432
101 -14.780138549084946
102 -43.94002276419109
103 -9.116088129687638
104 -12.913687331849173
105 -31.901290954081585
106 32.46130863607942
107 -12.71636718802892
108 0.5822647378830518
109 5.321526485332348
110 7.894756027287317
111 -22.856817933595597
112 35.6884882578527
113 -29.47942656629599
114 -0.8058565819517726
115 -5.113048699112122
116 -44.92080550953711
117 54.06705822067975
118 -74.3125817045466
119 61.229609995880864
120 -55.83144621223219
121 77.44418264378089
122 -37.8638986325936
123 56.419522504299266
124 -17.664911117082887
125 18.882188175006174
126 0.04331765327773057
127 0.0
