0 0.0
1 -4.654153237639851
2 13.930524193709203
3 -34.02163114409548
4 34.40269178741759
5 -56.721358995118294
6 34.37557762075685
7 -70.26046382020319
8 9.411276108940674
9 -66.01892683139224
10 -4.891468846326939
11 -41.94912994294933
12 -8.624395035384861
13 -4.462042227549271
14 -51.03905239742076
15 3.468841670616145
16 -19.432484320935526
17 -16.334871029848177
18 -85.4659813614932
19 78.83163454817213
20 -141.64734822325494
21 66.80570635697373
22 -64.52149401080877
23 57.50550320721682
24 -2.343939248858118
25 27.14988671752561
26 17.970331965184098
27 -24.680709060879835
28 66.37384176718936
29 -68.98018095802833
30 51.496183497686296
31 -31.14992048389088
32 18.202164742158836
33 -4.50432405133184
34 0.4380074117569187
35 11.416374451440339
36 -56.67619025385319
37 33.895489515951496
38 -2.6123170965527707
39 14.453086815572123
40 -17.994071938648975
41 42.949700219709385
42 -14.93617413427075
43 19.548340604405993
44 5.599306817241825
45 -6.682938102337222
46 -3.2338839726992985
47 -28.1446198675338
48 45.82162796213277
49 -33.7738700418102
50 35.275712471641796
51 -2.6602856911231965
52 12.478493236141636
53 0.861417001942412
54 -11.145763207737884
55 -15.68734223110719
56 -34.36517546592454
57 20.256448494203923
58 -49.50500111218151
59 -2.622221439823042
60 -45.23612844259602
61 8.076489822018189
62 13.021524232400594
63 -56.52855412695274
64 29.905092820716842
65 -73.38899178018438
66 5.660240174539195
67 -53.38886322648355
68 31.176803834072732
69 -47.1295201133662
70 -15.163091369615882
71 24.08409059420347
72 -60.45643999944116
73 44.283317509531464
74 -39.312789496393094
75 49.097688934926545
76 4.403005705310922
77 25.00181311492731
78 40.7903555984839
79 7.369013283085792
80 3.800976958789475
81 39.386208587000425
82 -8.525165676349625
83 27.960380493482802
84 11.161380916613652
85 4.984935716004306
86 38.488576111425544
87 5.300411503118583
88 16.119160737284748
89 -16.48342904463798
90 10.235383926825385
91 -3.1008914618927377
92 9.97668625819502
93 2.2824590659397836
94 35.53217100477865
95 -0.3191218930094342
96 -22.385656932304883
97 23.10125919298993
98 -36.398088752919804
99 -4.180795345187732
100 -54.453271684444054
101 -12.948184500195804
102 -10.979515852395512
103 -38.12895895839971
104 52.92402466748358
105 -59.47964838320409
106 52.73409767784825
107 -48.33901222629284
108 0.9906385912903155
109 -3.7864625350256205
110 3.0798734761853
111 19.299812609231843
112 16.045041817069297
113 13.115460218664042
114 -22.321534842818114
115 50.21615050729166
116 -44.901275112340656
117 94.01835962468655
118 -59.52934624997699
119 87.99613578387019
120 -29.725890083968164
121 59.5678135870293
122 -31.57070879385258
123 50.923349827432816
124 -14.669569494204213
125 11.653975169121564
126 -0.24137146306173787
127 0.0
