0 0.0
1 -4.396394055249168
2 9.163441733200868
3 -17.740824355905357
4 -2.546492797480937
5 -19.238522276557227
6 9.573623085679742
7 -19.012865821361288
8 5.57086782047773
9 -23.159828615128482
10 -1.1867947877702443
11 -38.3093279905784
12 32.230650623113945
13 -36.52523278761491
14 36.91862026764618
15 -14.866607666984232
16 -21.507639914276275
17 5.873068873334629
18 -17.701040736967308
19 10.019068171968874
20 31.37770224858081
21 -29.301298269063434
22 -9.20251030616362
23 71.95897653374186
24 -76.60352822285589
25 74.0802166329638
26 -61.040914133440666
27 98.07685160545418
28 -77.99065820916735
29 64.54532241417952
30 -46.834990175174305
31 37.836490777385706
32 1.005794555814629
33 -7.064416365535804
34 36.7829415542728
35 -41.48660446123838
36 37.25845056780037
37 -47.93839757548378
38 33.837756450892996
39 -10.237164372106497
40 48.84717253869481
41 -33.84828703031258
42 48.482799103717106
43 -47.89687146172128
44 -16.243534275130425
45 0.21879965860020847
46 -55.50527260243536
47 29.79138927339307
48 -48.31306810546849
49 10.139141765484375
50 -20.07276215977619
51 -15.420747511896744
52 -24.75537695200038
53 -42.525248560097786
54 17.370930460368648
55 -80.85446639866764
56 -0.39212826530908723
57 -3.6648657517514316
58 -29.336464465394226
59 -3.032852363635237
60 28.50289012880151
61 45.1126199090499
62 4.798084895144406
63 30.291088110384518
64 5.200271968022233
65 44.07318462782596
66 -15.286567026703354
67 28.77631649960945
68 -8.585410955333991
69 -16.572599052052436
70 19.848292864486194
71 -37.24192610551112
72 2.808756857332098
73 20.553788936503228
74 -4.59153255825004
75 -27.745245151073636
76 9.784149331083247
77 -33.476973911738945
78 30.676359884424357
79 -32.6181847465907
80 14.683794303474874
81 51.46900960199738
82 -41.64158086729458
83 100.89100961951777
84 2.7077094845641905
85 39.1749052042172
86 14.919479647861436
87 11.622247960341126
88 7.258513632421721
89 22.71875187908772
90 24.315511130484193
91 -49.65049948131335
92 81.51546707404196
93 -57.66161427666456
94 53.84012834579849
95 -37.44775761957179
96 -15.930728509419742
97 -8.042497954796417
98 -20.72165885805336
99 -27.13777743757541
100 17.811429454107518
101 -49.13674890538994
102 -18.934960120839182
103 1.0312524398130778
104 -111.68269959081266
105 32.605137261290245
106 -85.6150110537053
107 10.959809749956593
108 -63.86627088904313
109 -2.8929898903044378
110 -58.60678528117146
111 9.967340255701421
112 -30.150500741570234
113 -12.432157753576185
114 18.312523474805314
115 3.4571465191607693
116 -2.580325170644858
117 21.683662354359146
118 1.0462646372620938
119 -2.657264933862535
120 31.538091269124756
121 -6.482067954710275
122 15.337434557447857
123 25.139389176252426
124 -8.90079440592191
125 14.911619944975369
126 -0.696136447975426
127 0.0
