0 0.0
1 -6.187013193668974
2 17.823651060890437
3 -25.750253955546494
4 27.157278090956183
5 -51.018285392458935
6 25.42528040869656
7 -29.691050879641477
8 -37.78741715404227
9 29.42227971886945
10 -117.01540080937126
11 52.52101954232114
12 -45.56393737948634
13 -21.23555992246477
14 1.3822706765910275
15 -17.711143176332307
16 29.552736069803142
17 -8.646392785903801
18 -23.276078946310435
19 -5.961365603684363
20 -14.242320016209495
21 -18.217346874652662
22 -16.323114142603604
23 2.102954149067966
24 -16.783700558580865
25 -22.824240995069204
26 15.320885792265454
27 -27.43072135547736
28 22.81436468654158
29 1.7810267331801317
30 10.583725474701602
31 34.96922018359239
32 -7.51530752634684
33 22.382740801303175
34 -36.60179696253842
35 39.31376676461385
36 -53.97519276514732
37 73.9909660851572
38 -43.85934940233118
39 41.08815302031742
40 9.16142034441805
41 -52.09263590869773
42 22.014821804391286
43 -57.08472612288191
44 -20.499716181611042
45 31.17710293111486
46 -68.14451565790631
47 28.91378319216648
48 -10.01797947400497
49 -2.899479552193355
50 45.665022497128724
51 -29.91312124938725
52 37.850048062796674
53 -14.285758521367688
54 -7.487687858588011
55 1.7948542705681465
56 -0.5985927995998503
57 -15.088682382460407
58 8.949809931464653
59 -5.612919412472093
60 33.96000095524093
61 24.906906789484008
62 11.910119312683435
63 -2.1221767178639817
64 -12.481664756625824
65 -18.08843798637985
66 28.584321073232875
67 -14.309442193766102
68 -4.772888951533526
69 2.455324118028141
70 -47.274142268638506
71 -5.124183012833646
72 -10.537175188400058
73 -52.26885350728148
74 -16.088996603157675
75 -28.116079518610174
76 -44.99034691559643
77 -14.377171706117169
78 -18.40461985429794
79 -11.945757374811208
80 2.313099783910907
81 17.867335929630816
82 -19.22648121169819
83 40.12337173953471
84 14.259045354180698
85 22.555415038618772
86 37.369982773673875
87 5.86347674006201
88 60.65259151263105
89 19.056158317882964
90 -11.074285379738432
91 65.22552866240363
92 -21.69868776080902
93 41.771465213721264
94 -7.777007407614473
95 3.305153057042485
96 -9.317668087411056
97 -16.301910666317333
98 15.771003721629972
99 30.891377393995842
100 -22.371875873652762
101 -5.496141114585566
102 -15.752420499627252
103 -24.690296121047215
104 45.05883784775351
105 -97.2802242152578
106 46.416451671813455
107 -60.406197685495705
108 -6.637258341265729
109 -19.88781600676852
110 -2.1493198549122816
111 -3.0969984874275895
112 -46.97115087625075
113 -5.073463477831076
114 -46.80052955913839
115 28.5791360203436
116 -8.510765395770058
117 10.535109416057562
118 -9.46837372331068
119 34.055498941787775
120 -22.12554565098757
121 63.33330509050425
122 -56.188048721703304
123 57.94366264595564
124 -15.570600961362743
125 15.82397343398898
126 0.29031699544138795
127 0.0
