0 0.0
1 -4.153393854697077
2 10.370937757146594
3 -23.14409773180627
4 12.730967253293628
5 -45.361996128279564
6 -16.985762161412083
7 -67.27925272804552
8 -41.73394650229583
9 -70.53339978529127
10 6.533684241011959
11 -70.01055068287016
12 8.987773943956213
13 -40.70915500506345
14 -9.896022888501182
15 30.11442457791333
16 -25.26550738673688
17 38.15735817551209
18 -6.792960318671477
19 39.89715295431371
20 -5.937416869068814
21 34.14961519625293
22 36.124673761909726
23 -8.32054745725066
24 34.155590299348134
25 15.323483892304631
26 -10.362649463688934
27 56.89298198298458
28 -58.16504419381943
29 100.63063539179912
30 -39.57220597504403
31 66.45154580323226
32 10.335339332608395
33 5.223243781444919
34 23.41073424931798
35 -41.590338868594806
36 27.595041508254774
37 -37.562046898097265
38 17.927073940556237
39 -59.641766997241
40 18.040920467526895
41 -6.214521482924356
42 -37.98226151315828
43 11.075415113130529
44 -73.55688514647849
45 -25.98727902408186
46 -58.10128181183973
47 -16.16318700836906
48 -26.83422450501517
49 -26.0656790527604
50 11.399657404721061
51 3.217123203399374
52 25.46295181419116
53 9.982949001906414
54 14.706503958188634
55 -0.9288350748276076
56 49.123426760840076
57 -11.406652957221734
58 29.055381658658742
59 -21.383297676194594
60 27.655328326433285
61 -42.92672320673559
62 58.132578239606026
63 -25.861916007010205
64 -25.675174119832057
65 21.084481501379894
66 -67.23688437071023
67 24.12319549217532
68 -7.399001496787542
69 -25.91737809226677
70 25.464836054539788
71 -7.475372940958629
72 24.483882719701253
73 -2.6227143232389247
74 -6.016750584666777
75 50.358970804583244
76 -43.85515090302807
77 54.96764456405021
78 -58.499389836363854
79 26.372525831647785
80 -22.918706297998206
81 2.37971628767201
82 2.168429964300599
83 -32.92775659404671
84 -11.106952375709543
85 -38.62397739005034
86 -9.839289384313687
87 58.8771976098642
88 -69.48164059330787
89 56.59215688512318
90 -20.866398010504337
91 2.5884031810959875
92 47.652387391063385
93 -58.32734790514572
94 29.65364733146786
95 -45.88848203834687
96 45.60024716867788
97 -51.487073695423554
98 70.14693824469283
99 -24.830698013795118
100 70.79867536382474
101 -1.5624212444855254
102 -29.98935744975001
103 34.64449113462549
104 -31.171120003838755
105 83.13323382743174
106 -50.90170066813568
107 60.43651139963322
108 -81.50936465647644
109 45.42901859262387
110 -9.349898696436188
111 -60.836956931255436
112 34.43744541963074
113 -63.53463544975435
114 22.525818757605172
115 -68.68327233089677
116 -16.51372490240025
117 -6.5146371767107025
118 13.329044523871612
119 40.2265296763907
120 -16.812468938427244
121 53.85999387407375
122 -16.8835961454762
123 42.929881792424865
124 -10.759276671803317
125 14.50818365979026
126 -0.7539091878606649
127 0.0
