0 0.0
1 -4.422704796961893
2 9.716731826262551
3 -22.561818358711495
4 -10.983262356806168
5 -8.38206706484453
6 -85.05358527146744
7 58.0017460854259
8 -118.20803172198768
9 85.59410864006304
10 -90.34739419119983
11 45.878055001876895
12 -10.686232274850216
13 -24.546733363305172
14 -18.86630960021609
15 -62.73733950808714
16 -35.20937460878715
17 -31.317826262357173
18 -54.4993794734766
19 -20.073830515070796
20 -18.650565220418983
21 -36.551797303910185
22 15.938991355701555
23 -41.27944171882563
24 -15.824216962751844
25 -7.737113221448726
26 4.609568320577749
27 10.186853349778742
28 -12.042949754162526
29 25.369631100182005
30 25.221230102434614
31 7.0908079539709865
32 -7.9359227690538505
33 32.16133256260606
34 -7.580259775465117
35 -25.29232363656122
36 11.94868141515607
37 -15.68124473369977
38 13.131341764891955
39 -30.48072695096151
40 25.668846208354033
41 -59.37188673463273
42 -20.666029178274666
43 -27.190690105325476
44 16.83505604957713
45 30.955660263485505
46 -49.21244407175569
47 70.33504442882783
48 -27.408944260713977
49 49.23646383086086
50 -22.85724827248105
51 34.76195395421099
52 50.97493018515754
53 16.994499485068275
54 32.03478830118142
55 23.78116799256775
56 -1.5779264872588035
57 7.520005417861682
58 -33.33803426481355
59 51.59406364205236
60 -31.97640593989565
61 -7.904311925731656
62 -13.803179623824965
63 -28.54247656753164
64 3.6646124095734742
65 13.560402426205982
66 -37.64328586481756
67 42.63955533553103
68 -16.349107339230358
69 37.25412957837801
70 -2.966779564898729
71 -22.656524619277604
72 52.18755839562958
73 -57.262286176313346
74 -6.712135434639303
75 -38.374876598233435
76 59.10331167824106
77 -80.48327337575597
78 27.71960450276151
79 -20.404276656707943
80 -38.86057495893137
81 47.73105407472514
82 -9.59290437944339
83 -40.73270478388296
84 69.20308165520203
85 -44.40337915540413
86 40.509550650177275
87 -2.141917889111878
88 -4.414671193004604
89 31.385652263100564
90 -10.855540728930727
91 12.494288426926893
92 -22.28678740379812
93 -14.307291070368342
94 3.9256745970450844
95 -8.34866021137921
96 -2.829392025725485
97 2.4325754298910014
98 -13.466036197747155
99 -8.460380765548683
100 -19.742400045054914
101 56.12439614716539
102 -44.37697086323559
103 49.82829536497526
104 -37.5434704607625
105 20.6394677362718
106 -51.39881024493449
107 25.29289199147492
108 -37.828526938593555
109 2.4335810785768675
110 -43.299100988884724
111 22.60532107045177
112 -37.44816067459122
113 -6.290032450403908
114 30.44018094634515
115 24.223201268384713
116 20.211945762699887
117 20.844980176968846
118 -16.409567288530955
119 24.521503630111795
120 30.844371662737544
121 16.509882012836762
122 31.445660407901908
123 4.2542470383570095
124 21.83744274551528
125 0.7967473261431102
126 3.473304159782254
127 0.0
