0 0.0
1 -5.611142508689966
2 17.59550635246829
3 -28.48282559952214
4 26.569922832529176
5 -17.513285054185477
6 6.517174608200557
7 6.749716510219426
8 14.13346664585504
9 -5.688686762973169
10 44.512439820955834
11 -16.494991147142596
12 -19.931637624114735
13 2.653324717725869
14 -66.79104271804773
15 32.763567397754066
16 -79.64535566192237
17 4.564941866031535
18 -13.02444746502095
19 7.068514252660696
20 -51.320440350468964
21 27.32591786797898
22 -54.11670020477215
23 2.474070743110703
24 29.037029106846937
25 -26.82643005418166
26 6.837552650908719
27 -4.53575026809263
28 49.83038880148857
29 -4.535623991969363
30 -2.7209250330415626
31 -25.162491251389877
32 -0.8831713968411611
33 -30.41157105825106
34 49.88646067481344
35 -10.566375077488571
36 1.1279133448094176
37 39.37729142473082
38 4.714099309412171
39 4.701777932849881
40 17.144982690281335
41 23.846262852450437
42 -0.4125688011580928
43 43.05557761194736
44 -24.307092537115285
45 40.10178987295931
46 -77.25281262654374
47 28.405829406581777
48 -17.343871123192542
49 6.366211370470281
50 -8.397936075056139
51 11.032323000303156
52 0.07292333920230548
53 -27.226766736777773
54 26.690341160569115
55 -16.32835077206248
56 2.0261274169020367
57 38.98010528464421
58 -0.28068122274092067
59 50.64716869702326
60 -11.972509327902245
61 32.480466174004846
62 -57.363275765308764
63 20.648223856836918
64 -45.96702788471512
65 -43.87895619209273
66 9.332237059242486
67 -95.52201867950234
68 59.331761175037656
69 -72.19997287933448
70 28.756137093210135
71 -73.43372833371882
72 0.9245965621137049
73 -25.308831237707366
74 -22.61355544814884
75 11.797791456022232
76 -42.82911641991911
77 24.564160282822623
78 0.6265512281097261
79 52.38727724521121
80 22.712770357493696
81 22.33516224438342
82 39.91244499765247
83 17.231918110419404
84 58.377620821407746
85 -12.395062708409572
86 33.64479946365611
87 -36.476930089432074
88 26.260069892673332
89 -52.79148701466758
90 -1.5898401705409573
91 1.2488271710845695
92 -46.89525285932984
93 -10.316892269617226
94 -47.74950692549976
95 19.270741580533212
96 -19.030367934455352
97 -5.647153204115309
98 -24.073040455482253
99 5.820743893395557
100 -6.62856618461682
101 32.37865803574169
102 32.60815015411239
103 6.027409606665565
104 50.94046577537005
105 25.119415418254118
106 55.51158075251157
107 -22.71561320355855
108 57.65240938938781
109 -37.331496723214755
110 4.34610746076035
111 25.26513163408699
112 -76.26219519195396
113 35.72868156856863
114 -106.80560248758634
115 -15.443413374303343
116 -46.733176733077144
117 -21.014166101413654
118 -82.05431999065983
119 18.43205858211763
120 -40.507808534407644
121 28.60183884585969
122 -47.130017373781584
123 42.18368340736766
124 -15.339712784662977
125 14.59901623474475
126 0.02567597380605341
127 0.0
