0 0.0
1 -4.504884737905889
2 9.947995197960944
3 -22.854174202044852
4 5.535328944989312
5 -13.676181432743707
6 48.88024221828377
7 -73.86462816172751
8 78.22266300186676
9 -36.00891410527363
10 6.261831878115934
11 11.281513453048785
12 11.67660406470512
13 -42.23969130383732
14 -4.997552906765929
15 -51.06566514725256
16 -17.679091353238306
17 -1.6709352606820307
18 -47.1518863836543
19 20.35705059752415
20 -60.78335264156636
21 32.40891911004063
22 -32.34236828169988
23 17.43658426061284
24 -40.67699449294006
25 8.344475358154249
26 -67.49587369743394
27 4.368963992277425
28 -49.24399447798019
29 -3.6290684077378277
30 16.79606351204332
31 -60.248701987381715
32 27.70829195696721
33 -4.1130702175264355
34 -33.84117553585619
35 19.83666515955733
36 35.614976111740575
37 12.87446495302263
38 15.311063293339181
39 48.26732658037457
40 -5.033929383612404
41 1.1561989313298229
42 38.72107991912614
43 -15.432851913673556
44 46.23550397126205
45 44.75048974075323
46 21.371104575491827
47 8.798913382538238
48 37.24166676420573
49 10.729383767755458
50 5.8697007142446225
51 14.474308011448322
52 -24.287869335028223
53 -3.2329334016451927
54 -18.841697628126944
55 -9.71246278537478
56 -17.2915963745794
57 -15.45325763771845
58 -9.816098771647166
59 -54.23990995213207
60 29.374453856332355
61 -41.268132075737476
62 13.584213096451247
63 1.1551886218735932
64 -3.9835167554139885
65 -8.520576807267963
66 -22.14264209671063
67 13.55093902260453
68 -62.66753670176619
69 44.007116116770874
70 -51.35376519177157
71 2.8397387299967902
72 1.603126590006508
73 -4.184805461436928
74 2.5641814478945735
75 -6.907340829752841
76 -9.097918667903203
77 -47.0714663652418
78 -0.5424334954143866
79 -21.94087052244274
80 -16.065267048431014
81 -5.693199428043859
82 -22.956693005044524
83 18.60065535357578
84 -6.673103183128565
85 -7.822649302853715
86 4.454030120803069
87 19.210309910367243
88 22.251575956713353
89 0.8267553944503658
90 -10.044696381434793
91 12.016352278794937
92 2.419153371768128
93 -22.75020152137055
94 20.488221457639643
95 -36.18096345195396
96 57.87173916946667
97 -48.0521184763207
98 79.21872734277174
99 -5.008927825191338
100 18.259127350930857
101 61.41314761861271
102 -107.85844732295719
103 106.39327870020277
104 -108.0534402723608
105 62.544182071715376
106 -46.64277821313445
107 11.086403382670381
108 38.06618203298675
109 -41.021215196805244
110 50.360201484306764
111 -37.274601234632485
112 42.951579872074795
113 -29.251309617935863
114 -17.34073644183297
115 -0.056897197693885654
116 28.103480627282746
117 -28.687812980420215
118 43.6330247440227
119 -7.7993790151385545
120 -15.24508421129629
121 54.572362872201616
122 -35.888027328091034
123 47.8240788043494
124 -18.702992177202493
125 15.993565051248702
126 -2.1172668035108773
127 0.0
