0 0.0
1 -5.3162800755558255
2 15.007102522518728
3 -30.500605689357492
4 19.855036959960767
5 -47.568681314035395
6 4.133021243710985
7 -19.7299016151554
8 -21.993255101062324
9 11.766168920640725
10 -75.80649037356994
11 7.462527704298786
12 -13.807919257005954
13 -48.3404021720457
14 -33.47843732905161
15 -36.939062681897276
16 -33.11482566459569
17 -72.9962246009916
18 -32.06428116089783
19 -65.0725147540772
20 -7.644959505043615
21 -28.236418712162525
22 -20.29578164012355
23 19.117414258586834
24 -20.636565627887663
25 60.55806085028931
26 -39.14326998137246
27 18.92899733555682
28 4.228753404686182
29 28.296496190689798
30 -23.78592944280449
31 32.5876390138965
32 16.742834112461782
33 9.154742821329942
34 38.90410799459103
35 5.4737379626754095
36 21.74374276811267
37 -32.57641766396926
38 2.3509312838278067
39 -39.641149067970524
40 17.609206769750397
41 9.824130856592946
42 -42.026352425
43 14.372810170777099
44 -3.1618243228307548
45 19.013510646284978
46 -2.912513815651544
47 -12.350283123870307
48 27.726390972621406
49 -28.24281445531153
50 -6.879048807913762
51 -22.138515780393245
52 1.2168739655486607
53 -18.219164614092627
54 -8.526742905603115
55 -21.706672369410672
56 7.483407094309482
57 30.404876790609013
58 -22.12542114182163
59 48.762591153570185
60 -64.71605041682236
61 77.30275329277565
62 -70.65307152792327
63 39.595083002225664
64 6.903666864263601
65 -14.616029483594602
66 35.048408440288426
67 -19.073167101733905
68 42.286215354642316
69 -57.10791714168504
70 30.049194686788947
71 -62.67197741335235
72 -0.5811412456863038
73 -27.649607666450702
74 -44.252171645180724
75 -7.1311438779268395
76 -19.807966212062823
77 -17.703105753134327
78 37.99386563216094
79 -65.12356879038393
80 16.988125844401228
81 2.769523069918917
82 19.81935337051584
83 -12.58835446170826
84 48.10678137157583
85 -13.904128532864286
86 -43.26440630772845
87 13.662495353473938
88 -42.458228064514834
89 30.830419318377473
90 -28.322874946505987
91 65.80471969300234
92 -22.344860627945614
93 -24.92961585550911
94 57.80442524724927
95 -48.78280034967316
96 48.659933048087694
97 26.285926050285397
98 -26.877606244838304
99 63.396297847694406
100 -35.91817337496375
101 72.93476633967906
102 -17.272743710539583
103 21.132934990582047
104 55.32443052435232
105 -71.27088971590673
106 70.03165512129735
107 -58.00757796513326
108 63.65149658130272
109 -76.15568757285193
110 75.6769537222926
111 -34.00307234223429
112 -48.20569688540556
113 83.82389962271746
114 -86.93422961224219
115 71.31556934765212
116 -32.11276989633384
117 63.9606641387907
118 -46.88747333928687
119 133.18443673057317
120 -59.66737838660098
121 88.01389673219558
122 -15.948161024147758
123 27.90405259816549
124 -6.626710780248627
125 13.729210964253893
126 -0.021575559081884074
127 0.0
