0 0.0
1 -2.9734522482471597
2 7.459188937046457
3 -25.505394740448086
4 17.380572151190147
5 -65.74715874979354
6 6.742756809420679
7 -45.94034345093541
8 -49.52509594532896
9 -15.19043073218704
10 -50.24370012339061
11 -22.6050491915131
12 -33.61928422329682
13 -37.59867818974029
14 -12.426212576406877
15 -16.373148023304466
16 14.152444217053752
17 43.00510125374768
18 -27.721039480660423
19 48.605153753779916
20 -27.84190984058834
21 49.4092296317878
22 -26.54802918836184
23 61.37188216723861
24 -34.895801191624116
25 17.373675805499534
26 -22.075774748287653
27 -7.403408832167932
28 -28.63017415003814
29 -2.6422263510944974
30 39.04154805341242
31 -43.3583335047111
32 73.07654939056304
33 -41.180220031332574
34 41.51874518271729
35 -14.01626853195736
36 15.702290735971266
37 22.670544534134862
38 -9.264424847682186
39 -9.37258386484318
40 -8.236527236286618
41 9.604280672212283
42 5.7505307482236585
43 -31.446314042968716
44 -1.8454725021298406
45 -35.14574532952815
46 11.595451848546373
47 -44.69624122366716
48 -11.107730871536432
49 -22.87432237574641
50 -29.851570508724674
51 23.951950904431026
52 -49.88041805599162
53 33.81116104731928
54 -57.367003829622426
55 25.718210368769608
56 -23.841917977003842
57 0.16922739135735385
58 16.312364828377124
59 26.075110463005952
60 7.7334990162139015
61 17.47902041824757
62 54.390915966117014
63 -11.15552063751485
64 -6.411148744291358
65 -9.898348415908163
66 -34.41817466794888
67 -9.967780333480716
68 0.032631289141412285
69 -30.330243285775836
70 -19.227361791665448
71 -0.8700861895741473
72 -20.258597215546814
73 -2.3873918983536795
74 9.191946475455474
75 -12.387935991185682
76 32.340744771635876
77 -35.86554680021245
78 46.710631683368526
79 -43.31601108264026
80 12.31878804857979
81 26.215032485863826
82 -20.81749124657314
83 36.72528757397942
84 -21.261015192244425
85 45.29824172824089
86 14.837401059389482
87 -47.316245257328006
88 7.7887675618788625
89 -8.596718609871036
90 -54.95435758460257
91 34.66509100832263
92 -9.659520654396575
93 -39.1703945126203
94 23.90860432109718
95 -19.827741558935944
96 -0.0046367932634091055
97 -16.631928659564366
98 -39.02900763745426
99 1.8403562516545735
100 -22.853790322679284
101 7.679556452643886
102 -20.952368045761798
103 37.24958769723515
104 15.528065472987448
105 13.93163163114707
106 26.527650465594952
107 17.200558760497685
108 -1.6121864384039701
109 60.599994042116286
110 -3.5656145474590297
111 -0.8487988770572292
112 34.1471857143277
113 -47.87816247473362
114 39.77798223343337
115 -62.40704733709169
116 -0.7968144582451326
117 -21.336178590178907
118 -14.87251940926453
119 59.39911423590692
120 -18.441733046397427
121 63.838576702074825
122 -18.36262898775667
123 49.42252459421717
124 -9.568933798752138
125 14.938015644687304
126 0.6900911993139704
127 0.0
