0 0.0
1 -4.635168015088856
2 9.58433558282814
3 -21.80834431147618
4 10.582266223060056
5 -25.608932960291284
6 40.57779735999038
7 -61.94068649077562
8 59.92796177267768
9 -62.84213056855328
10 34.52867015367422
11 -47.03462145309592
12 -73.18303007338402
13 44.674425071058536
14 -91.57148568317528
15 32.3212452784555
16 -75.06093699323907
17 14.33801054134292
18 -50.93637517025794
19 -13.971911352979975
20 -63.71748043087505
21 -14.58228956077932
22 -63.55381366384237
23 13.374116180532724
24 -69.90970876379141
25 44.82914581614129
26 -32.053339617807474
27 19.63813443626634
28 -29.815892303183414
29 -38.854669034442104
30 4.168135307166304
31 -83.28621239822705
32 9.112662744683533
33 -36.16978896519277
34 -9.879029008578662
35 15.09545704412146
36 12.647040321762779
37 -24.0921489809601
38 57.912543692636675
39 -43.77829960806638
40 24.93795718321645
41 -5.173831316482951
42 -55.389327872235796
43 56.72083363354673
44 -30.115675443443344
45 31.271099454629876
46 -1.6259462531301507
47 2.601834317270196
48 65.58941566131976
49 -8.00272007646745
50 66.65081287003531
51 26.485036496610277
52 42.83172689005576
53 13.546473526669027
54 55.84886505257256
55 -22.84790677878919
56 29.10311566222611
57 31.31919721275266
58 -36.28923072161999
59 31.017528763601767
60 -38.81053857359953
61 -19.340836644726565
62 -5.473957115656399
63 -53.94209625243518
64 41.017038881254436
65 -33.18914244205383
66 -2.5668504195268165
67 -30.40709095756557
68 14.178700522545101
69 -37.23993850866577
70 -9.18818308391565
71 31.155868942027176
72 -96.34060307346905
73 44.99722847475212
74 -65.88197028022081
75 5.955353054788735
76 -30.055585239092483
77 21.693822916187223
78 5.211061711447125
79 13.339714329387846
80 -36.47388342954177
81 5.54498601032934
82 1.289828907812209
83 6.892042367459537
84 20.45273752163525
85 -11.880249412687728
86 13.897636196114869
87 5.836847707877674
88 -4.906163947263763
89 -3.7337160035738695
90 0.11290938641748034
91 -8.692745394575702
92 42.74364583039694
93 -34.307881975990696
94 77.17415702536405
95 -60.09214266957219
96 57.38805279248909
97 -35.72031264384777
98 11.401846001204648
99 11.80965392006276
100 -10.999857508921588
101 24.251205153287994
102 -21.898453737412105
103 38.473939585612236
104 -17.68233496215509
105 20.442752437250427
106 -26.120461901367563
107 17.82936648233389
108 -4.645842320107536
109 -30.31399609043647
110 6.654303769656767
111 9.93840805648168
112 21.2604068023864
113 48.62264620752694
114 -34.84244261580665
115 66.4615093305171
116 -28.261478800542573
117 56.33010384158398
118 -18.666072473930107
119 35.213325351265325
120 -4.755604968016325
121 17.168655533042823
122 -0.25817394985822617
123 29.474922329801906
124 -12.818524203286122
125 13.759974465965575
126 -0.14102923076349658
127 0.0
