0 0.0
1 -4.141148463071323
2 8.91974714176644
3 -12.467340711726614
4 6.157975718363021
5 -31.709279122680556
6 1.3190657821448692
7 -58.98156194246075
8 35.71368115423907
9 -45.37964720025776
10 -12.09447761026802
11 -23.18056818656053
12 2.3617845082208575
13 -39.19093744132603
14 8.183123010953953
15 -25.02291796591069
16 -39.421049658093914
17 16.539718604589407
18 -43.86123564783238
19 -7.653781202695216
20 -40.337675568045526
21 -18.68217635917148
22 -1.6391682313205478
23 9.736167296296816
24 -20.353555313343627
25 18.222911853185305
26 18.9824578346837
27 6.578193280059946
28 4.026805248292438
29 64.83958982602108
30 -44.55937385003978
31 57.559870750670676
32 32.7526639463065
33 -0.26834094083158216
34 10.019160040829805
35 -3.0231040268814584
36 -7.006382099201239
37 2.873816556646015
38 -48.127464954584866
39 8.475145277861069
40 -46.94023602756166
41 -1.872403169496494
42 -37.062925214015195
43 -26.478606863541692
44 -28.09363584029264
45 -54.31289746477606
46 -2.068750025516701
47 -82.4703547369606
48 1.3501491852832108
49 -78.11989746715504
50 31.648046387388778
51 -54.12426343828008
52 60.34520497912073
53 -0.4237790829419699
54 32.58863680975968
55 1.3996107565627542
56 8.250623236677715
57 19.060149417038435
58 -46.28622616904708
59 28.65463107126028
60 -26.683118800949174
61 49.336812911812814
62 -32.71636631840319
63 0.3557387607831237
64 34.72163295000446
65 -37.6643400406819
66 48.37350112623679
67 -21.778806093572907
68 17.889912421312097
69 54.73240515935044
70 -48.145637193165065
71 46.39371339488733
72 -37.61233763828777
73 44.46911050887537
74 -9.579791126329782
75 15.89440335568236
76 1.2208867273035047
77 3.3303958027139093
78 32.821162521642016
79 -21.830956390298528
80 52.099477876567924
81 -15.03560752793334
82 27.73723164638805
83 -0.2990451062131314
84 35.45935410397007
85 -19.532302533839022
86 2.89091910118361
87 22.726181330122273
88 34.31840445802476
89 -10.298399502006454
90 1.0375319394259708
91 19.115905449699927
92 -15.8591516913836
93 19.567665660642866
94 -46.786841450967344
95 -18.78124606623409
96 -6.012556239700797
97 -58.0722411197418
98 -39.85266685256265
99 -36.0737089878591
100 -71.05997093596483
101 -37.96385005607826
102 -54.32869801248159
103 25.35117711916923
104 -83.01062331888407
105 -5.769550626169332
106 1.4822173040445927
107 -95.15544590685134
108 62.920291800867794
109 -33.84269425901753
110 9.92978776808992
111 41.57043603759097
112 18.898139030082866
113 48.09056960943333
114 44.808196300810145
115 37.692670567032515
116 26.605762288375672
117 70.0318714170593
118 -10.760113715324099
119 70.75214358076951
120 -29.822704247539313
121 66.50303019405705
122 -9.836640695676172
123 31.27942116023432
124 -13.103819172745812
125 15.491469215105516
126 -0.44113432260761554
127 0.0
