0 0.0
1 -4.744394124115286
2 13.303687662078554
3 -14.21689156996579
4 -3.5035873203142196
5 6.6144427791903215
6 -46.78858290273283
7 24.001802654277988
8 -73.31744899960462
9 3.0321218679836193
10 -66.7922102253541
11 -30.6730009153522
12 -77.38317603417863
13 -14.906473212537152
14 -76.20990887712757
15 20.682175147300985
16 -55.125444220670396
17 5.854798350110796
18 -24.386708628914192
19 -87.88590099709126
20 66.81489612212144
21 -98.68881429247875
22 33.293432613044175
23 -27.961299318640595
24 -0.18051574026280842
25 6.921788672344913
26 66.12155880442457
27 -29.172436449739234
28 61.58197696618078
29 -10.907817390454298
30 37.98303046185934
31 35.846541617567745
32 -17.19129226185383
33 50.98596306108951
34 -62.06195990471737
35 79.31451437709684
36 -74.57553880361694
37 73.82938153465726
38 -22.899682905615876
39 9.20267390563884
40 59.06563657255698
41 -29.1497849458412
42 60.564875599304365
43 -69.2486566897741
44 58.74990777965892
45 -14.95509781369215
46 -16.209789337130687
47 20.821076045127143
48 -51.53881839010086
49 43.3419622028287
50 -34.32488518206263
51 -4.013402438957621
52 -68.08046549170487
53 -0.6207133744859964
54 -16.873742587878073
55 -24.062578119445803
56 65.13200346962147
57 -88.01587076483813
58 61.38919093417757
59 -5.944037630822349
60 -8.232385589249846
61 1.652261012021577
62 -25.250648736604045
63 36.99045664318036
64 -73.25999138940834
65 0.6494793691211882
66 -38.711345754026205
67 -49.59633880247884
68 55.06415120599243
69 -32.1802623201821
70 11.265054351053747
71 1.4042478402253622
72 -16.65851981241548
73 -8.213625823086609
74 -18.13926314358152
75 4.101515187664953
76 -34.55108087524781
77 -44.913144286696365
78 1.456409949650989
79 -40.89708866638952
80 7.007709337318898
81 -40.479902868663686
82 25.83493300654697
83 -4.658803119927223
84 18.132755394479293
85 32.65429692539416
86 -10.078446759164853
87 37.10588820293955
88 7.532436113231187
89 35.06295434635652
90 6.134691064241116
91 -0.4700270569934369
92 -0.7210850689297897
93 74.7489439516628
94 -25.310725267883626
95 44.57781914317705
96 3.761337955551839
97 11.686303686846944
98 11.415051595702392
99 18.138140555071743
100 -15.651277201768565
101 -7.471587285785956
102 50.57220074521331
103 -78.80176280453172
104 113.56598496178394
105 -49.35750455020388
106 22.889165107859604
107 30.929262239390933
108 -44.61619401485885
109 57.35026845464979
110 -29.208333733627825
111 -5.834897624211153
112 -12.155087376698239
113 -4.985883003851392
114 -29.312159986385176
115 -7.193788827928806
116 -76.06546517228422
117 34.10383998235453
118 -72.25049723398305
119 5.207406419334542
120 19.940613239266334
121 21.209604934027084
122 -0.9788871135368915
123 46.697289509437326
124 -11.76046734930513
125 15.728809927644502
126 1.1696415996917429
127 0.0
