0 0.0
1 -4.10699325718954
2 7.9268105589305575
3 -14.242308870305292
4 0.06054608363455118
5 -22.819274045334556
6 -19.044163802617692
7 -7.5968047474587905
8 -80.3327443141347
9 9.24536282834346
10 -80.29135056456921
11 -24.745269031799683
12 -50.384330497768595
13 -25.273549016160082
14 -11.131868270109733
15 -34.664290921702005
16 24.47720006477896
17 -10.822910369591554
18 -20.75836049159123
19 -16.463021799167095
20 12.577314070217588
21 -4.638071375871896
22 -4.6116694214657095
23 45.83470878771517
24 -49.06617045131149
25 65.96329813004068
26 -15.686973468728016
27 -11.630833302434013
28 54.52665675269137
29 -22.314236034206566
30 28.897696135680903
31 -19.071694190025077
32 1.5087974091936849
33 -4.7934163048898295
34 -14.028172186065731
35 21.809544364580468
36 35.93044177296014
37 14.087822610852738
38 4.361877074160596
39 45.011185063902374
40 -12.545647939747255
41 39.72637799799603
42 2.1690849401727563
43 -30.76300820313106
44 34.89431837892346
45 -28.72294712222345
46 46.94830769715763
47 -17.45066653026849
48 32.11340392021571
49 -44.493087346292675
50 71.99794194179944
51 -42.22602643124028
52 -9.497052155977116
53 49.18773523538893
54 -92.50873085299382
55 34.7449857834651
56 -73.8204629902653
57 3.3263681023484057
58 -10.035801051980595
59 -39.32222576533763
60 -7.4798520021726205
61 1.8707125695572415
62 2.2597107408044734
63 -15.120691747908934
64 38.17479689500968
65 -43.612188624535754
66 5.639571742299728
67 -20.67109650669223
68 -25.095476558462845
69 25.974824538557876
70 -72.0956893119901
71 45.328356979181876
72 -38.713203184912494
73 0.13373993287789973
74 -23.092955399234025
75 -11.936617832147299
76 -7.035357398919312
77 -2.244450639029044
78 70.84155043279577
79 -49.12150088518585
80 79.59503352580349
81 -20.970583347591734
82 15.465454755475609
83 14.696014046551696
84 -31.9796355246891
85 67.36891101984139
86 -24.678481935496244
87 71.59397456587534
88 -14.421740818598778
89 39.439339979831765
90 10.290052027450328
91 -14.829964017828647
92 21.803246421810712
93 -40.68632800867019
94 -5.602827350513854
95 -12.537685074597414
96 -12.072151050189678
97 -2.903925091530751
98 -16.828026227980622
99 11.51659393415078
100 -32.77030521036339
101 27.118497966712788
102 -36.534425695766295
103 -40.890401307242065
104 53.52037740086122
105 -79.19868202201214
106 49.343595555711524
107 -20.45829638411139
108 6.6586176688840535
109 52.39618376988594
110 -38.12208617317381
111 19.816303220021947
112 -8.426554517996758
113 5.005435938744014
114 -7.885714625438026
115 -33.81644372866122
116 16.383377241290745
117 -26.529485588432383
118 1.3073335267240143
119 54.72462629210596
120 -48.34537151662783
121 62.111230555400226
122 -38.434598682286456
123 41.92809700700338
124 -5.2053760143185634
125 7.636263664558547
126 1.8577998871272539
127 0.0
