0 0.0
1 -3.428492589690315
2 14.4690304809803
3 -24.928386891106623
4 29.56486144359709
5 -56.51278456823138
6 14.219598751322343
7 -109.99212983950153
8 99.82445785413178
9 -164.88185359921263
10 7.452310742145088
11 -27.259579151256858
12 -76.43795337914561
13 -13.054927968067672
14 -76.00660727243961
15 24.679036931783976
16 -85.08810330927169
17 85.50259298913281
18 -96.9129375212498
19 102.18359826610379
20 -109.03593580358594
21 120.00565357736099
22 -75.40935358273455
23 1.134299916165521
24 6.615891530084502
25 -99.7787240460283
26 -4.235343917358325
27 -53.14616519175802
28 1.3767465596341595
29 -43.21845523968122
30 23.82970302789216
31 -8.199966066949806
32 35.1949318602431
33 -17.665302891463305
34 51.07536183789248
35 14.589149670115635
36 55.0093243790277
37 -29.998425040282758
38 41.104779965438475
39 26.446795855791134
40 -3.6651781101039878
41 139.317255248248
42 -61.88153742872196
43 88.59380463897682
44 -5.522842677787832
45 -26.58221966596279
46 30.33732596238794
47 -52.17783519532105
48 0.5768463217819969
49 -54.13893973524765
50 -41.02585860839603
51 -55.034745508823136
52 4.620102263778306
53 -42.114235772687984
54 -21.798711301686534
55 10.954197528500787
56 -40.65324916609189
57 5.836666869917045
58 -25.63247287632447
59 -8.559129598309609
60 13.249655864676468
61 -49.02744435151897
62 67.81369197826739
63 -8.497237890514466
64 9.705983888502086
65 26.4971551692208
66 13.847919398367464
67 5.32495925778035
68 -1.6523187035265177
69 24.83001687972939
70 12.864931702377755
71 -14.148293561263197
72 -23.157973799168772
73 62.58379885815794
74 -81.86042122831647
75 54.043031189017185
76 -48.87428494740707
77 77.08068557524734
78 -33.35010191203158
79 23.339748439952647
80 24.068260896809836
81 -22.870418360165203
82 49.11421374200194
83 -37.568408509203806
84 82.29584994700228
85 -23.69895220659483
86 45.13458832569943
87 -13.630048389560711
88 29.609037720631534
89 -4.251494490288535
90 69.08543990737822
91 -66.41204534628767
92 69.50776742650125
93 -57.67982845264074
94 25.24192952048168
95 -16.778364536653676
96 -4.256146682669867
97 29.47513832904022
98 -50.745075774385406
99 61.10697084906004
100 -12.420745575901309
101 -9.796465713228914
102 26.319500103309956
103 -0.4513902880690485
104 -62.086908827175066
105 23.194607474625084
106 -129.0473162907053
107 34.283577186892
108 -104.30000141600384
109 7.330566306406043
110 -36.22499474364381
111 -29.879786640249204
112 12.984391705060991
113 -44.50177462058512
114 -0.4389689184143171
115 -19.402389382233356
116 3.639824200079714
117 -21.827412494179203
118 20.44363334951722
119 36.74744868887648
120 -12.597421068822563
121 48.80706681810681
122 -9.436061640934312
123 47.58922428405972
124 -11.350438693690082
125 20.031222234398065
126 -0.12853088843387686
127 0.0
