0 0.0
1 -4.587759943234125
2 7.08943488337231
3 -17.698412221126397
4 1.874756122005409
5 -9.591201955995015
6 6.658995882709555
7 -33.74105514647554
8 7.325312418927051
9 -60.064586286939466
10 -40.19126856198572
11 -6.328812403672855
12 -72.33536558871126
13 47.92843811909494
14 -99.09266724710216
15 51.685490789289354
16 -50.99704595195624
17 -7.354466179389821
18 -19.643892631102794
19 -14.678179008300422
20 -13.384763242494644
21 -16.354407263407165
22 -2.5775310270812053
23 -25.275751270465875
24 -17.600422489507206
25 -5.857770877317093
26 -45.97201950919596
27 -5.672569436113281
28 -61.667089530601686
29 31.238374327644102
30 -21.191359464110235
31 0.671382773903529
32 31.34579600040436
33 -38.86006961106092
34 55.48362086373428
35 -21.86506687174116
36 50.76640253820007
37 45.60096455026027
38 28.19693508542642
39 46.85587636803908
40 15.734347225690033
41 -24.542264533453935
42 5.292482204216976
43 -27.475261133447336
44 -14.22754970691468
45 12.111440727770347
46 -41.26418475177552
47 -7.181333508682604
48 3.642335344409637
49 -4.319895671910884
50 -35.44258643860277
51 34.03741114184022
52 -27.778110770850454
53 51.516258959271646
54 -45.03798285273393
55 45.93636358035924
56 -12.513385973543537
57 -37.92989812221629
58 56.43480563087464
59 -76.1150874687783
60 54.70587496743812
61 12.917951039197584
62 -2.193044064696262
63 55.22610296758217
64 -13.7970887600467
65 62.84634669581276
66 -2.787291568152333
67 -19.23388052154473
68 67.45794297126395
69 -17.20202640444508
70 51.486562483417444
71 -5.6500126639448345
72 45.248595705443286
73 -17.228590786749503
74 -0.510554022565622
75 -16.259742401988177
76 -6.614598605216817
77 3.7959812609644104
78 -15.757399609057114
79 -8.757013136787837
80 6.13576392865018
81 5.062821981439339
82 -4.497394687119709
83 14.795507151652844
84 -20.971951554825154
85 -19.825397541892954
86 -22.45521552215954
87 -30.27645989719483
88 -45.33549280479882
89 -46.27703696660607
90 -2.430701583291317
91 -33.97524022739289
92 -15.086825993456335
93 -10.954098039364826
94 -11.097913168508782
95 25.72337882012465
96 4.770575605929286
97 61.23805588511678
98 53.151835716222635
99 -7.21552737143441
100 26.21929775715775
101 -14.839140185871086
102 3.7595293281354323
103 -0.020782246264158942
104 -16.620112490356906
105 7.551324949996346
106 16.5024648508426
107 40.67605338244591
108 -83.4433715198652
109 17.997738488893482
110 -37.50554105228456
111 -6.674408522711276
112 -39.024159894892975
113 52.383563599736455
114 -17.794078724668182
115 36.97119289364524
116 -2.8894823561240237
117 -21.744807881672667
118 24.577420988539647
119 5.660886062444402
120 -23.495735043525446
121 28.27561513397886
122 -4.9956103888276635
123 26.50393970326249
124 1.586562497881863
125 8.737797361708108
126 1.543352658445352
127 0.0
