0 0.0
1 -2.4315515273287986
2 5.5681652950112435
3 -9.475826481460352
4 4.664742723723651
5 -24.67994758446716
6 -30.082608418485776
7 -45.27446707023757
8 -17.921516640846978
9 -128.51500310138223
10 32.1126001031341
11 -105.37153830312138
12 37.542480527402866
13 -71.55771310856902
14 -14.180158988028612
15 -5.571972388992432
16 -12.853474421078628
17 -23.247336395073617
18 -17.349254856328614
19 -5.157389801493955
20 -18.663988235552225
21 -3.7602722097549077
22 -25.668666748879147
23 7.511331602205905
24 -25.04645095032194
25 -7.901085805060322
26 -7.290498187156165
27 -1.2768056211488852
28 2.4208946897399577
29 -36.138221733655335
30 4.788945152062163
31 12.544543230249833
32 -19.92549123790985
33 18.64682250551315
34 -15.120033310079574
35 15.959052006004914
36 7.209020720523843
37 1.7105591990787594
38 -10.769553034062525
39 49.204672555248926
40 -15.319567839020236
41 40.50119442811493
42 36.389520513346
43 -28.70906138818279
44 67.78506141236808
45 -29.74277671138954
46 -20.137663433165034
47 36.0946674163225
48 -61.9154074966199
49 29.578142190828363
50 -33.37112946480382
51 50.461254605867076
52 -14.343575225316957
53 11.339883024672668
54 3.462944028872003
55 -24.991034360745445
56 -6.03521629000129
57 -37.68165298535592
58 35.522199000362875
59 -58.86691167870434
60 14.898115527849416
61 5.349011764185953
62 -31.848221809902057
63 35.93223744328437
64 -2.264951914242896
65 18.268657047522662
66 -10.04448568525367
67 32.98766697585302
68 35.99974788598458
69 -20.460387212834313
70 64.57396118492127
71 -28.0926743858002
72 11.941018898214
73 17.38024871899628
74 -7.870339957645654
75 47.21543439934711
76 -44.400755947765205
77 62.8391784187866
78 -0.7294665538297718
79 0.6767297831454852
80 63.10476019035687
81 -10.164344907515279
82 44.21300343128957
83 -16.856601095943596
84 -5.272151633928428
85 -42.021925437236646
86 -39.35906032335825
87 -1.4972161933978048
88 -52.457058192413385
89 26.32622846969221
90 -41.26055980110314
91 14.315762520934394
92 -5.952361826150489
93 -34.23754194544323
94 55.88285611823975
95 -96.62316093683276
96 59.33545946545366
97 -86.3978909768125
98 12.424244076660559
99 -34.5212946075968
100 7.702460059730604
101 12.70618670478408
102 -41.453182479632595
103 78.36948473401833
104 -50.662207338671045
105 74.59668437838383
106 -48.58780548310939
107 11.883413858423593
108 38.36771687088711
109 -61.29111209813096
110 33.688316146975545
111 -39.554139996892864
112 -10.522044643910746
113 24.685903484319223
114 -14.973734991496787
115 20.892613622947856
116 -19.122358984200496
117 65.95230769748979
118 -20.700613568354346
119 62.37392031383035
120 11.685793722974568
121 21.85362990250931
122 13.792947623981542
123 28.83964751377738
124 -9.427137366925955
125 15.63061569023394
126 -1.854126126389845
127 0.0
