0 0.0
1 -5.163962363009192
2 12.122109611016587
3 -20.82064712076009
4 12.39705438229817
5 -38.662842801790916
6 -7.226580816756424
7 -32.64152420259732
8 -50.6227747055081
9 9.672396709473212
10 -58.57207686068036
11 31.8118343008709
12 -39.86227575476685
13 34.29378744676621
14 -41.2875423146873
15 -33.694963156438185
16 -38.13236603322552
17 -15.258842654619812
18 -8.87804786978976
19 17.817534466609985
20 4.631214949134768
21 -11.889631154498943
22 1.229077732113872
23 -2.9257140790929244
24 15.208395872465697
25 -28.25281334526759
26 4.804941686151788
27 -27.141370448328892
28 29.96047277733108
29 22.90286131430447
30 6.020549614803317
31 58.5002378024654
32 -25.766793870595297
33 62.64203820065748
34 -60.936881085595175
35 7.849582906003058
36 -12.64731235791479
37 21.179580809248954
38 -12.69018489500657
39 -35.173303789947525
40 17.57245074723229
41 -67.80150721177792
42 9.338440382312351
43 -38.97884585253289
44 26.743441275776313
45 -69.0206676814029
46 16.21619910859483
47 0.20720552629394604
48 -17.7996916690337
49 52.57450411173471
50 -64.00382110011554
51 32.824457528689216
52 -35.19139402878735
53 -41.18687404566405
54 24.553184435255258
55 -55.88763066882993
56 -5.693307018927907
57 -5.407768288305624
58 -2.087245765637148
59 18.735780675905648
60 16.85665113553307
61 29.94258678812355
62 30.723632140387334
63 31.508441714486448
64 -20.101535205085952
65 -13.534423627210561
66 -31.0291869623984
67 4.980822115640432
68 -20.53499684493516
69 32.7485264543628
70 -42.131458586366264
71 43.444743782026876
72 -17.094750833201797
73 42.284591405647774
74 15.51419539713703
75 12.180686261456204
76 77.54759772492554
77 -60.50362220889083
78 74.22815799989162
79 -60.43676968950453
80 36.44654751735131
81 49.18705309919766
82 -13.269323380263
83 3.876061024579815
84 -0.7573272202472792
85 -0.4239024940578054
86 -11.057766325444135
87 -46.56520380250803
88 -9.093936300115242
89 -29.518532021165672
90 -63.36527939961412
91 -28.647500656279796
92 -44.226597177366436
93 -44.49030600419993
94 23.83258331563867
95 -26.382352191808796
96 3.101170679861907
97 7.054495648351425
98 -13.214193590680955
99 16.828734026472663
100 6.176588250698967
101 8.666152221727097
102 -8.545493502674681
103 17.262106587732067
104 5.015334959964619
105 -10.510243082727886
106 24.710923939963966
107 10.768623306480379
108 15.358990224533512
109 53.01774804993966
110 -13.691796292934713
111 65.4747640979278
112 -20.333305132801634
113 9.94510777813949
114 35.8905483538004
115 -22.93807027930441
116 11.410621736176886
117 28.895468070217717
118 -5.8513545401785025
119 26.527035569432712
120 -8.546055028239147
121 41.889485419946844
122 -22.434388439690377
123 23.887379096265164
124 -6.362415215779826
125 13.790719175633614
126 -0.6639796082902281
127 0.0
