0 0.0
1 -3.910920918330008
2 12.275952413934968
3 -21.75425897171861
4 14.260697312269365
5 -52.95115404259686
6 8.98799057312678
7 -43.33197445320904
8 6.888313797088361
9 -21.472806048770195
10 7.388577916364746
11 17.660920955314264
12 -47.24301049456925
13 13.146797119677698
14 -3.662796931536412
15 37.73863849742893
16 -32.31256959408363
17 25.088296803155597
18 -30.988202510750604
19 -24.424195624173315
20 -4.134286328978825
21 -29.39827735313528
22 -12.620165218250852
23 16.071032448636714
24 -9.69435309239779
25 6.6681642011283655
26 2.787756656414646
27 33.641805816177175
28 -20.67925923380539
29 40.828628662336584
30 -8.84706493326579
31 12.13904538656402
32 25.37996297484167
33 -67.61024123199824
34 38.75015174359147
35 -11.45750763851116
36 9.61084619426692
37 44.54694546957171
38 -47.623337203826594
39 27.215281909445217
40 -38.623545823194284
41 -8.6716504043584
42 -4.972216322406435
43 -18.360445502915972
44 -9.917380424997187
45 -41.58872313858396
46 7.412973466490568
47 -42.12795017967879
48 -24.931695287994682
49 -16.350373698849403
50 -18.396086048124776
51 -15.924469192276405
52 -17.696031479430104
53 -3.8921502424653234
54 -60.048603053562644
55 26.004847718723585
56 -8.334253428641226
57 -9.15187117977235
58 30.39237917167134
59 -17.074653368489237
60 49.13891800134039
61 4.945846393243112
62 16.355248691736605
63 -6.861444724340348
64 12.210499175632533
65 -8.523140766954576
66 28.762254142937792
67 -29.489520415928773
68 32.70290601591349
69 -48.86582322163911
70 -15.351236461705557
71 41.70317262316023
72 -69.78282325468442
73 41.14060533267116
74 -8.686907617369593
75 -8.203569882813763
76 59.02439359371843
77 -79.89847593671615
78 68.1836685797805
79 -28.114577387447724
80 12.061735712748082
81 17.11347745183996
82 -41.07628374350134
83 78.55931836752475
84 -48.12587121232516
85 54.5430795293766
86 -38.04832334365845
87 42.718166669967175
88 -32.116782176636725
89 -18.92208604264843
90 13.44364481994458
91 -45.51070313288076
92 -19.97929831433718
93 -1.748981079643725
94 -20.067803841613326
95 -32.30996896153819
96 -2.9996230768408108
97 -28.05043430948839
98 -26.12778980043834
99 10.084612445633548
100 -28.276417156409156
101 67.38342761887341
102 -58.77201472223305
103 7.249991406298166
104 19.20702818376367
105 -62.68517696168511
106 49.498111802857856
107 -36.346959435157224
108 43.942448548002915
109 -64.76775437605944
110 72.52650443085565
111 56.55601476341853
112 -52.071723760685934
113 31.784439900927822
114 -59.154180196130866
115 32.23268772113851
116 16.910997156154036
117 -3.708661215604516
118 -11.512578863907681
119 60.655631432317904
120 -51.06219727840167
121 68.77918292402663
122 -28.539577253204527
123 39.087972021572156
124 -4.670679297784421
125 11.27924523255769
126 0.11631743043886493
127 0.0
