0 0.0
1 -3.529328579181001
2 5.2435244922955375
3 -7.028434995785711
4 -24.039741626728937
5 2.338569173912133
6 -61.88270547681804
7 15.70873966549698
8 -58.24769875259692
9 -1.7182192449026088
10 3.3113660446036217
11 -7.757332395043474
12 7.758496259920792
13 3.0429506092806413
14 -20.417553920014893
15 13.789153327543444
16 25.806140231925795
17 -52.311162256419706
18 12.290879222005701
19 -90.58296686449707
20 43.97345989316425
21 -109.00847307607539
22 -2.785763982010751
23 -25.15527188365671
24 -72.21268930987543
25 10.202979348105124
26 -46.88623811178715
27 -10.314383890093861
28 -30.75179060811379
29 -10.981217748309286
30 -8.885986023133453
31 -27.00281123891138
32 24.524909291691934
33 -5.664295341097834
34 -36.628911829995474
35 14.604890050672049
36 4.722861621422697
37 -0.7188497059175192
38 14.22150092775749
39 -13.47690144016079
40 -27.153168078581334
41 33.64351493187642
42 -43.189805966534664
43 44.06865619238363
44 -2.8162498535289853
45 54.54608875721338
46 8.716705942968929
47 30.543866647167835
48 29.066122172321986
49 -0.1827833106939732
50 45.785046276298154
51 -32.769675749398125
52 25.803987975089495
53 0.03703519836686417
54 -48.515825279896795
55 -10.683431328848839
56 -45.23470338713902
57 -32.33133954629771
58 10.353905074738819
59 -52.104518773384925
60 5.909125792914005
61 -11.807606894853746
62 -23.94013427358661
63 32.139378495733595
64 3.5406685494831445
65 3.550323647208302
66 22.950459151877308
67 -2.126376999252239
68 40.806148657537136
69 -24.593740054994548
70 5.268808441850919
71 -19.40900593783115
72 17.512358262689222
73 -8.518510322951371
74 3.7209778473679234
75 27.152190917657432
76 37.80750782982683
77 10.243971505361626
78 25.25834643720027
79 43.28949493959743
80 -6.606633543928318
81 43.511529217503835
82 -0.08140471646484321
83 26.30082195256587
84 32.21878245014473
85 17.424768374101472
86 18.20718469807321
87 -8.250072381252618
88 -27.02405104023608
89 4.778423403619244
90 -13.874897147045495
91 -36.08570228384267
92 -14.146681244611685
93 -11.594540275136538
94 -43.39168864828077
95 21.06375764405956
96 -59.287253465369105
97 75.3481708893331
98 -17.834431095842852
99 36.58000766541329
100 32.27556851648936
101 -4.967823756385009
102 60.73316473875512
103 -35.05965340958666
104 41.665322859504805
105 -26.905478636114527
106 5.767387407344357
107 38.12427078948251
108 -59.80835343652555
109 75.36853564090227
110 -44.276943155178095
111 6.036768266477574
112 1.0016367659904803
113 -27.552316536138328
114 8.985303072505431
115 -12.147178054075775
116 -12.88865845127427
117 17.23235186235307
118 -28.361039767225794
119 6.9059139133231415
120 10.014447384941127
121 3.2706600971149125
122 -7.462499632321033
123 18.836912650047935
124 4.919862794834458
125 6.0285033891692255
126 1.3837662191170936
127 0.0
