0 0.0
1 -5.76109425161181
2 20.055904253862536
3 -29.858515736815562
4 19.519745751407356
5 -23.352829836833823
6 -14.366691268509278
7 -57.14757327989541
8 -26.944458642444516
9 -40.85930214105529
10 -85.89302482940609
11 25.280683777701825
12 -65.45730500715777
13 -19.076328749529054
14 -76.26454480166215
15 32.02073704861963
16 -96.11599101366588
17 75.65980353533305
18 -71.3503254587778
19 -21.784360671488294
20 -33.12456317794416
21 -26.554858995520426
22 -5.328018387866095
23 -30.976361151336558
24 16.355264934691515
25 -50.818736622445925
26 89.56682136955891
27 -47.612518795320526
28 69.04662752031561
29 -23.94823541329381
30 4.270377991273078
31 32.180488466717755
32 -43.900083890195305
33 78.33690581393141
34 -33.92426676718266
35 49.37828404315286
36 -31.047376888204443
37 3.136959920245857
38 15.034381241839363
39 -24.860494294207207
40 26.78714220876684
41 -30.268278528780186
42 46.233863267629445
43 -39.221037907669945
44 11.308321842012107
45 -14.362224911346638
46 -7.932259100137731
47 22.517057630966292
48 -47.633577722791536
49 0.25643328101242735
50 29.87194485939573
51 -20.657306601575623
52 34.70906189481386
53 -6.058443701337205
54 28.640688235174466
55 -25.639545130346438
56 -21.2042281377923
57 -19.963560003550864
58 -31.655766264151175
59 -21.464978387485726
60 6.915211037310963
61 -36.489308037556995
62 27.364300832306558
63 -4.510818802836396
64 -3.8148856615492184
65 17.911253730728802
66 28.068456034128623
67 34.22726025951316
68 -38.16847735382501
69 75.5962687914984
70 -38.12109044279644
71 87.1769065341626
72 -33.97106944879141
73 30.058650780988742
74 15.109741374941883
75 24.199861096307515
76 40.12483378693277
77 0.5352839521619146
78 21.325203068274128
79 28.78876250682466
80 -14.455172494502477
81 12.89008593008405
82 21.704543182527047
83 -50.64654791453083
84 58.53396268228111
85 -60.14131643027908
86 22.69792772361628
87 -13.883136800411151
88 -14.834468630318794
89 4.922309967428244
90 -35.133715370028376
91 0.19374615784495294
92 -45.34183022558259
93 2.170288459025987
94 16.99329700467862
95 -75.55773319261412
96 43.539254302188745
97 -58.141161072116574
98 21.464880049901545
99 -42.140775159146074
100 -9.435735061062436
101 7.472137827792567
102 -43.67263031667115
103 40.40394790649003
104 -54.699342002623005
105 27.110653948319985
106 -41.88734293350738
107 3.122436570049812
108 -18.961952370254
109 -44.875283470953896
110 13.39175904567657
111 -44.699085511511434
112 4.0202341941535185
113 4.480798068692096
114 6.868602649460825
115 51.821113625974725
116 -14.226721131705743
117 93.62429682347103
118 -32.48067721083273
119 104.53182484556099
120 -50.81515238485753
121 76.92300911290108
122 -33.216814988164174
123 40.52355487559927
124 -2.7127111285085883
125 11.68529977032683
126 0.7922422632146546
127 0.0
