0 0.0
1 -6.057302774044687
2 16.260003351095293
3 -29.063357391833755
4 16.51175256724468
5 -24.28618151260156
6 -18.962647769983974
7 21.035046034997674
8 -53.73896420322729
9 27.246410016403832
10 -47.56850746317867
11 17.62305434536905
12 -55.46658159229297
13 44.1577601781759
14 -54.74007941260423
15 74.25299241747337
16 -34.70626008635604
17 45.60617269401482
18 36.14254210271285
19 26.207621061839365
20 30.146377538811787
21 3.2319109501972783
22 34.881025780388605
23 0.2335874433186445
24 17.71138333939715
25 34.740575882341545
26 14.694430412009678
27 -14.20948347540233
28 52.551263224290835
29 -18.812183025962746
30 4.915997174200951
31 26.411971875930558
32 -11.54611067306383
33 15.265684244485596
34 -20.535672936691455
35 34.20179076585223
36 -31.484274630799785
37 1.4606083367967204
38 -8.054900663454067
39 -33.89024617421973
40 -3.698589875690119
41 -6.57716816651815
42 -34.05089094181044
43 18.667881202711555
44 -35.79333412621729
45 17.06737683969432
46 -42.56221723629504
47 -11.799189466352177
48 -5.2697754705085265
49 -30.63317340679931
50 -12.716548426093228
51 -28.992752354330907
52 24.96449295726435
53 -39.33558654567563
54 10.684560983542806
55 -17.60635701354457
56 -2.8471105056234025
57 -14.729290583324623
58 24.861991381320042
59 -68.7850523932619
60 48.68979841079265
61 -86.0950511163014
62 11.448387444797326
63 -26.73879605484934
64 15.774373675635921
65 15.236495342709386
66 34.29705852164455
67 14.636044787265153
68 -5.7087872705745335
69 34.327213388403834
70 -19.221786167746995
71 31.374877767003763
72 -17.51710524387117
73 -17.828474142570467
74 -1.757859696372725
75 -6.3114734249228786
76 -5.46827844750045
77 37.017940958703896
78 -55.03847224502008
79 52.99135669424039
80 -42.539357546236616
81 7.504736133790503
82 -16.401225518688573
83 -1.121963521818902
84 -29.70942366211604
85 -19.056845164876453
86 -11.886282326226624
87 -47.69093004989083
88 -11.927824148000672
89 -0.6606018173202601
90 -43.1814318695844
91 17.49167512822315
92 -34.171484036197334
93 -5.168857659717627
94 39.265321807359086
95 -66.0548505255441
96 23.478466140160478
97 -33.50196979848134
98 28.019423709216408
99 1.9070538541422835
100 -20.116090580837895
101 40.2198659339758
102 8.005221457035331
103 -0.271488110297874
104 -7.895383149720819
105 23.54915285611611
106 11.248661406009818
107 -0.45341859888322233
108 49.18392589391051
109 16.418593400690977
110 26.007020962673256
111 42.00335833558584
112 -5.131491442628506
113 26.519667384625986
114 -14.73733036514954
115 16.67973730886365
116 -39.384527286588856
117 4.550901257606861
118 -16.29894659452099
119 30.804284563419014
120 -58.6944889894791
121 37.22579022688783
122 -47.06554578340962
123 29.6765412578763
124 -6.069031629746252
125 5.574142679528259
126 1.0937993571130076
127 0.0
