0 0.0
1 -3.47627392111422
2 13.868460359665125
3 -21.211534377078554
4 12.569252157010226
5 -14.422704923511654
6 -13.99568670538341
7 -34.042327880755586
8 -5.191929168285851
9 -29.788246548674454
10 -11.790525603780301
11 -14.271480681965812
12 -19.922830372303483
13 -11.745991463596821
14 -44.18907629256845
15 3.063252109531994
16 -96.52152766531167
17 32.52030065175098
18 -29.659488009194174
19 -3.186160021972882
20 -0.9424053889886728
21 -34.205900333399796
22 -3.985914240841051
23 -25.485311180721926
24 8.563674858733195
25 24.550980660795645
26 -1.4675657054321969
27 53.76772049764928
28 -5.830411770360772
29 -7.512255478616046
30 31.366214989591672
31 -33.076467882929855
32 38.17485761788018
33 -28.451839894469895
34 58.6767283512088
35 -51.460842854773205
36 56.55432211237501
37 -48.401981573871986
38 11.614850313551914
39 -3.2404476506177713
40 -55.15637586836128
41 20.28632890193868
42 -58.71689613814833
43 24.375907838632173
44 -65.97938613020904
45 27.052793441826434
46 -53.03008998903902
47 46.10722840562601
48 -27.149883246758943
49 34.40594010514604
50 21.121559102586097
51 33.72792396628761
52 -21.629134820699036
53 -9.197510239728391
54 -18.95306787558077
55 8.124542822281889
56 16.14249345168192
57 -6.617570395481496
58 -11.873870727147622
59 3.6793386655823883
60 -14.632879935623043
61 3.4380023000522693
62 -19.23553366522331
63 20.245248769980147
64 37.910617509592775
65 -59.29950987948943
66 31.274121894582525
67 -40.12769502143903
68 39.49440821543083
69 -28.94237086588645
70 19.649153105322224
71 -27.845411922438586
72 -3.602817460845029
73 -9.167214403277601
74 13.761047456656252
75 17.207894430212225
76 -5.4419691531805015
77 24.32399493784715
78 -22.94720628631229
79 16.76883243587648
80 -29.06679308573068
81 4.6129928543203444
82 -28.58155017328138
83 13.785067027984223
84 14.812913490436356
85 27.43666110463441
86 -3.7394481494139744
87 8.703385378307859
88 -42.67068329819278
89 4.43286592655478
90 -45.955328357656335
91 -3.217575906543464
92 -10.497155917751936
93 -11.10482907110717
94 28.48189261760566
95 -103.47504281950336
96 90.47191659338631
97 -81.30943700759231
98 2.136101612334407
99 -11.390630815355522
100 -58.84509118042124
101 20.395560957658507
102 -90.38005610372963
103 -1.00260789857497
104 -27.161527513893606
105 1.0269542682537658
106 24.92992689796472
107 -35.73120946446329
108 59.92653517293887
109 -29.1177790566239
110 81.99226156516028
111 -33.476984615648846
112 53.601417785299894
113 18.625193340906815
114 -6.518067846726873
115 34.35071818634908
116 -26.197578097963117
117 75.27284164976587
118 -30.693339592747435
119 92.03291798934647
120 -38.51704775779428
121 51.09696458945218
122 -11.372698427282835
123 32.56402384671504
124 1.3772016317623053
125 10.583315727542217
126 -0.26099604658026365
127 0.0
