0 0.0
1 -3.696813037565954
2 14.252059990105748
3 -16.176173680566887
4 28.243512058942006
5 -17.97623940546135
6 41.89216408835845
7 -53.69520463458418
8 57.69909476184093
9 -34.494394091970044
10 22.911742188740952
11 -25.877615499035905
12 -20.46949102079249
13 -38.32603199728194
14 -41.93634253630782
15 5.941503929195614
16 -77.19517197291654
17 59.84276391885504
18 -78.28193553463092
19 69.50045594450191
20 -61.0542624071436
21 25.283329861241857
22 -45.50165541800093
23 3.053545705117829
24 -45.33617369612645
25 24.57572275737934
26 -30.531383006794083
27 -19.172586738206302
28 76.33924826301052
29 -66.79491476182238
30 97.93344556799242
31 -38.23162982558734
32 111.2501287846106
33 -22.529339879010408
34 11.999162139395352
35 35.78979467193629
36 -39.51576109455031
37 -4.590328091424721
38 -48.186521646639505
39 -27.693610463469636
40 -23.44332790518979
41 -54.048411456128704
42 -16.59193209760156
43 -6.353643491361155
44 -42.05288080614654
45 -7.926280713659763
46 -31.675320938012984
47 -17.63334669858334
48 9.116817977955765
49 0.2717338673719577
50 8.093452805380725
51 16.708055035350284
52 43.160872260291825
53 3.773020175685173
54 12.04228398855245
55 26.589926741914674
56 -9.033127625469417
57 -7.152854148187628
58 8.41046001629778
59 9.757877551500991
60 -10.600875928765102
61 -11.653682566335906
62 -14.783763460216214
63 37.13040122002124
64 -53.72371025349554
65 34.75740743723746
66 -8.159971728347122
67 -5.688550389305582
68 31.867242755762536
69 4.81879083226591
70 -33.40053200093632
71 11.394307662286757
72 -28.11087521596263
73 31.416021752530927
74 -21.902681187755697
75 17.487789965845796
76 -2.6375093108551093
77 -37.45703492513074
78 -4.497888848384128
79 -38.463539046155304
80 -24.72489009036341
81 10.323673329547791
82 -25.230363203067995
83 -1.7866924412140528
84 32.87360052119188
85 -62.03607760127091
86 1.0492872576302767
87 14.962384679339857
88 -31.84461235093241
89 -62.710782466005945
90 54.19139661495975
91 -65.21390132857033
92 26.038676834298922
93 -36.463380708830805
94 18.79858986932121
95 2.6381329236789166
96 -0.8045132517598128
97 48.06036601428295
98 10.311167228403983
99 57.04557248080555
100 -27.557258460410125
101 93.10051203821847
102 -59.06234458407857
103 76.0952418545458
104 -42.68166258265813
105 24.341233169366927
106 60.59420283177468
107 -25.39342322184013
108 72.11870514471673
109 -38.8992134330734
110 59.79811331015702
111 -92.62204138839577
112 46.59381982763196
113 -93.49887767484691
114 16.00358040179768
115 -70.36220396400718
116 -11.861143082898439
117 -9.567108645148846
118 -89.3627161732583
119 60.84409592994895
120 -47.06543985337684
121 53.85391340614597
122 -41.959163972657414
123 62.40444554555056
124 -21.753023127429948
125 16.498049257307628
126 -0.620059565848081
127 0.0
