0 0.0
1 -4.746755784156407
2 13.58638506818085
3 -31.651718038816124
4 15.667216879739987
5 -59.7945531032318
6 9.040742532485641
7 -79.15899204978666
8 -2.2332439182851864
9 -100.20493306711734
10 -13.46363207398096
11 -86.97629975420557
12 1.9961646761348528
13 -56.441758665956804
14 -39.1667154828104
15 36.159923430424904
16 -77.53137492645077
17 68.97804106000967
18 -115.5293580138754
19 75.86417344628526
20 -91.68719882002027
21 52.994846256663486
22 -37.50659898455353
23 4.046489651337024
24 -7.781564860686221
25 9.304718457592779
26 10.655556180190883
27 13.469355680450676
28 66.72836025341752
29 9.152676276911137
30 50.33222995907823
31 3.472692965950299
32 4.409715571841406
33 -4.482388966256139
34 2.383857653638713
35 -34.855536005183374
36 0.48171219654675285
37 -45.920573196634074
38 -24.435496509183864
39 8.641073778081806
40 -21.440643823219116
41 -1.4353652136351134
42 -7.0291760172221345
43 18.759771630444614
44 -12.628028234065152
45 19.0226618333927
46 27.761050281352123
47 -2.9840738225977574
48 33.62539768156229
49 0.07460999039565715
50 78.38900258270134
51 -21.4848469501501
52 10.854884003981192
53 44.31681597341752
54 -19.099865410863554
55 33.84927528530962
56 -49.31901281423241
57 29.27837808894148
58 -33.646244535355834
59 -30.99673246228097
60 -32.19048824716981
61 -10.732124284352265
62 -24.515385755443837
63 -16.03348509655785
64 -0.7893964552537341
65 -75.85099436822668
66 64.63174278765773
67 -55.26953876132268
68 41.86555136223544
69 20.053083752691126
70 -19.50162764609371
71 79.50477708864946
72 -63.363999656368286
73 76.81698470642515
74 -41.33108812767532
75 8.661334563992435
76 7.430234179131473
77 -47.981182124729514
78 29.461117194444785
79 -8.265936183495349
80 1.0466115374313314
81 -49.948390554099994
82 37.54117435132982
83 -32.6432947707935
84 -6.50095660752041
85 27.646103029962187
86 -42.559340655571255
87 2.269212651680852
88 33.42703818575874
89 -34.83705115755305
90 9.387524406299018
91 5.491696778367692
92 -7.532977612189573
93 24.24956996925326
94 54.59860428163777
95 -37.6762333697164
96 22.1093118370134
97 18.39982194238959
98 -58.855422738223616
99 39.39437516423652
100 -24.055349401807575
101 31.258623013674942
102 14.761018539105667
103 52.77615997110439
104 20.957531397403407
105 29.17138404328039
106 13.185961398431136
107 29.820722650962804
108 -40.40972898018256
109 38.18766214430191
110 -19.621893992266248
111 -12.826195591311293
112 4.544333570735871
113 -14.40085252563337
114 -2.504726034610007
115 -21.19717945580697
116 24.46354889671337
117 -12.90059278757378
118 -20.68124716412557
119 30.985563107779047
120 5.087357750886162
121 36.519647841734084
122 -5.139409327261103
123 39.120273958580945
124 -18.99426786907275
125 16.933259622924965
126 -1.2484374371889688
127 0.0
