0 0.0
1 -2.3049402717825354
2 6.873783274867124
3 -1.4214497740426901
4 -2.5401707158472786
5 -7.078798539110166
6 -9.999730734147425
7 -40.65948226717063
8 -49.31915256006617
9 -26.954492445724817
10 -45.44704743019136
11 -47.930932870449574
12 5.258841571644271
13 -40.97861110064333
14 -30.758108009179683
15 -45.74274643395738
16 -18.95105020367819
17 -21.575467934250888
18 -33.8659263410367
19 11.241348609380415
20 -26.241697801080825
21 45.423745910370265
22 -29.56431747106973
23 19.66438228404293
24 -12.653906546958812
25 18.17944071511092
26 -28.749726024603238
27 52.33929649160797
28 -82.87892744891504
29 32.94079552071441
30 -42.91419653407721
31 -12.284406366045701
32 16.365687011407843
33 -46.27920997388676
34 18.351422474311928
35 -42.385256043895964
36 54.38326117677256
37 -99.93559131171479
38 61.11901012972952
39 -40.0170410644272
40 56.26703396202447
41 -5.40593115330626
42 45.921594460032054
43 17.561537376162338
44 26.55346736248414
45 11.166612894822613
46 30.691804491398624
47 51.985179440785785
48 -27.713533959356486
49 40.221657633661
50 -27.78092000797905
51 -16.027905170446694
52 -7.848680576201212
53 -9.525421517921243
54 3.430502274184447
55 -9.202868423037584
56 32.50200984626832
57 -12.380333619593204
58 -7.400278069353453
59 20.324295762156513
60 -60.75084395837062
61 42.102148109587986
62 -55.57157579664771
63 2.195450047234744
64 2.2659679381684286
65 -44.54828212264864
66 2.9081547712188662
67 6.818118966997572
68 -49.84830846185576
69 23.95111153078011
70 -7.119034981887302
71 -18.753753419419375
72 27.183311660504692
73 -32.29829788489916
74 52.66203295667071
75 -50.28741453476566
76 44.94541945945798
77 -49.63060007309369
78 13.050139031006996
79 -28.18341424375869
80 -16.124459646941133
81 13.316787663429894
82 -46.47020571662082
83 4.421424796633806
84 -53.26606394486414
85 28.641598431181233
86 -57.36357848896986
87 24.847856716023767
88 -18.73704841204286
89 4.873522834358264
90 15.019697635745477
91 -31.608805386783562
92 -6.22398555181972
93 12.93339584537631
94 0.5628303311856414
95 -13.463062302698436
96 43.063451184885416
97 18.476045490108653
98 -16.71428060578206
99 71.62972208933742
100 -28.970831273385503
101 59.340993252833755
102 4.380275146631995
103 51.37486441681263
104 -51.546559542205536
105 66.21155510158697
106 -30.345744656471467
107 12.12534758713611
108 -10.919357643635555
109 -39.34089177435333
110 14.905919799415242
111 -54.322289279432816
112 47.4608122683649
113 -43.8149631756798
114 -2.645241383228398
115 -19.033456669069032
116 25.917205627452862
117 -35.27975751092986
118 41.404642951672656
119 -17.392536972697826
120 59.14927528983168
121 11.161147656197842
122 9.865529986276075
123 30.528021868444103
124 -3.434936107879917
125 12.882556702783967
126 -0.25600516628145575
127 0.0
