0 0.0
1 -4.6939178065355405
2 11.71589855763149
3 -31.138535387651842
4 18.360939221838013
5 -70.69066069501783
6 30.47468535806096
7 -86.67634314945215
8 -12.931955952496383
9 -51.51227633657665
10 -19.859200659717406
11 -45.65770741976642
12 -40.23114633292485
13 -28.10929910665402
14 -2.314295297267225
15 -44.07008044741211
16 49.51780040886209
17 -0.5741244411957104
18 -22.42720832608263
19 100.6563630328308
20 -99.56903776583913
21 150.593866965453
22 -75.54049267855864
23 102.47563830504471
24 -20.46614464864809
25 46.33917620090517
26 -2.687188895040984
27 29.730858775215292
28 47.00400819778425
29 -21.67968623756121
30 51.83451563826428
31 -12.40195015802828
32 42.90084247193949
33 -54.359940016560365
34 56.833425484336466
35 -28.89000037205815
36 -35.446962369422515
37 2.1293598235511895
38 -66.58102078156186
39 6.707335157486973
40 -73.50465275018253
41 -22.991717834890554
42 -12.845352526820546
43 -38.19326146157632
44 5.213197927381609
45 -19.11549739208515
46 -0.06419527334548525
47 -14.434265146184462
48 13.029908208430292
49 -21.540546710451892
50 27.13967582819707
51 -16.76005318240589
52 23.431136580317833
53 6.429016864243575
54 6.787838488205948
55 54.22996086768486
56 -23.285283232360722
57 90.63910027835306
58 -0.8277071961431055
59 41.26104361018125
60 55.21770397184592
61 -5.715010614033761
62 73.0821999227665
63 -20.297790484182684
64 56.95761653382564
65 -16.197359232889497
66 15.645303986924095
67 12.293196423055413
68 10.337127533960418
69 -23.240996579270302
70 -7.581875222130212
71 -20.9284963516744
72 -49.11714720453248
73 -3.4679469513248575
74 -51.48977069762324
75 8.885170267295132
76 -28.34413684632352
77 16.740350939109653
78 -33.79427822353651
79 12.216872671164152
80 0.11019587448369095
81 -17.13393001910931
82 9.219754213579334
83 13.993012661019115
84 22.123573737156025
85 -17.712256580292507
86 -5.802159182099453
87 2.029618883477838
88 -15.832589659301922
89 1.3582297539250474
90 -13.174239193831776
91 0.5835255966370169
92 -28.687006255951037
93 -32.50180424772983
94 19.161279827885394
95 -44.768451513781706
96 31.762762220457553
97 6.504130781929965
98 23.757248878831277
99 9.527149073725228
100 15.256549169859012
101 -5.565301572235888
102 -8.608928241053189
103 -0.7188475839478367
104 -12.271506849796152
105 -27.60247153653886
106 -48.18135129905045
107 29.83810772212347
108 -35.87146077998294
109 31.353096922439303
110 -18.383335897456696
111 -45.01012072232709
112 18.655634172282586
113 -56.61620469357281
114 6.286559354926261
115 -26.457150734311522
116 -8.319256385686755
117 -8.474382575753667
118 -1.105496686360909
119 38.60247010845161
120 -14.285755062773225
121 65.38812276198635
122 -29.515681994769704
123 57.90227810489955
124 -22.38189772245549
125 20.914136220309004
126 -1.37294685441801
127 0.0
