0 0.0
1 -3.352229734910187
2 10.110063196487841
3 -21.95700722303231
4 14.0563579238798
5 -13.752600367521831
6 0.4355417622338831
7 0.07752419394681938
8 11.62446910801752
9 2.904063564683914
10 -14.966174328876345
11 -5.974397501815249
12 -33.634642230434885
13 -6.999220115388345
14 -0.30588643082478845
15 -36.40544935531631
16 30.300210390250175
17 -39.36400405399137
18 21.15078301154787
19 -51.69447881614874
20 17.34426217986189
21 -9.438262192608414
22 4.9775133502186
23 -16.106469191708065
24 -2.9646332173352636
25 -34.17800318580851
26 7.1667741183097275
27 2.0069730246542683
28 4.365341889197697
29 23.232724850708905
30 -36.94884048464328
31 83.52998178384871
32 -99.79974990782229
33 41.407416498414364
34 -59.94779936309826
35 -26.119617972206065
36 -18.25917217633072
37 4.538871735740329
38 -19.80236815128791
39 -37.04237204269186
40 22.782015899428917
41 -27.15300087975343
42 20.920875237802473
43 5.71428423307393
44 36.43510297389032
45 25.14872816215643
46 -11.945447458741787
47 50.473142603969556
48 -82.13689123044415
49 52.761473067721575
50 -51.57180446035608
51 2.8603293913723746
52 6.720041585554359
53 -55.22094064616066
54 4.24157752420302
55 -31.269357035988683
56 7.204142022789166
57 -8.18228503156859
58 -35.79919249997811
59 -8.630568205058593
60 7.7530755944118335
61 32.00978346985896
62 18.761106857599067
63 -12.513723319495076
64 43.04862412412483
65 -2.9228866384251937
66 19.419499183047645
67 -13.769994506378211
68 -19.59829508683414
69 25.257518521071948
70 -54.45487110593152
71 29.030428295722203
72 -4.813364444234871
73 -28.228953626862584
74 73.30980819303659
75 -119.81131560537563
76 71.97311518827209
77 -62.91881011275889
78 2.9009087812079897
79 2.6595297648626963
80 -35.93806636404967
81 33.443955157257264
82 -61.573616354279544
83 33.50287091815407
84 -27.25927567068851
85 8.410540111338154
86 11.957775981758175
87 10.575352224415996
88 22.226099774818696
89 36.720101439252836
90 11.80052438029013
91 1.7845248138096714
92 47.520080263811394
93 -20.893658120958335
94 8.076018735515923
95 27.219224054473244
96 -16.770595301459792
97 33.9095299395786
98 -5.044474549085498
99 -50.81656906933406
100 16.89121944599766
101 -7.153104858406146
102 8.191171706818244
103 -17.182385526560058
104 30.226056826901562
105 -36.20482348799967
106 6.574639187761147
107 -4.75309195355057
108 8.453954294785472
109 22.448114071674013
110 -24.268906769091775
111 12.327300325746906
112 -46.13593588303828
113 29.648852425436687
114 -56.85710670970107
115 78.53342333852966
116 -21.914488202895704
117 20.694238269597687
118 -7.062231310048531
119 12.557562005739765
120 -4.941923101543866
121 28.646043877706266
122 -19.2577616658371
123 17.461306333003904
124 -9.393232973067924
125 11.710153939651748
126 -0.3747996029110494
127 0.0
