0 0.0
1 -5.2091868583709005
2 12.894422378436918
3 -16.539214572303933
4 11.89937294830438
5 -36.46608018809951
6 11.32333008833983
7 -44.86323423483829
8 -32.59348457552202
9 -19.954269937767865
10 -90.86301361142789
11 32.80505367203208
12 -99.26458235687922
13 9.98068989402401
14 -45.011529499294646
15 -5.987727974207427
16 -31.022953168711858
17 41.94205768785523
18 -3.5131904283909794
19 33.76214752113879
20 9.343780773191497
21 75.65901500329227
22 -34.895092425794935
23 63.43313319135918
24 15.135125539071394
25 -24.12721528444678
26 58.97022263487869
27 -42.50720422073283
28 42.83785488107232
29 2.509392537923193
30 -4.586570548326847
31 1.4226480176976843
32 -5.069484680534549
33 -41.0452964203399
34 -24.84494170054947
35 -4.17643544009751
36 -95.77202689801503
37 -16.11459659209982
38 -25.91884078672019
39 1.8246196539706554
40 -44.494875174601326
41 27.412305783272902
42 18.468069749780167
43 -84.14910367902685
44 28.790406108153842
45 -10.215979936144462
46 -9.870722860534036
47 54.88105583365725
48 -31.85483430623298
49 62.91416865290887
50 -15.32436704030789
51 41.12270559989947
52 -1.032828790945898
53 14.014604572169903
54 11.773911595444108
55 -3.200445357596665
56 -3.6250365992674594
57 -8.593542925434848
58 41.72574585831614
59 -56.2769097119222
60 47.734628365255624
61 -46.981739610746175
62 -13.185897595444384
63 -28.21142241572645
64 -12.163750890763344
65 -21.422334456775577
66 -23.68399855311242
67 -31.833217381914448
68 -2.118649032346638
69 -67.3750939514645
70 63.363397433136356
71 -15.250047326746227
72 29.064336689237322
73 16.748071271369703
74 -25.64883778513301
75 43.379289743186845
76 -8.733659590493234
77 16.168216655965292
78 34.19196721131963
79 -11.627346734216093
80 19.742255594086462
81 24.446969356448438
82 -15.37210068539196
83 2.2360380234684283
84 4.884307942049109
85 1.710101248973292
86 -23.301472812920004
87 16.931838945915107
88 -1.093433819479668
89 26.24212246372576
90 -26.33393665351075
91 45.686201283733446
92 -17.316890772354828
93 6.757216294663742
94 -20.61573975088875
95 -8.99500191031154
96 -3.7446242909254552
97 17.706274634792063
98 -19.193351684378182
99 2.9283580701946907
100 5.9765401154573246
101 -19.995643081536592
102 30.9266506734038
103 -26.757890399495206
104 -52.689802497845626
105 11.609424849575818
106 -55.136150166945164
107 21.683841124933465
108 -50.56159185307058
109 -1.074338966047718
110 -5.975687588738975
111 -10.256780617915663
112 20.651119686368816
113 -38.296728701086735
114 14.13123427587602
115 -27.287268069294576
116 -18.85272329233819
117 17.11914917210551
118 -33.35404263848373
119 60.516848015996935
120 -21.067289642373254
121 37.03989570628112
122 8.01337319372772
123 17.357660447920818
124 2.4477198024877054
125 12.272436089973773
126 0.9454410662758058
127 0.0
