0 0.0
1 -4.4759881842762645
2 15.154978928755458
3 -24.953162496745076
4 22.745476135801493
5 -38.241640817391826
6 23.267086270582755
7 -18.000774186694635
8 10.307752866154802
9 -27.21742261451667
10 -8.17943235620885
11 -36.511588792714456
12 -1.7082442946603613
13 -31.733260274821973
14 -9.278714618391305
15 10.225964201019625
16 -50.87154590399269
17 53.979839473243935
18 -54.44652059369001
19 34.48362419593995
20 -19.81873510930347
21 31.235843040384523
22 -81.9606541961083
23 50.57878640751542
24 -42.85050706434303
25 21.469511673930647
26 -18.265484289630894
27 -5.2617216924082575
28 -5.676736527229503
29 -13.238340010941604
30 10.977613898777689
31 -24.86166333348047
32 38.21585857392393
33 -21.660032624772214
34 9.825802598180902
35 -10.005683858666954
36 -47.84983205983049
37 25.23040632041296
38 -24.379007461012353
39 -7.99629202335292
40 55.32316049963031
41 -11.54878759168931
42 2.575376959648905
43 -29.328733952987747
44 31.105462807350715
45 -15.51732332538228
46 -16.05047386982635
47 -39.72568342965123
48 -8.28718165156968
49 -26.7129620696842
50 17.41385922389142
51 14.97299400145502
52 2.1076427469944647
53 -27.504313870379796
54 18.828873373883507
55 -12.650388053968326
56 -11.917951326297356
57 -16.69538087419215
58 22.460706741052686
59 -14.970729181907174
60 -35.51299245833482
61 -10.316469589070296
62 -27.864127307266084
63 -34.85943591972895
64 -34.74511021419924
65 -21.225635900024304
66 -34.818713941583894
67 20.065525378446644
68 29.89518107386632
69 -44.16686026069268
70 66.9071189542413
71 -31.666874356448535
72 11.528230237876624
73 36.366647822471066
74 -54.98134804345228
75 73.1223551359443
76 -83.45235901166099
77 69.12353950630461
78 -31.628862734535517
79 38.76272452154132
80 -5.488419924284474
81 17.313994126373267
82 68.19993770458933
83 7.343848416041602
84 23.485172109178862
85 3.7238923223085845
86 20.000078879080625
87 7.795719740538542
88 -15.190741302724474
89 26.506303155924616
90 -24.714985917488757
91 13.373344276395782
92 -7.076712989779796
93 8.680960667041262
94 11.359876803019304
95 10.043301926033049
96 39.26685553520348
97 -16.788763196990594
98 8.816138654640186
99 -9.993011403923397
100 14.459006543491675
101 -11.048035998248817
102 11.22108334715401
103 -25.943938544565658
104 10.716561770868193
105 -49.97165368082351
106 -7.19309883210772
107 25.736632095069208
108 -66.0029869408835
109 25.11289671040215
110 -32.75328699320058
111 -25.068488004177272
112 -13.779963737950444
113 4.614851212927088
114 -32.37103912848333
115 -17.837986687459747
116 -7.235911726942285
117 -13.126581516138272
118 -10.626253641845725
119 29.052533739368744
120 -19.059131346232963
121 58.31990663219746
122 -37.54406896478938
123 45.10352338311964
124 -6.224665591056904
125 12.53290628741597
126 -0.23114946611007364
127 0.0
