0 0.0
1 -4.302045285722102
2 9.324948233617881
3 -17.732425948755882
4 0.01971845211349752
5 -28.782800696502054
6 -26.461544134893554
7 -27.98423527192967
8 -28.1646513429673
9 8.36495533326551
10 -96.20857626567664
11 1.1476926828542833
12 -10.658668177798422
13 -59.0219564771397
14 13.36639395558006
15 -83.4952349510845
16 2.4854447511851463
17 -20.812877658202336
18 -39.479351248635865
19 -24.345601116288364
20 -0.8119153189575136
21 -85.49704694849002
22 41.94767840529519
23 -42.38957965903174
24 -23.44930112771363
25 49.45908186277002
26 -58.62457225929692
27 96.58835844031674
28 -46.4607090983464
29 16.967600863069833
30 -2.5950229185897813
31 42.7579459004972
32 -11.118784781752623
33 28.32006533878391
34 36.92213161881893
35 1.7343491002016638
36 70.23751346535586
37 21.445042542162334
38 -6.30202859251632
39 61.85595516654397
40 -48.93223449675842
41 48.686346665132945
42 -27.1735367490122
43 -15.068669916187243
44 22.129947617008668
45 -52.977140283419075
46 70.95420391824415
47 -42.586371566706035
48 32.47913715019061
49 -26.13670717450119
50 -18.440138820167764
51 15.061786027145809
52 -34.955704647795386
53 16.794788562071528
54 -42.255136653198925
55 7.698595286772491
56 12.140185340775304
57 -37.14647394186892
58 12.11776726328133
59 -0.05608922904189586
60 6.128462158370608
61 -5.5327950396956735
62 -9.491090746843403
63 47.66568191760845
64 11.468544012096611
65 -39.339632529790805
66 34.54538059938275
67 6.152134481104005
68 -19.91250408946835
69 4.833045500219145
70 2.921019837594768
71 23.98443172492355
72 6.536062268406189
73 -0.4554032405665521
74 1.6593971561213305
75 -7.0074127742021135
76 -2.333259884437309
77 -73.88587581019003
78 27.150513212583977
79 -57.57564254724241
80 22.088426558095012
81 -22.79642402143711
82 -56.612667705910646
83 50.261401264262034
84 -88.35918530361853
85 27.178262959475852
86 0.3879218403741148
87 -6.569040544756536
88 58.55413123176621
89 -10.334807327918428
90 36.14560963113779
91 53.15918117180747
92 2.7496684621895806
93 60.94589538235381
94 -11.454103180637826
95 81.55678450526796
96 -32.22422189967526
97 46.36924312707464
98 32.57841848075585
99 -52.27454684022879
100 50.015557207698926
101 -40.435431979267626
102 7.133846963051621
103 -16.655364104996647
104 -9.379201805937369
105 -7.170425648477667
106 1.5929760659479542
107 -23.296773212112864
108 -23.844928230602214
109 -5.551618940563728
110 -47.84673018324799
111 -15.892259748234887
112 -52.06455981229183
113 15.013292468228327
114 -42.855021212464344
115 8.150536415587629
116 -4.520108855487286
117 17.872802860685525
118 22.360824914214977
119 10.94206306104344
120 3.538054615593547
121 17.335279761555803
122 8.37786135291189
123 21.347624339420598
124 -7.519468524574527
125 16.163951979905576
126 -1.1288538547253397
127 0.0
