0 0.0
1 -5.887028579971371
2 20.723025057979957
3 -29.464778100856343
4 33.16180261220708
5 -45.04785826011967
6 -3.032533408868103
7 -25.79361398496456
8 -80.12733602958664
9 43.59686881548908
10 -79.37281516325376
11 11.554635704006083
12 -34.4179351752992
13 14.08401723262227
14 -47.48931419426294
15 53.99085584145412
16 -60.80096831705547
17 38.088445665094724
18 -48.41215393437671
19 52.08121836638495
20 -24.422767587636883
21 31.67259924758016
22 -2.197356277673788
23 -14.89087861985802
24 34.571990262437794
25 -16.638989619525947
26 -54.99433234894293
27 57.18514310914739
28 -15.38489271329825
29 -3.990449691419182
30 85.2822917161416
31 -27.644541087358352
32 72.70723308544095
33 -51.66703612038814
34 17.230252019310516
35 -35.99443809746071
36 -47.06384858574708
37 -13.25621666504575
38 8.90836887030066
39 -46.284077193004066
40 69.17228773155358
41 -60.46873502832097
42 67.1645775714076
43 -19.5305100159769
44 -1.2924701735344537
45 50.138790326278276
46 -60.85908504826952
47 28.930054097684064
48 -45.291583358676895
49 33.050998858362696
50 -63.41881282128383
51 45.15363780850915
52 -45.81422879419465
53 -10.64653462030666
54 -8.156503980711946
55 -21.697566069209703
56 -7.774610521311446
57 -38.50554844579205
58 -21.477454571450867
59 4.521252424315236
60 -37.38928571739637
61 -14.994643018638026
62 3.3024426481806097
63 2.838545251214918
64 32.782785965281775
65 23.11610768103754
66 36.33694456052449
67 -43.15922758208112
68 29.287172346081174
69 9.564774808807282
70 27.02605674559494
71 12.927292292988358
72 67.67711461432025
73 -45.511305044020276
74 49.40742089622197
75 -14.778425440972176
76 2.55678427182862
77 23.166347418428852
78 45.96299388345844
79 20.229883416835165
80 -20.016166711525667
81 22.968180945478988
82 -40.89158582032142
83 29.568801793741642
84 -22.635667878623963
85 1.3083756724097186
86 -46.77732121996234
87 68.47791005954748
88 -25.48428273088745
89 44.14116049849117
90 -33.761073931479416
91 32.10532655113437
92 19.271749975537972
93 -50.643414441273265
94 54.24204718371807
95 -32.00218226852692
96 4.1300299323302685
97 -21.995278954776087
98 -22.43409790352991
99 -26.561505542250703
100 -26.65458046866449
101 -38.84580535157738
102 -14.445934289907154
103 -14.590412910052311
104 -13.635998213850067
105 -16.69634676779646
106 -5.291518755043474
107 -17.252357713377272
108 0.8635807917303329
109 -45.04131717183391
110 59.70611314305077
111 -63.65119504741223
112 34.6606681534728
113 -18.183042330835587
114 -3.861563127454693
115 6.793053755468232
116 -31.00460518765935
117 62.39432874510528
118 -152.69421837787561
119 114.47752209597485
120 -64.44178338418389
121 39.96979320827421
122 -16.75266137164408
123 25.42759261184419
124 -9.596152498641727
125 16.000093793136507
126 0.08257988686695723
127 0.0
