0 0.0
1 -5.303453181519123
2 12.445336476283623
3 -14.820079288928362
4 3.4197986553035804
5 -13.29307930413891
6 -27.06231569339059
7 15.447614025643151
8 -45.195328898176015
9 25.351725533340794
10 -20.033723854241586
11 -2.1317844257464413
12 32.339547756864086
13 -21.7211259943296
14 22.177710895650865
15 -28.14543087001769
16 9.701631349023996
17 -37.89287586271161
18 30.42703718482177
19 -57.63672211666599
20 -8.129674260011816
21 -37.50622153386587
22 9.891288213975479
23 -5.553948187573881
24 5.352035271151821
25 0.1478544343915378
26 -27.403218955042107
27 23.050479365736642
28 -27.822347273027027
29 43.028642805869325
30 -25.802214514623206
31 52.11883574678748
32 -99.1308953295017
33 119.7596188466697
34 -81.55424164430241
35 -11.985694121279895
36 43.428809194882994
37 -52.87746874051378
38 7.973177332991651
39 -60.11609208851599
40 47.997271256927505
41 -85.5469981591825
42 37.13838998236771
43 -43.25673957265924
44 -37.00627241565994
45 31.571074814846977
46 -74.37256459699833
47 17.956134860411787
48 -34.00456438681396
49 2.17349197767678
50 5.10143256572203
51 3.7013938876976953
52 10.334285020912922
53 -8.039157258743629
54 26.465816276008738
55 -18.730675827640734
56 49.52227185214355
57 -18.116630546287347
58 2.731899825835694
59 16.37033473140513
60 -17.686162338565204
61 -11.025316570606341
62 53.761328218626446
63 -38.6298821339948
64 28.56427300201979
65 9.165661125046638
66 -16.27937931950404
67 46.05704852702833
68 -63.156575708541
69 35.28374431784986
70 2.9700249670436665
71 -52.57991283900965
72 7.827692642362097
73 -61.54087005047075
74 25.25255475444305
75 -37.984150974575655
76 -8.647285421079744
77 -14.935793304297219
78 -25.928519978735356
79 37.584307168445115
80 -40.13167473640951
81 47.20392602015074
82 12.274515561513615
83 -9.965066923360249
84 -8.298339900031444
85 35.26186391918179
86 -45.77726034645843
87 10.962516114875335
88 -42.32727484211196
89 29.072691938407623
90 -23.208092752649723
91 32.37726428659301
92 21.008159375169992
93 -25.952018882597798
94 16.15085193629248
95 23.938640834343236
96 33.24975617703105
97 -52.04320299607813
98 101.17134543850729
99 -56.76733684238781
100 57.70629311716826
101 -23.12686750403776
102 40.47332615825785
103 -10.709496363458852
104 3.262982570358438
105 46.979762497240365
106 -13.61334219029417
107 26.20660242786647
108 -47.33020570386581
109 83.00469072101818
110 -57.945714743898
111 -5.348827817151075
112 7.977767222109539
113 -13.434816015232185
114 -22.37578551587292
115 27.94963249162918
116 -59.18389325406638
117 65.59128957005993
118 -43.83638887524453
119 51.94103859476262
120 -13.257164851243946
121 24.623845862012505
122 -12.970953019484053
123 31.54745168993979
124 -8.173017195359101
125 11.14920928758448
126 -0.18269376616954228
127 0.0
