0 0.0
1 -5.008751922778594
2 9.210070345970793
3 -20.93201168445513
4 -5.708352989278944
5 -16.652892389365014
6 -25.983407958939587
7 -18.670131307476296
8 -16.71003479341178
9 -8.987074580746928
10 -28.148880981241483
11 12.816520817744575
12 -36.67823555489785
13 -20.842787456420677
14 -9.034444658493207
15 5.420282827326831
16 -23.770683025216115
17 9.879848655408964
18 -37.79191106982278
19 -3.555511335421968
20 -30.543788928123455
21 -30.447646453617057
22 -16.300700158040286
23 -4.592354373488571
24 11.20003738193815
25 -8.37038624442721
26 -1.06917223236351
27 20.19837528204405
28 -16.960067046672528
29 18.35425264650893
30 0.7084168875199638
31 -36.78083371360643
32 10.251491572060944
33 -3.065816081041854
34 -24.610172749488637
35 57.272071480878274
36 -43.20068248559975
37 35.989315665216296
38 5.997892290401482
39 -39.005637165714674
40 65.19158975939946
41 -64.92951141455697
42 67.18356734759314
43 -18.181662088742332
44 45.140160865892156
45 -1.0238759392446068
46 -12.633198560677615
47 -4.235003352587883
48 -35.974990971760114
49 53.45887452086062
50 -56.230674378905604
51 66.8393160576807
52 -39.57324363522734
53 -4.838432733997369
54 -8.820093876066338
55 -7.823553710984629
56 -23.63707024230381
57 7.064602066875746
58 42.127988607718144
59 -4.793519909352581
60 18.02402924969936
61 -45.63537638152557
62 31.354808923159815
63 11.632129530962382
64 -1.629320322239745
65 9.012661263228662
66 9.946235289091518
67 -3.7640726545174683
68 -10.791412430188164
69 29.803027962850663
70 -45.877342142954
71 45.93863002168908
72 -47.64846500836948
73 -26.805760388656203
74 31.72105098204506
75 -95.59835589108424
76 43.045968545577146
77 -56.60275700526577
78 -32.062208524183646
79 -4.293457771490977
80 -50.37159284592588
81 -25.868967467758303
82 -14.50136560376558
83 -27.595142721658405
84 -28.469733340210954
85 18.2764746668326
86 -22.613045423258388
87 47.37681823830906
88 -4.814889856724554
89 45.61200018445479
90 17.459772208803972
91 20.858224644603126
92 66.23721089368892
93 -1.3092184342826063
94 31.77790368872801
95 14.050923658683743
96 -15.781085311837161
97 -5.173385610965358
98 17.61142850677613
99 -76.60150974104882
100 57.005575676571965
101 -4.9519510457509
102 11.298366157509951
103 76.69014234985497
104 5.233419930440758
105 20.469887674818317
106 -34.628363936448125
107 51.96596594311409
108 -59.72303489027337
109 15.117864013471495
110 -75.82887958260184
111 24.854683924155914
112 -79.59525279165143
113 -6.966857238056694
114 16.286278345442554
115 -36.225131696826836
116 20.020020438607414
117 19.38528675012774
118 -15.805867490507506
119 30.69166420875113
120 21.428569318244083
121 44.719684823824366
122 -7.7706518903740145
123 30.88468577788786
124 3.8486299701038265
125 8.853315969925271
126 1.14041552849305
127 0.0
