0 0.0
1 -6.272055116194653
2 13.155572805261
3 -24.670588818325065
4 -8.967552351194621
5 -28.1427763199691
6 -36.15924469371711
7 -23.592107904542935
8 -47.97833919074067
9 3.3792067221095374
10 -108.61119861064353
11 54.96378756045507
12 -118.2737866209076
13 33.401343238181454
14 -104.84259601800505
15 65.45240755230185
16 -95.43955427483678
17 59.156977901487835
18 -31.2875470666314
19 7.438129527680074
20 51.30954381789004
21 -53.825799758165736
22 52.62508161016451
23 -44.92657577284159
24 75.77963699347005
25 -40.07612910623814
26 66.68625581960241
27 2.3907107571800106
28 -8.974657768162462
29 63.47729657667275
30 -11.924644390547096
31 14.782292343609374
32 -5.431200425463746
33 17.65650730440532
34 -34.938211181006736
35 -2.477853143922599
36 -33.72807955661576
37 -54.82890961026987
38 -36.000487262307104
39 -44.93352160329436
40 -3.8101236050140512
41 -47.26010691498823
42 45.10067594907605
43 -32.426105524253806
44 13.89854584637724
45 -31.98613267507443
46 -14.954676047491757
47 -29.981147144361582
48 -21.45212534252897
49 26.003399218214575
50 -10.876151278614746
51 39.29889494379399
52 -4.910959644331527
53 38.33833589463687
54 0.5036807121354129
55 19.546370894541955
56 -18.796739818754563
57 -16.104869840557928
58 -21.01199878168781
59 -46.69631704713875
60 36.8700625786298
61 -58.02818189826393
62 33.428386813760575
63 18.210633536426535
64 19.466978548540826
65 48.63279618874108
66 1.9755999932146386
67 31.904069575447192
68 11.548873243831752
69 7.045220305153519
70 10.064244499778772
71 52.20412599737443
72 -37.623466569116026
73 33.27214008137765
74 -24.431237805957103
75 -29.26765625277827
76 21.761661200768298
77 -22.650967092679288
78 13.939352404700152
79 17.032396759977402
80 -17.879805519442943
81 7.062949162634795
82 0.523023004536423
83 -8.90903557603342
84 -19.610382390371665
85 -19.57433867138382
86 26.888901257960853
87 6.6041041520087695
88 -23.479736415946952
89 63.5185640548107
90 -41.386218094077165
91 17.897265833700594
92 -19.697727953891118
93 0.5882278110822157
94 -0.25840304591801005
95 -14.159583599984023
96 18.861486120110175
97 7.858640015433375
98 58.794233748753285
99 -14.620285347108142
100 23.433962099408046
101 11.375178493181693
102 46.35839754445019
103 -12.658921653262187
104 52.03167042158349
105 -26.59003165985606
106 31.523305224752217
107 -25.516241554191346
108 -34.82723227172999
109 50.693777616860906
110 -75.2129894442416
111 66.44077067486923
112 -87.17090067448018
113 47.99301171248077
114 -35.28599652598128
115 34.489301687774564
116 -20.823233654229284
117 10.247837819962378
118 14.360787821661265
119 18.26324385194018
120 0.5278952119852577
121 34.64470132332826
122 -13.028238101177918
123 16.584877589002744
124 4.036612957371682
125 7.028084657919865
126 2.3856453097837753
127 -0.0
