0 0.0
1 -4.4018414255463165
2 14.108512090244298
3 -25.11576445922562
4 9.455406000285857
5 -11.896808486532676
6 -3.135098285430548
7 -21.71118760858499
8 -27.1584992959481
9 -18.83034230192763
10 -51.35719237007336
11 -0.5480033457286836
12 -24.809095592407115
13 -1.5442876357971766
14 -7.534672911726975
15 16.77295932649251
16 -54.47985577187615
17 47.87321841651037
18 -7.944073287662226
19 -25.30620605409137
20 43.073450246407425
21 -33.49198459096555
22 36.026378642641326
23 -22.857286897252713
24 16.120713856957003
25 -19.79703982620655
26 0.29135158014672413
27 6.593957867805402
28 11.171599436967165
29 -6.253014940903781
30 22.681591785294657
31 1.0439480301562156
32 27.08937480045459
33 1.758593574106005
34 -4.424426468017377
35 -2.5346923781031845
36 -10.996919925714847
37 11.336951536274755
38 -78.6373353337342
39 52.88848808436564
40 -63.13266472405609
41 29.971798587271145
42 -31.625513140480695
43 -19.133542773969793
44 -16.655262575686606
45 -80.0946228899883
46 -1.1492384942302276
47 -29.735433562337516
48 -43.61117215881366
49 23.088621727137625
50 -24.3369171392956
51 18.191154282584836
52 1.536367984846331
53 34.32861012478216
54 -30.4084611024451
55 -11.018009036321072
56 -25.504971939581882
57 28.080611451173095
58 -2.277942894320255
59 -9.83448555282264
60 38.84937300722258
61 -63.005557320828345
62 64.03301658669771
63 -31.223860786462147
64 27.80050744504657
65 -21.278823610882895
66 -7.938127395462328
67 -8.880541654252792
68 -17.401473020491963
69 31.980969295888606
70 -10.194225248501256
71 32.92995357910533
72 -39.15820298152003
73 38.112000779264875
74 -23.199547700466162
75 12.954945507949867
76 15.645289131000139
77 46.151565013550524
78 -17.626575218959108
79 74.77391700754538
80 2.906429655561942
81 -6.607090025584653
82 61.92445489779498
83 -53.724395434342924
84 28.269961215253808
85 24.178671735218916
86 -18.78943608527538
87 6.105341605553862
88 13.376878065125887
89 -3.2435683616369912
90 13.324705381246268
91 13.171240216423016
92 -15.600509444450491
93 25.558529676742804
94 -4.76398483642203
95 -27.876182326182835
96 53.473851162597754
97 -82.20055720747536
98 92.41695211147746
99 -74.67225894941069
100 64.73919085592513
101 -64.58281763021611
102 10.428696481896752
103 -28.754241035091628
104 -46.20536702026024
105 5.087066012969541
106 -80.56376942671821
107 11.808250719033895
108 -72.32302163993958
109 -5.575300411308517
110 -29.869305382627264
111 -32.82221674588657
112 -18.423936504073822
113 17.463179304020272
114 -20.871985373554967
115 17.361841398992304
116 -40.96810908657082
117 45.34141685973412
118 -80.39269082076024
119 62.98316287936413
120 -4.930307924882504
121 22.166930226204222
122 0.7517648335851578
123 30.703277438253313
124 -7.001935494123583
125 17.354031884098102
126 0.2463115786398722
127 0.0
