0 0.0
1 -3.5519951846822564
2 5.121466329505371
3 -8.53507562571473
4 -15.270284397605216
5 -20.456832718550547
6 -9.558281062383939
7 -43.96569835595202
8 -8.742977741621136
9 -20.407793758095863
10 -18.915220827504452
11 -39.20957739898606
12 -37.28931054560264
13 17.13677341822014
14 -60.965822905385956
15 56.98927133149133
16 -61.50003011353714
17 40.02769051173884
18 -17.133293244813697
19 -24.209173757896405
20 68.31602186098341
21 -68.57194837214783
22 78.69620232687122
23 16.224760298340733
24 43.46534813048543
25 10.147681593682512
26 38.55489623065006
27 19.569814825696426
28 -20.516404851840626
29 36.89922910524208
30 -69.35128901957609
31 48.69111770813259
32 -98.15048469346725
33 25.548165166168268
34 -41.439030928663264
35 -10.003687795046101
36 -55.746297467310384
37 6.667129225200871
38 -7.6437880142897425
39 -57.93322345571609
40 14.107343958070553
41 -59.58581766708179
42 33.496583735085004
43 -15.668655450442083
44 10.04819354172737
45 -5.302256725018207
46 16.216431218976773
47 14.275876736102093
48 27.966985997117607
49 9.512934958037105
50 31.05629559481745
51 1.5245243830745114
52 40.897602491468476
53 12.78756665424105
54 -28.97835429134659
55 27.094754149505974
56 -19.216161451916218
57 -38.94320518606216
58 36.81551806049204
59 -33.67316610553448
60 -8.92315389039853
61 -13.93792293046613
62 -20.519501669251618
63 2.0532729710328197
64 -46.42016559409771
65 -23.228833724018912
66 -37.13450735878502
67 -16.540896615711677
68 -29.205880418633402
69 28.938717520593272
70 -40.74906805034123
71 7.323503614405579
72 14.26516536410116
73 -32.97704300834939
74 19.40116307915805
75 24.063875028948896
76 10.326215615846426
77 16.770552956650683
78 9.627503176615148
79 -3.750273058533176
80 2.1901503347186684
81 -27.83370216142286
82 0.6048709825288726
83 -22.24275403625205
84 -3.7923313238439054
85 -38.145357494435615
86 -3.550561520646242
87 30.71238549452631
88 -42.53715276723353
89 37.29720958879183
90 -6.142427001007249
91 -10.785058070381409
92 5.433766206084969
93 8.62883284533495
94 32.84666968935342
95 38.710373099418156
96 40.103334079268926
97 12.736473291145117
98 24.619714557524475
99 2.9426120861497256
100 54.43387426471987
101 -40.042569637992464
102 85.72545101058904
103 -42.47500963190054
104 18.059872654216083
105 -12.181439417412385
106 -0.773841534141597
107 -20.29639988038495
108 7.786011538137438
109 5.202488878215865
110 -35.456394192479436
111 -14.614510336434543
112 -30.41213386706763
113 3.1508260218059747
114 -71.60680893290626
115 55.37712328116316
116 -50.95214064820432
117 46.77707765838864
118 -30.302133886842512
119 35.139065020855256
120 -32.8787756592235
121 56.323473724863916
122 -9.921000556655171
123 24.79266860342235
124 2.7413078822443597
125 5.51386290135014
126 1.277147275820719
127 0.0
