0 0.0
1 -6.016824386685374
2 11.214340309953325
3 -24.78936229421939
4 -8.839799354740734
5 -9.76492138339295
6 -52.43182479037294
7 -29.80448775131823
8 -45.054121197644434
9 -52.19379411394484
10 -5.9102020713062515
11 -47.83132541531164
12 9.061671479799564
13 -46.835917567016466
14 -19.605283056406694
15 -6.7153650371266425
16 -17.68361442318499
17 -11.920188145319317
18 -67.05072383855314
19 49.94506427987501
20 -48.6794028747609
21 -5.7502813137399285
22 -8.296492378526844
23 33.39040123504152
24 -47.40234749208126
25 46.15352122189258
26 -89.40550168010779
27 56.810517443622246
28 -37.13723290875818
29 38.58220587325758
30 -11.978851064519501
31 9.955940571873926
32 43.904302245348354
33 -50.639540845426474
34 49.50505606061908
35 -45.23694210532647
36 13.489698880209879
37 -7.972778512743175
38 51.42342160352603
39 -66.12356465245806
40 34.40364366361758
41 -41.45900858560223
42 31.308618237766034
43 4.500646743117631
44 -1.0303108460745354
45 14.385976909561734
46 25.091546737076047
47 8.776014262947909
48 -1.0440907922901872
49 45.61653042287753
50 -27.75819496169272
51 43.337023078291814
52 -49.46335212510914
53 65.72983815761302
54 -60.6833400331474
55 6.470533177316202
56 10.349725951025802
57 -21.115278314452976
58 -6.356307951281756
59 -35.368529106493746
60 40.60782448570745
61 -95.34186582209942
62 46.09696632133693
63 -40.698664179288535
64 50.144900490305474
65 11.196477786530725
66 -17.361471180536338
67 63.5453689481136
68 -77.58208789245434
69 74.28893064983592
70 -17.438361873331974
71 -18.816442949119672
72 24.307912542360654
73 -26.31701745433977
74 12.212460934543547
75 -40.52286254413893
76 63.49977751898075
77 -64.05925897678686
78 28.92096908909795
79 3.8878911114407355
80 -1.5665459157379185
81 46.904770744875925
82 -21.063877626235232
83 35.91398094340022
84 -25.461138280861856
85 51.755563929106955
86 -93.05044129997663
87 98.05007793754727
88 -51.4984017227902
89 -2.7553863655816135
90 14.685333814409356
91 -57.58388593422853
92 36.59699325191417
93 -82.06329215901188
94 63.25565742019786
95 -88.49767264904915
96 61.42140614809755
97 -94.57784812163345
98 51.242134409000855
99 -71.75205015966559
100 -44.493809604385746
101 -12.765007357852133
102 -71.27709299268979
103 31.50880872529576
104 -82.56339044908779
105 117.94495239232509
106 -158.1559076598776
107 84.08840054361322
108 -38.95536056371708
109 -5.902542415540978
110 54.584030720873045
111 -23.687157570607365
112 48.86135749684842
113 -17.353206654616084
114 69.30729474513798
115 39.13325884891582
116 37.173184416961156
117 67.43543806927995
118 29.459359565707096
119 24.06218134397562
120 20.419765424470047
121 72.80449458439092
122 -27.304011878734848
123 53.34041340783402
124 -8.617221879653744
125 11.51276963900913
126 0.8796796555773151
127 0.0
