0 0.0
1 -4.764927496629829
2 10.789271984517027
3 -24.80741588010509
4 -0.04282375045269922
5 -41.015189333657425
6 -51.19620589604754
7 5.520475073893958
8 -66.14144038652091
9 0.9651815186875581
10 -15.598366755870346
11 -27.559586601083073
12 29.75509345711665
13 -23.916757910783062
14 14.319423738732807
15 -19.8885355480591
16 13.566881882587335
17 -28.34256287931808
18 35.741038929267845
19 -12.570957876413893
20 8.48646845156635
21 35.090149432416126
22 -6.796859068360354
23 65.55545795238712
24 -28.05176814973248
25 28.37317875967922
26 15.736549298739135
27 11.789773303958565
28 -3.632014770718736
29 12.368495804120995
30 -30.788788002250918
31 23.023398147791752
32 -14.62246920455101
33 21.25728864490122
34 -4.492581972366782
35 4.848379300681935
36 -0.9281531650336496
37 -33.3743686729984
38 1.421204202889513
39 -3.3442226575698877
40 -48.04815289918309
41 54.24109242778936
42 -71.2223447314887
43 43.2092186031662
44 -27.62066145295943
45 -23.584595275549862
46 0.9671761305461082
47 -20.523799319663837
48 55.54275370320499
49 -39.832217483771984
50 71.25459476444333
51 -15.831050060358946
52 14.071838597940976
53 28.406131535386276
54 20.51863292577227
55 10.590497481388846
56 47.66766441043874
57 -17.48001377027416
58 62.805890096173606
59 -20.676242848115585
60 9.0616905702423
61 -22.95182283968648
62 -48.22284350849637
63 14.31555644144961
64 -13.15243445051325
65 -17.721782280810274
66 24.537542637657353
67 -40.013427865392686
68 20.641504676827953
69 -19.09444391690069
70 22.70854252385746
71 -6.451863639732061
72 -36.71136791563147
73 61.207890315021025
74 -56.60914576107711
75 33.40123382246767
76 -22.28461874513896
77 1.209768828076623
78 17.70649566743594
79 -18.95317460284557
80 -15.639772826554044
81 0.8941320203908212
82 -42.05436954032126
83 5.358829415295183
84 -46.78256404181823
85 -5.4089363914008075
86 -32.919480212704414
87 2.2060615026492076
88 -21.13240528310288
89 1.9365054425812933
90 28.54597911060789
91 -30.0192735581081
92 -6.523652214447183
93 30.410449047095344
94 -43.984274108434406
95 -17.74702908730601
96 28.7746052451558
97 -60.709488677405005
98 54.68720379607231
99 -88.69364721397352
100 18.641511134552104
101 -4.832013159516037
102 -42.843040349142115
103 41.83423114499478
104 -86.96441202756392
105 11.034822036259389
106 -15.116655573779687
107 -33.91441756308343
108 79.83338659750011
109 -41.349795492938846
110 64.12703674822289
111 -54.94816319563652
112 66.33163949443475
113 -21.473615769506328
114 -17.608927980504145
115 55.02288960400176
116 -65.44479451236151
117 113.48697574470593
118 -59.13241273568261
119 66.51812905789296
120 -25.253140557016255
121 48.740716475117075
122 -19.685993830010254
123 20.17463418282745
124 1.8422035100363106
125 13.096471341571334
126 -0.5638600057879678
127 0.0
