0 0.0
1 -4.31177373104142
2 15.083593579147987
3 -18.440085522400263
4 15.529351862944337
5 -26.70437398534934
6 -2.521644033655875
7 -11.845590978911668
8 -35.99473409227277
9 -7.9343719401580275
10 -69.69278691755305
11 11.787567522407716
12 -90.16673651565466
13 0.570831045203845
14 -62.65832017176563
15 -11.714738853160478
16 -69.37726777118354
17 -23.814964642647926
18 -11.334371259070343
19 -29.084552241785214
20 -2.914934630128449
21 -23.776959871888554
22 22.162062805912107
23 -24.26276534826304
24 26.193616373834328
25 18.287653218732615
26 -16.092295324284112
27 -1.361358134961213
28 -8.356649436129581
29 35.79021497154033
30 -1.7759855023776636
31 11.421432226414558
32 35.74740538379923
33 -17.42503520454179
34 3.498607443395008
35 -0.6107438625752144
36 2.155406476283602
37 -1.543605896774532
38 0.33056296921249895
39 -14.987513531260515
40 16.414110051047476
41 13.714827560549317
42 28.037889499529694
43 19.419744947332898
44 -6.492288534535955
45 37.71122192445848
46 -43.99974130914047
47 57.88817070472643
48 -24.39476628336894
49 2.436022381810455
50 -25.714729633859704
51 13.129486962312338
52 -12.897578143486163
53 26.17423461885407
54 22.34568058575254
55 -23.19461522256055
56 20.451878611955976
57 -13.079010255153314
58 -19.282052930643182
59 6.221549992356282
60 -36.29045517506566
61 -30.22629964842651
62 28.577354309559887
63 -81.68675301804026
64 40.04638113713634
65 -66.59605669394381
66 20.92742493349897
67 -48.84240947030164
68 -28.004580767023608
69 5.352907328194072
70 -17.236563184092258
71 -7.4615127482988495
72 5.234767992130004
73 -34.55940705894855
74 77.99311208205839
75 -1.5512860691263073
76 9.356044574678636
77 89.24662466043651
78 -18.935737349657845
79 41.504072080598256
80 11.327647185229297
81 54.54571327104056
82 -13.56479870956436
83 83.98778815441024
84 -25.096161130424605
85 17.85581449364667
86 0.5543586697521089
87 31.37330610719672
88 -15.270381278526727
89 71.2680025622098
90 -56.58023944687365
91 49.226966687920786
92 -25.866394423650604
93 25.45675696195946
94 -9.480179734577574
95 -27.732484268166104
96 -7.563490572043408
97 -27.224426366051272
98 21.828351865215414
99 -73.77510973218712
100 31.316520619518354
101 -48.72361781861768
102 21.996343885639043
103 -87.39189168537084
104 1.763732143499096
105 -46.32562207629829
106 -24.07677812216236
107 -3.4284922431691296
108 -48.825671026184814
109 -5.289410242087486
110 -13.556003664585818
111 -16.245517065547002
112 -23.546752864478318
113 -26.472419239019004
114 32.11888446587218
115 -61.478466084303435
116 30.428414007165927
117 -21.59982423436736
118 4.305399774881681
119 69.6163285919836
120 -61.94817293364302
121 90.41738428867453
122 -38.10213575994901
123 47.401836639368156
124 -4.854172894162133
125 10.789835465456783
126 1.0653536270090975
127 0.0
