0 0.0
1 -3.408053228875998
2 14.419146567712504
3 -21.224315455087773
4 -2.523006231135289
5 -3.420983376367662
6 -23.761271677578296
7 -30.373824009987622
8 -50.87607432277571
9 -19.899623527538452
10 -2.488849144012751
11 -58.13865692370357
12 57.36935714685373
13 -45.38092541723282
14 38.22287929744702
15 -10.013451491923988
16 -34.39273433993524
17 40.876088714555806
18 -40.238481843640926
19 22.63484101524187
20 -11.305023856415369
21 0.9762286883034886
22 -51.40335716756222
23 -7.711169964708073
24 22.53804370607354
25 -54.36151504940964
26 33.84320641908283
27 -71.79531061517643
28 75.82241011453463
29 -55.645133460826806
30 -10.941979372969271
31 8.704168764208385
32 -52.670182480831734
33 -9.020661289905675
34 -42.635552087823456
35 18.477531986951092
36 -42.4795369329225
37 35.902366655521234
38 -63.29848937339914
39 73.40256384416524
40 -18.752737118791263
41 22.78928572996114
42 21.155439444093428
43 14.035738009984168
44 -3.7367458808878182
45 -8.593231904886032
46 21.595292195947245
47 -71.82459824337396
48 16.225481761899026
49 -22.000719288199438
50 22.3780225952454
51 -13.44311771006904
52 -36.64688421673906
53 43.836961214246216
54 -25.340902180212556
55 30.012627687347027
56 14.276540201828626
57 34.482598614793716
58 22.391418991339187
59 34.427372678238456
60 5.973421870799432
61 25.189687801745613
62 -3.8543486468694335
63 -24.014322173449823
64 21.927869668319367
65 -56.4381923678056
66 5.6494762735341615
67 -17.098479435855264
68 3.6208111758069954
69 18.79105799379958
70 -26.743570603350847
71 -5.22588591229765
72 21.174731609260075
73 -4.495393648017094
74 54.223552235789086
75 -11.608401646408344
76 5.47916176019106
77 -15.334698287923752
78 13.708525252718797
79 -2.217312954908999
80 22.109850804304397
81 -4.021777433444986
82 -6.834154014376535
83 -28.603357285705556
84 32.57247142869117
85 -56.851626249669636
86 11.70550327877549
87 -36.32770952832294
88 -9.719329314945231
89 -57.87810886025187
90 -33.95538609487075
91 30.592493716274436
92 -106.3613459901671
93 52.26402559397252
94 -86.02208982359069
95 51.5432263941454
96 -41.156098801844685
97 51.68519941564041
98 3.6250559376255165
99 3.3245734383696894
100 26.70210179257579
101 -3.263178275706619
102 10.414554873523919
103 -2.656745834743619
104 39.87973700082572
105 -9.237898482069593
106 54.80916232263994
107 -54.56230999331975
108 64.49113041304395
109 -27.214637212170175
110 -13.554024135566737
111 6.707478654596305
112 -8.284069274612435
113 -8.347885673250735
114 28.979646860664293
115 -21.437535609552533
116 -5.214875605635498
117 -0.06590193543509103
118 -3.4542421631349853
119 12.368819988088935
120 -25.7525903856566
121 33.53307504020314
122 -20.160352440684306
123 49.06138173813169
124 -17.67127346305316
125 18.995862539148767
126 -1.4179016396049224
127 0.0
