0 0.0
1 -3.6841354606062287
2 8.157164648079126
3 -8.85678581293491
4 0.9753405084842623
5 -16.447118934059247
6 -8.72834022812714
7 2.3840797248478522
8 -62.26664134157232
9 21.912989341762557
10 -33.82318734684361
11 -22.33021468133363
12 2.6068067863987676
13 -43.204892507998935
14 7.708813877184087
15 12.244315207467421
16 -16.336635816748096
17 -32.15223259984188
18 32.74985605723934
19 -44.48743488654604
20 42.16817381594582
21 -42.309455291587675
22 26.312514882218025
23 20.84950541353654
24 -65.44714674508717
25 36.38087185607793
26 -69.54691683831571
27 12.678489404245767
28 -44.22759197267739
29 -21.888255761246008
30 -32.987562956860096
31 -24.201390475697487
32 20.597647752109115
33 -107.75559258852729
34 64.62163595655156
35 -66.46461293312012
36 34.478579558513196
37 3.6665168766278593
38 0.5082115626797722
39 57.19817356477211
40 -35.1998953258814
41 66.48554542664532
42 -4.436453603539182
43 36.47354615072601
44 -9.22847404869553
45 35.528826186309324
46 -38.38184755605727
47 64.98922216227153
48 -7.597144271742189
49 -14.509487660115067
50 9.45350367953206
51 -5.32202348620967
52 15.784613692485172
53 -29.13836179304727
54 -7.431399605481152
55 -11.703299296682847
56 -20.429847243459662
57 21.027714936469085
58 -40.39135285041129
59 57.32706314998544
60 -53.644863141569616
61 13.310381868077187
62 -0.36964821963035643
63 -30.451277475162307
64 20.303314498346396
65 -39.33261060367666
66 26.426314837133482
67 -67.69852895821575
68 49.96192119254754
69 -77.54178813737026
70 35.06515069730621
71 -29.794817048341223
72 28.324825098022142
73 -5.2551543157593015
74 1.5349224102192958
75 6.448395515005354
76 -35.97369160657048
77 6.654189033298883
78 -45.13109294542501
79 3.0690918139536705
80 -21.465113020928708
81 -26.230922458706967
82 9.527861544650195
83 -10.534246635853323
84 14.512677322447143
85 11.839573254209837
86 -44.484990059737235
87 42.39624232439942
88 -39.03627374513484
89 21.939144495617484
90 8.55331827341169
91 -50.780928234612844
92 4.024694621786358
93 22.316685956975
94 -46.4663322264356
95 12.977667804390022
96 -1.2516721578900327
97 -30.097494925228812
98 14.066851631007255
99 -0.5444427252834765
100 -10.829836411748499
101 5.900318205995253
102 -5.18544889533599
103 18.448431155688457
104 27.455853773627922
105 -18.550077387629162
106 61.369960891922226
107 -27.574312840517837
108 56.11587727825549
109 2.5930937526320132
110 23.93867317833593
111 41.58815071773263
112 -50.018070692204084
113 31.110510341495292
114 -82.10472692952354
115 3.124507310527177
116 -22.101761325719313
117 13.843777790273215
118 7.037602973602389
119 13.663978331530028
120 53.1305755001856
121 17.928948997698573
122 22.731414195121
123 18.28620697098306
124 -6.3116120687131545
125 16.577494054895897
126 -0.6249642569146548
127 0.0
