0 0.0
1 -4.283522030619155
2 11.825499648310613
3 -13.042730225390104
4 26.17684737380263
5 -14.927638611464545
6 -0.8857391142052948
7 8.973152479644398
8 -8.161855221722512
9 -36.84496841059054
10 12.175888469319794
11 -89.52265246412816
12 11.030577704617398
13 -22.36998018616116
14 -47.048040011345165
15 24.858017485032956
16 -37.98113406608225
17 32.653430991669055
18 -65.22263191897633
19 -46.19811856697729
20 -41.31231079120942
21 -20.50480733849289
22 -54.96442060734735
23 -12.8017058114737
24 -23.86612272410254
25 -12.91543512492478
26 -29.812054146614518
27 1.4926452261351337
28 -2.141954474464551
29 -15.876771293609089
30 78.7598506903331
31 -33.44254656213386
32 38.169415784218074
33 20.6779323750296
34 17.48075363256751
35 3.638477553386664
36 -18.06346402908676
37 -4.364254558673585
38 -32.59963852891214
39 31.463359299576855
40 -70.77893961512149
41 8.389109847445612
42 -19.18947235582932
43 9.407357586570352
44 5.646197408965609
45 8.205642451077113
46 5.736924163617013
47 -2.8712960085448347
48 -15.70593348644677
49 16.08358585354139
50 20.905058900792007
51 21.548332140343767
52 32.49810238150822
53 27.71285652725948
54 -1.6806551073399054
55 37.406961563282216
56 34.156125190407124
57 -38.93197765396617
58 43.726261928472695
59 -43.86667051973538
60 7.293147531018726
61 -13.568419501415187
62 -18.335098888551034
63 44.678849307203805
64 -59.50390826052859
65 -9.420074912186081
66 -8.483508847281627
67 -28.751189492293495
68 30.381471592380855
69 -68.10460269460383
70 17.227013495029418
71 -49.7880659640978
72 -4.189104780440393
73 -21.36200484762836
74 -56.70517856062526
75 20.021527850550083
76 -41.46711534168437
77 28.601234936837294
78 -13.198107618233516
79 47.19672030484874
80 26.275620089857807
81 46.22796941129234
82 49.202368470485055
83 -26.40565795668202
84 62.834408911448165
85 -36.98970338064177
86 -10.673154546837821
87 3.0072336546912584
88 15.519070617699297
89 2.4983389433169907
90 23.037643358140702
91 -8.392283912472749
92 4.828623245003407
93 41.40304593390912
94 -18.976796595762035
95 -1.0831232925453425
96 -7.132210989900691
97 -39.62718537630564
98 7.875455916495612
99 -37.19174116497032
100 -13.69029679264412
101 27.465318087588162
102 -29.6958081911921
103 22.473119514596718
104 -18.307372158584506
105 11.288442186497111
106 -13.760086742700567
107 29.466613542863954
108 6.396484974294043
109 -5.739906991798466
110 35.35287331615547
111 -20.438712310911693
112 45.49857930110654
113 -26.38905888148536
114 4.154095505341703
115 -1.0499208512639588
116 -42.99268326794866
117 2.7430237166833122
118 -27.574975319923013
119 15.430991118854365
120 -40.62340651282579
121 44.882424652831716
122 -38.97827638966092
123 60.93802912176591
124 -21.532714347749152
125 14.36566747458757
126 0.06139405084392628
127 0.0
