0 0.0
1 -4.924825681832207
2 10.973250414473812
3 -17.251823000700234
4 7.216165583799846
5 -8.82650210340941
6 -23.650612889006098
7 -15.490631304397228
8 -20.14642947923401
9 2.5325957764980696
10 -42.2831165457359
11 -10.932226137435883
12 -46.90247294045879
13 10.232564442569817
14 -14.822933691679617
15 1.1534389290441236
16 -32.689650342049724
17 31.9892175441416
18 -57.19839695450774
19 52.72770044582471
20 29.181043903258406
21 -60.43797407449621
22 128.82188271577004
23 -66.0250771559406
24 93.09859073388661
25 -42.04066994900613
26 40.213760101154804
27 -40.31808009742558
28 -22.528414360103486
29 21.54180736210801
30 -47.761233972602554
31 32.75951389363042
32 -18.471944611613416
33 10.206250572886082
34 -28.20057693790408
35 29.012622781285742
36 -8.14164067172284
37 46.38095918313381
38 -28.463875742588115
39 16.866449836902703
40 36.650200965097056
41 -15.303506631957493
42 -15.679579940010038
43 47.3179436611551
44 -46.792676521715045
45 53.80278684117871
46 -9.865723169914203
47 -0.8815387701106154
48 6.465916733207828
49 -5.1503150140616905
50 70.87966505946464
51 -31.354776445054984
52 61.447622710677436
53 2.438789254880881
54 30.12658498746686
55 25.511627134760726
56 2.1093258320491564
57 -1.070619514573114
58 -21.32746560746953
59 -40.38482469068864
60 39.283524548135524
61 -65.87214663777085
62 -3.7172539954209873
63 -25.02337804441283
64 -38.66182571240694
65 -18.528957070485284
66 -12.546872266575743
67 -2.4162254593990435
68 -36.35044039666547
69 12.071345690859058
70 -40.44395921152173
71 16.672940099097552
72 -25.162837475214804
73 -17.444243104340778
74 0.8650838733835655
75 -22.308221776026553
76 -22.502666818514793
77 10.964818670310274
78 -34.38526105695715
79 -4.397153088571666
80 -25.173404355121903
81 7.797647053815217
82 1.5602414729550014
83 36.338863670332934
84 -28.82633377153755
85 14.381469192256263
86 2.3427075433419464
87 -21.581857120070072
88 35.66768820983973
89 -27.02065242689355
90 46.30383663894561
91 -2.107675522810529
92 2.651219459040993
93 -9.27494115135982
94 -3.143283296711844
95 8.773626512172541
96 -38.50448178089223
97 45.45676252338414
98 -33.751387735097474
99 49.7758382139118
100 -2.210028088484366
101 -41.58932136403184
102 50.56067428072812
103 -78.27498744571415
104 91.41351037495997
105 -44.24616050563328
106 43.075098625319555
107 8.064264026715824
108 24.476113290798057
109 -6.540306739425259
110 18.59546771927208
111 18.526819310483624
112 -64.39905363757018
113 20.417069030617185
114 -68.097509689883
115 -9.725629682659047
116 -25.86112261761969
117 -8.344995419707912
118 -65.92223870236006
119 95.21633249405323
120 -73.58576985533875
121 63.69647373502776
122 -18.85329235385468
123 27.136478265443028
124 -7.826027276273409
125 9.228122775750542
126 0.08187335453715733
127 0.0
