0 0.0
1 -3.9909948810177522
2 11.504023224759845
3 -25.95942544029528
4 36.283072630438745
5 -68.46166673815677
6 50.0695508281832
7 -61.07748948516665
8 -40.205616777607474
9 22.17856959630983
10 -98.10625997451186
11 -31.10686723170862
12 -78.28939392628953
13 14.149610682547031
14 -61.11665071317127
15 -22.457728065477166
16 -19.425665657241712
17 -22.351089991070744
18 11.873977113234844
19 -12.231700443011107
20 47.8740582014132
21 20.996842132235678
22 18.22138151443464
23 36.41569308175152
24 31.10824296299999
25 35.13032424445022
26 36.05363089090216
27 10.410734034312187
28 53.51551590432881
29 5.29566759851938
30 9.927424460705394
31 -18.858147717375232
32 -28.7701561924172
33 68.78855668627006
34 -32.97339149247796
35 14.201269024079041
36 23.498208506156498
37 -39.54780485031554
38 25.37072096972228
39 -49.26376310585252
40 -20.6212781791396
41 34.583886654250726
42 -108.79456766779776
43 34.58397352872048
44 -58.6865505996357
45 -71.80929403896702
46 9.41619541905024
47 -84.98286836948265
48 8.268356630342963
49 -18.402953939089016
50 -18.854869741143716
51 21.4843498998145
52 -26.06011532023782
53 32.59176594436398
54 -2.7496191927170353
55 -10.17786800895215
56 33.60471011567951
57 -36.69781131394924
58 10.833015403173606
59 28.594535133509595
60 -36.59487413521116
61 42.30835353257449
62 -20.11545076438085
63 21.705435828851847
64 15.629187876569585
65 31.568078210824986
66 2.9900385088341266
67 12.055396346591825
68 54.99187936908387
69 22.579950867563795
70 20.622496487259507
71 52.2681118535286
72 -23.47791863645359
73 68.46921590478611
74 -14.504164085047968
75 -2.047063546094414
76 62.856862653831186
77 -30.377853370048985
78 82.59259137253646
79 -26.161445813046726
80 27.8408950049526
81 -15.004275328763025
82 29.420388818052235
83 -11.24670537660741
84 20.651934590457905
85 -12.784087028546073
86 34.72057926561357
87 -16.56766396956807
88 23.157964825727714
89 -9.996783794452696
90 18.736902598703978
91 -33.02638055386743
92 -42.47058651389505
93 -8.492534344414128
94 -75.5028584339537
95 7.604247236074776
96 -57.68012606290626
97 22.9828151809097
98 -52.93068659280377
99 -7.06800689577295
100 -35.29154097771473
101 -44.396933838044575
102 -22.6967003681821
103 -26.967026329624648
104 -28.71667116008951
105 -28.040810002595613
106 -8.147391889715465
107 11.678205872841515
108 -64.42909711340091
109 72.81024314994274
110 -63.729375547261746
111 11.103496497671713
112 52.25314654942193
113 -88.56312644323333
114 81.6087375158851
115 -75.44625284690652
116 73.24651832998657
117 -52.12240309927748
118 23.442640165555044
119 17.921857800589414
120 -9.65268786573226
121 61.00289389234554
122 -54.681389472369865
123 68.36750862324449
124 -27.62550243271803
125 21.91188260033721
126 -1.1476450165724277
127 0.0
