0 0.0
1 -4.871921008044898
2 14.050725562549646
3 -15.031703623923644
4 8.08671142669848
5 -44.546760435729134
6 -7.359604231428857
7 -40.52236845805496
8 -53.6123204610097
9 7.232048066754095
10 -92.03394877132384
11 52.12411465666135
12 -83.09454973463826
13 58.94631048691195
14 -34.39207896753805
15 17.238087653360516
16 21.918235631014674
17 -17.73265554875624
18 31.753810681817054
19 -6.001174296467425
20 5.9494922543600275
21 13.140968717074648
22 3.6665504832697917
23 -32.86567597206185
24 19.127875583897186
25 -35.87840692596903
26 11.402772305636159
27 -57.40822638760092
28 36.196688560592854
29 -25.999845853740393
30 -64.23582587132307
31 35.102602396991756
32 -103.06284159820179
33 40.62869054334876
34 -37.33979556617207
35 -2.431779505901951
36 -6.9004909247454425
37 -11.506389293491438
38 10.318480910211116
39 -7.939180683457077
40 3.6170754082788554
41 -24.43700443897375
42 1.6517233640671647
43 -1.4486160714775456
44 -0.2620226744266658
45 -41.69231848397694
46 46.790206023254115
47 -31.793153931790943
48 -0.5892405077893652
49 70.8089679563475
50 -76.5736176721669
51 75.9697090681837
52 -17.01961333971026
53 -12.942612313832615
54 48.60828383070939
55 -14.938847984258256
56 2.5153398769272433
57 23.669019953356806
58 -38.703385869361334
59 24.973024348936896
60 -5.415037845685544
61 -9.408269851471754
62 22.633805049696473
63 -31.17204744365766
64 43.715028779316384
65 -2.595162559463127
66 34.54617124785933
67 20.77415724601721
68 12.685872990159913
69 39.030616921675126
70 -45.072361214945055
71 26.87630278712156
72 0.819214219339256
73 -68.52449747951465
74 28.25515577117253
75 -34.61578698278604
76 -32.16700877369799
77 4.735082251016903
78 -10.95442756052165
79 -24.911185321401536
80 1.0556636199950116
81 -21.727113384465273
82 15.722802536275431
83 -58.269093307525694
84 47.87037039736699
85 -21.681134748702377
86 -35.71276719515318
87 92.68776374836465
88 -2.65222977754741
89 42.69351616533908
90 18.720094141749954
91 38.45584296120675
92 5.539723840840381
93 59.82680689011559
94 7.763200741329587
95 3.7288193471165645
96 61.267274257829754
97 -53.28382843340988
98 38.90948382890084
99 -14.66468357431591
100 -15.280369219540667
101 -17.419441512673938
102 8.574253017713913
103 -45.77252659972216
104 27.436066089475318
105 -50.96003353723085
106 -20.003465828168736
107 -48.030016725249666
108 -42.741241050787465
109 38.396098242565
110 -67.15677131550095
111 78.31045167982974
112 -45.02728618612546
113 30.57629102145596
114 -23.69308699283512
115 42.46675860815543
116 -49.97454050197872
117 81.30774873408362
118 -63.94252403995583
119 27.95973316606452
120 -7.7304481026144165
121 25.102043530513534
122 -9.730816046569254
123 24.664016899001357
124 -0.3574633087971747
125 6.064439065348747
126 0.9386640637507557
127 0.0
