0 0.0
1 -4.416216091514172
2 8.615270531424354
3 -10.053719806847123
4 -9.250260529843525
5 -21.12935567371512
6 -4.250179376648568
7 -49.36791222701842
8 -8.333198940923483
9 -24.497673131018438
10 -18.268028458301213
11 -35.07867182547114
12 -1.6301319729439545
13 -92.08492223863051
14 67.02162729128862
15 -74.40481229479012
16 60.87187285921725
17 16.999045149220795
18 7.137000755105479
19 47.862118964325695
20 16.288372533546536
21 34.42731654929813
22 -14.710096070305498
23 26.754958815223862
24 -23.965711507824135
25 25.753409502938364
26 -26.08708352154064
27 28.66259529251903
28 -25.106908056081256
29 -4.937639765773977
30 -26.52181869405051
31 -8.29409351895193
32 -47.58457142881575
33 -14.733100775997926
34 7.110712527932285
35 -45.87273898702257
36 -11.195721412606009
37 -19.647229361528506
38 -49.397846575298644
39 27.04660210944278
40 -25.792308393516635
41 2.1779510128622284
42 -9.713640093124363
43 24.720149619079645
44 -5.396384365660939
45 -4.27606257873858
46 16.503256755439853
47 -46.20875318844728
48 12.879668130814958
49 -18.46597252989551
50 15.493574592210592
51 11.04279711771921
52 -19.54412029217745
53 42.211080120746125
54 -25.235785352823168
55 65.87613868591797
56 -20.85609292193631
57 41.4890135218992
58 20.778619938225592
59 38.47499595079319
60 24.348938097856717
61 28.580332864556958
62 0.2574286031141113
63 24.92593802706081
64 23.690009196318957
65 -21.583034107096175
66 8.582201748303193
67 -51.18224184306713
68 2.6459421935495158
69 -26.40259451324806
70 -22.85548990336283
71 -32.835981845723566
72 -6.763784102226412
73 -6.364541806164724
74 -55.52603388385069
75 7.642087274615311
76 25.157620519852514
77 -23.92768043717746
78 9.544008940589707
79 -1.3555456470425538
80 36.38197653993746
81 -6.519442080753758
82 21.28514296813595
83 47.53755203178383
84 -5.913878263149798
85 73.58119149697681
86 3.602854509147365
87 8.062222934128382
88 53.0445701241047
89 -20.0727189355964
90 34.18448823661929
91 23.870212955311057
92 3.9463448979594946
93 31.56699347019889
94 15.285587815078749
95 -11.901430905478609
96 -29.811773764630367
97 -21.211889253144623
98 -20.22829814998446
99 -68.01737997204668
100 38.29758812664203
101 -100.95814614247126
102 11.703495256415625
103 -45.12814105690906
104 -14.389839861214126
105 -30.388372240234837
106 -13.83130156889856
107 1.8363374158897103
108 -39.65468531295675
109 38.206974287641046
110 -23.188111919964914
111 32.12810852313677
112 -49.23156352585947
113 48.87641052314469
114 -50.23170608341923
115 13.790452609870758
116 -11.61004224211922
117 26.016081404422906
118 -48.790271443789095
119 62.969899641552914
120 -50.86465376417038
121 57.6287729913495
122 -26.78535676135372
123 34.7827458976842
124 -2.076910450595477
125 6.753693545186988
126 0.8228588383696487
127 0.0
