0 0.0
1 -6.124720919776964
2 16.29684210546195
3 -34.83772126880421
4 20.965216237023235
5 -36.428128632257945
6 7.290532195087826
7 -49.10513391123662
8 43.42822600168684
9 -76.17086981784442
10 17.78630794276696
11 -3.5910682962980203
12 -37.69856317018503
13 49.763818124279304
14 -43.703120459794555
15 52.88596006821705
16 -66.57528710303177
17 59.58242270079329
18 -55.954819551625086
19 42.74596018655677
20 -26.734015995311836
21 -2.143228345694052
22 -2.942668878555142
23 -13.476496343979344
24 33.10182464736627
25 -7.561051661592626
26 42.05054836062847
27 25.355034572267222
28 -20.655466556871676
29 8.084361646594736
30 -9.324231935730783
31 -4.455969965070573
32 22.13041675811735
33 -79.51594976879011
34 61.822038645921076
35 -80.77366688386421
36 10.501671281272458
37 0.4338893298374485
38 40.38479594321013
39 39.572124320840295
40 -6.708513251819159
41 66.4746947913343
42 -54.03830414299669
43 8.329998754568717
44 -67.97162987084005
45 -8.838568965927124
46 -30.19402978561702
47 9.406323941711369
48 -50.01812941322135
49 16.837083829263268
50 -34.352657960240464
51 -27.075678109700153
52 46.095338699296036
53 -12.051347017659147
54 35.801407283003066
55 -29.67134612511259
56 72.69895988787893
57 -33.8768893226334
58 -38.3473957192417
59 58.187396421621735
60 -72.35904696743488
61 27.772427684052573
62 -22.449767373054303
63 -39.69013456021728
64 57.52547749715973
65 -56.29193450394125
66 61.193480666981536
67 -12.61604782216198
68 2.270709839123643
69 41.30202738901194
70 -44.18597138155887
71 27.35619258746965
72 -7.745666814760458
73 -31.324147233054735
74 -17.250740608402285
75 -9.986526961019983
76 -31.342290814886585
77 -5.768962491440194
78 -51.13288419303587
79 -0.7570764219140996
80 -16.425480022283377
81 -11.800765643411529
82 7.832909552899399
83 -27.075988777664072
84 4.912711256821936
85 5.8193656875144235
86 -61.12270288626683
87 12.331794529310823
88 -14.708481589326937
89 -5.669420306559036
90 31.57058871974254
91 -33.419663118006945
92 50.79097994999227
93 -51.7272705370173
94 45.486032875905146
95 -16.048506669658728
96 44.91552927616465
97 6.719818876460002
98 23.07121154224608
99 52.923718516917894
100 -41.01743418591247
101 111.86282285232298
102 -106.19035041947573
103 66.4797868451381
104 -29.33829485292131
105 -11.982115990354863
106 29.550416741139514
107 -65.62718366829276
108 73.59653490012748
109 -87.44176508087023
110 65.50385166558526
111 -27.778643119128624
112 -23.76900196291782
113 20.614853987967752
114 -6.749975793609415
115 3.9572073431701558
116 5.519452703274521
117 8.792128377086735
118 4.754902377242583
119 32.29970931406291
120 -44.27847924868611
121 78.61723306944681
122 -37.85807445004962
123 68.1288476809072
124 -30.3604395411251
125 18.145408954112305
126 -1.2761310499913279
127 0.0
