0 0.0
1 -4.493935122696609
2 13.344993456577877
3 -21.24992444555671
4 11.119597436763362
5 -9.126265260001919
6 -13.796078502999245
7 29.290697562808163
8 -14.01625435276259
9 33.36900834174051
10 20.016262131834303
11 1.598848629576811
12 37.66388201155491
13 -30.350439054968597
14 31.649636116634774
15 -29.08312680111057
16 7.731339994317943
17 -12.77683560933564
18 -2.843622024892176
19 13.259254138901824
20 -102.38448863110627
21 33.73911817759365
22 -46.886015349775896
23 -27.460329903138913
24 -51.57524661437302
25 -36.04964083753388
26 -47.5411140034283
27 -44.94316298074434
28 -10.808699079942604
29 8.793572868234376
30 32.3428239957007
31 -36.30214731031527
32 49.031167449693584
33 6.958759293615577
34 -24.613811657608515
35 -10.468328784255645
36 -45.65714169662432
37 -22.978017416466333
38 -6.569911786403942
39 -53.123920141103504
40 -7.681889660160172
41 5.8215070108750435
42 32.62182281339842
43 51.42455231571183
44 3.483121282190146
45 76.25127280597493
46 21.906910444426437
47 13.045522499743889
48 23.846520834073218
49 -4.131822874427312
50 32.95618987961628
51 -3.1971002874034014
52 -42.52684638693044
53 34.75513821704093
54 -50.87553067564145
55 -21.107527964866883
56 36.72091714356533
57 -45.324812085927014
58 -4.087756883226776
59 6.852757301885263
60 1.136556615484036
61 23.326733154794628
62 -61.919167236942634
63 77.90875557579776
64 -28.904043997166767
65 -49.33774416608138
66 9.063933788470097
67 -29.429971827346012
68 20.263297520036236
69 -9.324866234528429
70 25.392346965057293
71 -18.885148996008812
72 34.48936499619184
73 -20.520376946853677
74 -39.82585150113612
75 33.85945767482901
76 -20.28354459114406
77 12.74471995797771
78 -17.10755745207243
79 -4.547121523997544
80 -55.454929505774395
81 51.896969288425154
82 -15.739646386056776
83 2.0118033002768794
84 2.0574845370459087
85 -3.647119214284835
86 39.090130380651836
87 -10.326835706162935
88 25.704233544234217
89 -19.137649683273892
90 52.99813235431282
91 -5.29657609135942
92 21.974037602155256
93 -6.241249746786573
94 -11.86853465740906
95 18.82141081980134
96 -13.904770796917784
97 -20.512319905644247
98 -2.6190809885585664
99 8.324876738480063
100 -15.440729159842423
101 -4.494862946408272
102 32.55721699463768
103 -55.39644531708664
104 30.709996686532985
105 -74.39283379811347
106 -28.561932596648102
107 -39.07411129965005
108 -42.505778680720404
109 -39.954468102579696
110 -58.069393572622914
111 7.955235207645531
112 -65.90934352029652
113 60.771494923325456
114 -75.51923010057808
115 76.64706010544737
116 -12.273532652332234
117 20.941273442452317
118 32.52796986617728
119 53.673350539803735
120 11.084293505430017
121 40.876787731079894
122 -20.467063846924816
123 30.950266154421037
124 -13.065926925177042
125 14.509355475233692
126 0.5768394866976806
127 0.0
