0 0.0
1 -4.242514819137242
2 13.700490154993984
3 -27.904078794275158
4 27.04177044577205
5 -42.74908276162816
6 37.57677306808023
7 -58.84437060715336
8 65.23053131436893
9 -74.743641066702
10 31.188971130376466
11 41.086533796261165
12 -48.054922462777974
13 38.04550974928144
14 -55.64984203018616
15 41.68082289832215
16 -70.99470911633442
17 1.103306508159423
18 -16.6149839812852
19 -20.773273313062745
20 -52.754539895004406
21 -9.873718442744646
22 -36.79142261667717
23 -8.368091689383498
24 26.671231218750343
25 -14.301695530869237
26 -10.171243801315772
27 18.64378387032833
28 -32.04881651341015
29 14.464299736935171
30 -16.93300217380258
31 -17.202305961014005
32 -34.83584535944209
33 -14.55270322890868
34 -25.74913555511178
35 -11.987088741187103
36 -3.6824620924907663
37 -46.7028242260259
38 11.217043795705537
39 -2.515315599380596
40 3.464036352713483
41 4.393520425257305
42 3.7039085842107844
43 59.829516210398225
44 -62.70730240424325
45 33.46582429858678
46 -67.24249922366799
47 36.99374168962117
48 -35.1871404628913
49 29.15208769609798
50 -0.011588193854724193
51 27.207674607830114
52 36.453308254907874
53 35.34420240787694
54 55.032113810629646
55 2.7812175484639075
56 81.06851637651769
57 -31.13020391788211
58 44.51775271978687
59 -14.968708993534426
60 31.633674468684873
61 14.313605205517646
62 -15.37314808487958
63 13.21979932949781
64 24.945383028626992
65 -41.893361802635816
66 39.30991071629814
67 -59.97521142501521
68 59.3350907264595
69 -35.12685726072949
70 -0.6722955445109822
71 -2.491368065385276
72 -34.95667059184981
73 14.30849463740814
74 -69.72236041637841
75 35.872877710836946
76 -50.47428325002612
77 -19.047274906907294
78 15.568854203885868
79 33.805015034069086
80 -47.81631632050607
81 55.69831722400576
82 -37.25794731125823
83 -0.02781714668866993
84 21.705541985762466
85 16.579219535302954
86 9.317706169938926
87 28.099083185370507
88 -20.020066755998077
89 48.329028927456996
90 0.38378000421444386
91 -44.62671236423028
92 5.196317626426948
93 -54.985222183116704
94 32.363952461158476
95 -89.43932839198607
96 19.658512191648704
97 -56.92162790219511
98 -3.4027089407846742
99 -34.1549653210196
100 41.87024879537525
101 -48.00871947950114
102 24.503895575751475
103 35.274827497864095
104 -23.468827715276774
105 33.84674173970748
106 15.630090371431963
107 41.07674263148394
108 -4.197690189407105
109 4.829603438514428
110 -9.096472566567423
111 2.8628716828773744
112 -30.118656596440207
113 -49.20795690040409
114 -36.75750950242638
115 -49.621711100660754
116 -28.047373860550042
117 -18.712627249240455
118 -25.29640104411721
119 58.72928937699287
120 -31.464906930086627
121 102.50233345483161
122 -47.07688242394135
123 51.97480121334661
124 -7.097555140256783
125 12.031203681698182
126 -0.19518390792208387
127 0.0
