0 0.0
1 -5.916524302935232
2 17.78336366726428
3 -39.15911483295426
4 2.2942786512281863
5 -41.04192851005346
6 -28.513819505435197
7 -53.5650660680796
8 -34.193497727431634
9 -83.78553356054773
10 -65.70923413538937
11 23.926807468983906
12 -119.92595399297309
13 35.33755274293629
14 -66.11716310277858
15 42.24388577644217
16 -44.466872165716104
17 17.25599221714653
18 -12.96118897438503
19 -21.132840643941467
20 -23.35568648373894
21 -35.903059242826366
22 7.497327374746167
23 -10.812317353569885
24 -5.080076117101179
25 42.87398963079649
26 -27.730890562107213
27 25.734853559371388
28 50.20683512658646
29 7.64358536405088
30 -1.2808551683039335
31 34.58550847100351
32 -7.928658080498407
33 2.4829421440257353
34 21.58309856066496
35 5.044616752445532
36 -11.637723708031105
37 21.00213646130659
38 30.784909779837566
39 32.09747077355188
40 57.17148055728404
41 -37.46268681783557
42 48.541220649062296
43 -22.639664658270615
44 -52.61395720623631
45 7.89092597692996
46 -68.84709598548842
47 72.59388721929811
48 -94.10882268638262
49 42.590242562562736
50 -3.6320195089140093
51 -35.85493312323258
52 70.79142266862463
53 -68.75430398484507
54 65.14099625947561
55 -52.637753004882626
56 46.5766970066225
57 -2.280871731213397
58 -18.07514357679763
59 14.707111769531359
60 -37.00791971025049
61 -5.49114204999125
62 -1.3620995073926812
63 -71.14879322413074
64 37.03264157020206
65 -64.74022820837206
66 16.655787969776046
67 -38.59730687406779
68 -45.579529499512304
69 74.5007278682496
70 -23.766712922287812
71 41.562722831155895
72 -12.749851372324036
73 62.39642303153865
74 -0.16782127225229335
75 27.490813108672654
76 49.441004077270016
77 -26.52001540993621
78 52.65369295716617
79 -4.409769263006869
80 -32.8130505333773
81 45.94765417930059
82 -45.15582852125919
83 33.85233766600931
84 -45.42919996224975
85 29.931528113232762
86 -21.090640727983793
87 2.9894692581472744
88 27.21845663191224
89 -34.273323003429375
90 25.59121476772749
91 -36.12056951806053
92 14.9461652006096
93 -12.236831162742913
94 17.80460164608067
95 -22.635675306497937
96 35.199817773064645
97 -46.037629525965386
98 15.514569222762692
99 42.89825548806171
100 -27.15702093112323
101 41.12839012090447
102 -43.65168092975907
103 0.10257681030556096
104 -25.789223659227968
105 -13.530359499009386
106 15.55470973060173
107 13.646481253293711
108 -29.482106702437903
109 26.69042643574308
110 -43.7075710078663
111 26.288140212551593
112 -6.254431645267655
113 -0.5744771978590892
114 45.645887429752904
115 -11.660485655287989
116 58.431267418709545
117 -11.665259072676001
118 8.579301957354325
119 25.880685487747545
120 -43.867811691911285
121 68.04185250580794
122 -31.679598441843797
123 43.209474539077945
124 -3.465981211380287
125 13.64817143428768
126 0.6360062911879364
127 0.0
