0 0.0
1 -4.42364828404097
2 11.406778630339314
3 -30.021433470157305
4 12.533612027101574
5 -49.9256859563948
6 15.585763546145447
7 -54.87057177655451
8 -3.6134454246811827
9 -12.053133569449496
10 -49.301611378918
11 1.0477848479928964
12 -53.42361055478245
13 11.550660731202619
14 -66.15394345571767
15 38.12915748146356
16 -41.55559764126376
17 12.622631218592188
18 8.632361104398138
19 -16.983483127957985
20 25.49388086619836
21 -26.01483213308567
22 4.131007732840306
23 4.757392485446492
24 -7.016149447102933
25 45.2926426372123
26 -4.423359711487984
27 27.68975603572419
28 20.84905479850698
29 -35.51976049390711
30 82.31331769346686
31 -58.98090206017581
32 48.87259392461905
33 -31.392076026158648
34 -4.983998212782107
35 -54.51266584727552
36 -11.821778528384847
37 -9.607310082841627
38 -45.88291295760457
39 43.47325841665472
40 -46.88087812261811
41 23.739541873106827
42 26.36422503757787
43 7.802837945326306
44 -31.315824962649597
45 35.76256643396442
46 -33.17951668180372
47 36.74824210308311
48 -51.39648312278032
49 1.6291035545780406
50 -20.24425156854879
51 11.671489424676242
52 18.13640437035966
53 -38.45712238509988
54 46.295153327445135
55 -1.6808907810275302
56 46.75810202515064
57 -23.069084606602836
58 53.21252786464385
59 8.772133606631646
60 -25.101942005186
61 33.01433348931382
62 -46.29503387869732
63 -8.21151188837801
64 -18.486991621263048
65 -26.876396986349732
66 -4.915533875982608
67 -72.38429824958912
68 39.73781740303202
69 -80.92467532987334
70 -4.598162157925566
71 -12.736922818908967
72 -24.463242237552464
73 51.398712917351396
74 -28.302023940757977
75 11.612517038498932
76 -0.42528263490588897
77 12.48591755026178
78 -23.446944086385095
79 32.65024583040694
80 -40.442216426534685
81 4.003294417618781
82 16.755684232866688
83 -25.41435636482788
84 40.5650738769184
85 0.36628896604715994
86 0.010218872621894972
87 7.149414280182204
88 10.603187698395343
89 41.772729546673276
90 -17.219287406806533
91 13.889397351938213
92 48.86932321814016
93 -32.93950947600537
94 63.8860730939694
95 2.629162533425605
96 14.668027505040708
97 67.53469771423727
98 -29.044164623914703
99 35.739033229771564
100 -35.154969963971276
101 7.3470723508116995
102 13.959874286817346
103 -75.45780422841986
104 -9.619414314195877
105 20.42614338066617
106 -78.57463636376808
107 -19.03032449585316
108 -7.963772118952355
109 -89.7487834243103
110 61.78568947998793
111 -7.866832720937893
112 29.702403812610065
113 2.01600671788989
114 45.373872465951315
115 -31.56690775747036
116 81.09853845064802
117 18.68466715963187
118 27.137705670197043
119 47.86632858306751
120 -15.79834678281289
121 76.27753659396603
122 -70.0091072846826
123 51.53099194281059
124 -27.002050346009653
125 16.631576727484187
126 -2.168663914508285
127 0.0
