0 0.0
1 -3.761172158120718
2 7.792905100606808
3 -12.140144832007104
4 0.6654860818740349
5 -16.601696986766907
6 -22.18700804626705
7 -18.208077366995653
8 -21.94855651635562
9 -64.19377856076481
10 -18.861951138730255
11 -57.97701452044303
12 -38.648218715235885
13 -46.41355387632208
14 -16.356737140249642
15 -47.05057865090099
16 15.819100849966144
17 -10.874039861652648
18 -44.18035797498115
19 44.36550759677101
20 -86.08427080278074
21 4.23733598388047
22 8.240060228415594
23 -7.43331009182619
24 -25.709625242165316
25 -10.67669933555017
26 4.989024781012384
27 29.07147904328791
28 5.656317001356581
29 39.84750310839544
30 5.025665997729135
31 61.91804645638375
32 -12.515344907711727
33 56.022746926068194
34 -23.89515297722116
35 5.2314568449775125
36 54.87568688245999
37 -42.9248578751965
38 52.184056699587764
39 -32.568118949777194
40 17.37392961359356
41 -6.828004527294536
42 21.53748739920146
43 -14.639828599759813
44 -27.269006862802467
45 12.754522234156191
46 -5.644434913778397
47 -49.985668869066025
48 16.888222674280488
49 -52.0237940963642
50 -2.7750903833337097
51 28.618484171259567
52 -18.937134379635395
53 34.554386801877854
54 28.115639364280035
55 -3.9938679523227587
56 35.040365642488865
57 11.569751763022671
58 -7.890861433488304
59 64.99341655575942
60 8.31052834720341
61 27.383528295197937
62 -20.0478788778512
63 12.984101104176002
64 -15.943170012361103
65 -27.637026922482892
66 6.088254654134477
67 -19.57394829315291
68 -17.772282808447514
69 -29.304506126730203
70 -23.024664846750625
71 -7.085121100081479
72 -51.22251052114164
73 -25.07933759937709
74 -24.80653458754444
75 -41.549061470958236
76 -8.034058591272625
77 -14.687174437362534
78 -44.499715446832
79 -7.607315887301905
80 -21.409629944903894
81 -39.27446976350483
82 0.1752645694799473
83 -42.44930675126969
84 -7.416146882573325
85 2.0790967762619545
86 -25.80251098743227
87 5.693993537103836
88 -11.238697672771163
89 -13.416849895575817
90 -14.648328662130197
91 5.160002029696239
92 50.488650769428205
93 -14.118786027160349
94 8.570664426258357
95 48.11577995080754
96 -33.97066876214498
97 67.22571819836197
98 -12.013617506997825
99 -4.4339092371787565
100 82.88118473190492
101 -32.63750213904089
102 71.13342526282703
103 -5.067569667365753
104 29.721985304706518
105 2.2693942180340843
106 -28.89009292202211
107 62.03213137391642
108 -61.98031494566244
109 38.355446890463796
110 -49.690040806488255
111 43.90938007015225
112 -47.02530996414685
113 3.2781396305299415
114 -17.341784455288483
115 -27.518039177813453
116 40.97843875325625
117 -17.27778519158201
118 14.99929662597132
119 17.1068222953293
120 40.43095963354804
121 37.99659861341967
122 2.9803964370785545
123 28.53537784623752
124 -1.656373135784003
125 12.881293367017376
126 -0.46524092826975577
127 0.0
