0 0.0
1 -4.676882979503284
2 15.257721953663278
3 -12.303286198286589
4 -4.181289179488171
5 -6.3726528298450535
6 -28.130494879820688
7 13.027994363081348
8 -58.66292563983367
9 -34.37655003215325
10 -22.1248994381521
11 -67.764598901544
12 -7.278354275354137
13 -62.88124930899515
14 -13.088965202764294
15 -72.52120021827372
16 7.959601373276924
17 -73.71782244416218
18 -26.935404445485243
19 -10.381710529442792
20 -44.59479683503436
21 65.80080443793318
22 -75.02351658120617
23 75.94417219949474
24 -81.98924972751055
25 32.06432977773581
26 -40.87121559832822
27 -9.740921998814487
28 -1.0298856578675661
29 -0.0494002484287238
30 26.01627721148419
31 -6.599508491889964
32 23.932184535990814
33 -6.70663456221535
34 37.7974655542591
35 -24.965129789080265
36 54.014325914283674
37 -14.396321679320755
38 -1.6706555254720337
39 39.79902232760361
40 -19.281152791873826
41 36.623833101687715
42 26.19638607347483
43 -4.977786768824496
44 9.143934381795777
45 7.214594876845404
46 11.367639383346951
47 -38.22482702677471
48 -23.002384520941025
49 -25.17508111655716
50 -40.5773753210638
51 -29.726591538907243
52 -10.332689781008856
53 -16.758090503784327
54 -53.77547346008132
55 62.90430534817042
56 -41.30318296513839
57 17.352241249335652
58 -6.074095106838616
59 -25.670540673359387
60 52.60460615456166
61 -81.48028549998115
62 28.937303170489177
63 -25.621652450259198
64 -42.44154835124446
65 42.2781007256078
66 -38.516446138196876
67 15.704701853206245
68 12.553240627337162
69 -34.16009878229543
70 1.480671845592274
71 -24.08708272650655
72 25.178536611650134
73 -52.413430920970754
74 34.54817760700059
75 -45.95086087962633
76 17.828276528325645
77 12.795705824609692
78 -6.2350285004010235
79 37.337836953035655
80 -3.958563666082206
81 4.772050177885731
82 -27.71031047393089
83 41.96359304321141
84 -39.38488076346514
85 111.09234822794164
86 -8.749961879754968
87 20.153471824794153
88 62.88495472869975
89 -38.80963165129354
90 50.23217430515963
91 -20.622952656414515
92 18.30513411257663
93 -1.705747518024046
94 18.964119627474624
95 5.734579336489534
96 10.871956154259856
97 -0.7427618511311114
98 -22.921482851191016
99 24.144558622103663
100 -17.46476291495621
101 -16.016639467910498
102 -12.875564205775007
103 -10.373010766904581
104 -16.651599689588483
105 -50.046335356249564
106 1.0252651552977683
107 -39.92731613205237
108 -40.69757963739087
109 23.918473192405035
110 -59.13522921118291
111 10.694177823031858
112 -12.849050192624054
113 2.1830617753716695
114 -27.443223586185134
115 17.38082123101592
116 5.742497727845604
117 17.364426908255297
118 -40.39959041887852
119 72.74439418296072
120 -26.473210654575002
121 71.38677951326605
122 -14.751015975080886
123 48.245397269369946
124 4.622498832973337
125 10.826734655342726
126 2.3157675103807804
127 0.0
