0 0.0
1 -4.439508539808106
2 5.577944208024707
3 -18.40101986990836
4 -10.937723073788147
5 -12.520699620855606
6 -51.06827037221772
7 0.6196905184220748
8 -41.70510510061989
9 -27.65270977969646
10 -44.42132031541503
11 -3.1072955107109395
12 -84.09336365205468
13 17.747021440696447
14 -79.6752987572957
15 -0.33427604192381605
16 -17.24929596647038
17 -85.85292110874568
18 49.66227841137687
19 -34.01116251815692
20 30.78518237295345
21 -15.603343293538664
22 -12.410384962200377
23 11.932015541778018
24 -46.67110247083888
25 20.189523491301482
26 18.545868925728524
27 -53.995851055047964
28 51.44431280507008
29 -24.03392432311357
30 8.616936541460785
31 -14.737551528468046
32 -13.063034290102173
33 -47.06833593350469
34 -11.482462072591568
35 -10.709699614754514
36 -37.75485880033654
37 -17.958777535842852
38 7.152148498197737
39 0.7844675648158321
40 -0.4603419563995405
41 41.53519352943031
42 -0.9126561583847966
43 58.8945334161996
44 -23.6143284243095
45 67.46981090172198
46 -3.3185806089564154
47 36.88531183087942
48 -1.1211369973820078
49 -3.5477863864700008
50 -3.3705762534315182
51 -14.056469009235563
52 11.700575990429604
53 -21.66202039842577
54 23.434095381218764
55 -50.99315359064789
56 119.18387442130971
57 -55.34697031812914
58 27.40517998279071
59 17.925121269253143
60 -48.3994670060702
61 73.83007682645298
62 -35.101922375609504
63 36.070407694496275
64 45.89360512991831
65 -63.323633483776725
66 86.87271183928294
67 -40.21066784253797
68 14.293754740875874
69 13.858422855163308
70 11.535992904814957
71 16.477788354596363
72 -36.67053311714804
73 25.909458897326278
74 -39.45912567593162
75 6.442031489265883
76 -33.6995586051733
77 38.11615835222064
78 -78.55691185804483
79 27.091860993783026
80 6.591081126285144
81 -51.657322792136114
82 20.673616939243296
83 25.39024601808803
84 -52.56089746036816
85 5.458241543610415
86 -31.264163029244244
87 -22.69415406229528
88 -12.111050577457336
89 -60.78315493360401
90 64.23947546247751
91 -16.980964053127693
92 31.62609454794912
93 32.137593762448944
94 7.6889252652039906
95 16.85219756055638
96 28.326720510440552
97 18.561614530497287
98 -17.091710598743962
99 33.65895035984742
100 56.74211657548061
101 -15.028379056955702
102 3.0891220898003726
103 2.1756159431564996
104 10.629428225322581
105 27.772175243723602
106 8.972446576791555
107 7.840341611449443
108 -36.29653804903716
109 31.492846564505967
110 -20.582950276319345
111 -38.531031946832215
112 -45.12977382079488
113 -43.860718001959185
114 -41.791321780002136
115 -15.07433446647632
116 -24.525059348348446
117 1.772730200664696
118 -33.9304447851106
119 55.7689802241971
120 -9.857686772143568
121 48.72314649436032
122 22.600684108379642
123 27.46388540598938
124 7.696617766331656
125 13.787410783510467
126 0.4202987144121795
127 0.0
