0 0.0
1 -4.137866025605783
2 13.175753616997405
3 -26.538130927145033
4 14.334554254895354
5 -24.663085673059147
6 -19.43536189473084
7 -27.44023005366176
8 -41.891328664389164
9 0.9736202073058328
10 -36.21601015571033
11 51.104828885869665
12 -53.11677727497902
13 69.96277179922811
14 -42.14388632820792
15 26.656274221109605
16 -26.804362592104415
17 11.513105136286198
18 -30.941276906736903
19 -31.267377055261374
20 -12.419308700838341
21 -86.07695685099701
22 32.303906555634526
23 -44.737392722790645
24 24.561792265856926
25 -95.60342445423218
26 28.907443766114298
27 -71.71521394987418
28 37.346602135078676
29 -2.9454516616290354
30 -43.127799911211646
31 79.73831988138475
32 -103.0327335963799
33 82.88180474843048
34 -44.50928270490354
35 26.87873358138362
36 -27.429491440653603
37 20.112102352977367
38 -16.401609495576377
39 -15.831680079776623
40 49.70580818907519
41 -63.89743102915371
42 36.56048631375729
43 -15.605146379688247
44 27.809452779033812
45 44.93456152061137
46 -36.2256967403649
47 33.355962100275335
48 -42.35148906567425
49 3.8610747092920414
50 34.59669056918033
51 -10.722376881588243
52 42.50492896122649
53 25.273480369753305
54 9.033218498059984
55 -11.463841953351995
56 12.129190199942295
57 10.873829782338047
58 -6.724238167115763
59 2.7761739109612766
60 -4.478833629673865
61 -18.96804628691061
62 15.38433800168282
63 -37.271489618915254
64 -21.193719377495995
65 -8.903433131393227
66 -32.981344190447274
67 35.02214719166675
68 -36.25798681396916
69 27.752723214833736
70 -16.00386281392096
71 -37.64481617875866
72 19.107369843716135
73 -2.6860148135000865
74 -6.0205675130071805
75 15.425290240191828
76 -32.312668017568875
77 32.18149839154855
78 -33.07453636099964
79 -26.28928353239176
80 62.791865325154646
81 -53.130044518614255
82 61.1452925967992
83 14.264760631464931
84 79.42354926439263
85 31.455962809183802
86 34.19415093314453
87 21.922918701302603
88 0.3396309724604802
89 4.435145976415771
90 -27.036013649446627
91 16.617541212510563
92 -86.34386023153634
93 1.993909568440434
94 -38.4300436232128
95 -41.25344117620219
96 3.9776561253655847
97 -29.05446493718889
98 -29.388899895809725
99 17.740091670913017
100 30.93639511759722
101 -75.66834608419683
102 115.71147986265767
103 -28.0807614124842
104 -4.355889310643839
105 45.04390661817745
106 -11.597502945727584
107 35.8297028408595
108 -12.869240688248652
109 9.864997745429095
110 -0.3448086209981593
111 -13.17019345216396
112 -33.517186678161096
113 -6.007865194293365
114 -35.63479972966344
115 5.814896427507539
116 -26.33552423362032
117 29.460821559366334
118 32.088181417969174
119 51.70952402433482
120 -23.53776915484952
121 45.7317428593915
122 -8.423579376913166
123 20.351956918997995
124 1.0814995114972732
125 8.669617580095029
126 -0.43415598384579884
127 0.0
