0 0.0
1 -5.122422921431068
2 19.66344072820544
3 -26.282849972144362
4 14.778392052702303
5 -22.78064976263926
6 -21.442746537017232
7 -8.088075784157514
8 -77.51160470830631
9 25.192679425132187
10 -123.28467124114104
11 27.785517104061427
12 -95.12598413865936
13 -11.048927174527591
14 -49.676146723681796
15 -21.08534963103912
16 17.599055083151963
17 -18.57828798349836
18 8.95067759922645
19 -13.575417438784829
20 -16.994129443760702
21 22.66758043701693
22 -22.938314861413314
23 35.439258371326744
24 26.498385781023096
25 -50.67483220200451
26 52.348208484655835
27 -91.08805196651517
28 56.0437404973173
29 -33.743831794835344
30 -26.827161729534936
31 42.88216670585295
32 -86.26186703368329
33 72.04341681436895
34 -28.416516780775627
35 79.21653802914454
36 -32.91651540498805
37 36.239432063373165
38 7.534514876869065
39 -7.02931571430125
40 34.02139103193849
41 0.5279030950675262
42 -27.546755502772744
43 28.562218957050636
44 -22.365739644002925
45 39.56197274871826
46 29.726312993707992
47 -23.759937540748027
48 26.565009551695418
49 -11.109844975653148
50 -9.73033663452442
51 42.799398513961265
52 -42.45117197288753
53 7.264500509532031
54 14.699210270760462
55 13.16584308885578
56 15.760848521341973
57 14.144837838447922
58 50.55214573618339
59 -53.29943832658706
60 41.51081226267112
61 -50.13682223127285
62 -27.07346591840034
63 1.839159646590651
64 -33.811869074273
65 8.032860047522382
66 -39.74086733365328
67 5.1862165194525565
68 37.03544049645842
69 -2.5534884578420867
70 17.55359221634079
71 14.695017040155234
72 -42.343954395160345
73 12.725846109143895
74 26.938896088744947
75 -11.770760214373855
76 14.164479092711806
77 -31.970565626932103
78 12.490504948008622
79 -36.022729957744666
80 -19.83454166587808
81 -21.66971279274984
82 -2.0673575959630632
83 -45.622036541225896
84 30.32450302201374
85 -59.10966600285148
86 38.244647641252584
87 -19.51661361244045
88 11.788572756791202
89 40.332119999374115
90 -21.233199215118365
91 24.38713614266967
92 -52.304536213569726
93 42.36392345016192
94 -7.763019862043519
95 2.5962812307743337
96 -27.249718818434634
97 -7.411263703295543
98 17.070457071388766
99 -1.1221908126379212
100 10.260523363978148
101 -3.1392207928788722
102 9.221257916007913
103 26.41573466801041
104 -54.96086695787145
105 79.94630559633424
106 -51.60274748295605
107 0.6273536006574202
108 -3.06599744359137
109 -59.48094804012178
110 -27.51008689015331
111 -41.010477312876894
112 -23.27844284093724
113 4.810657578484338
114 -53.88750132315036
115 29.36303328241636
116 -22.884288517205196
117 -14.400135379527127
118 1.8018538284055747
119 -15.51673135308087
120 4.942596992471627
121 46.79080812639815
122 -9.656887508692538
123 44.207878075610644
124 6.4240923420530525
125 8.52836244555112
126 1.4821388800897446
127 0.0
