0 0.0
1 -4.482594062568654
2 19.810120529917903
3 -20.288471173816845
4 24.14777745691382
5 -6.565784503161681
6 36.57327835610762
7 -33.625196288083636
8 53.497963680148644
9 -4.613597353626652
10 -30.955064170774897
11 32.02211208552818
12 -110.15531242280939
13 78.50094309950879
14 -149.94588466211326
15 65.60575837824581
16 -108.88619163897417
17 28.821955125190986
18 -45.74525101187599
19 -54.22275387388541
20 4.217247068120984
21 -75.47202429141602
22 5.637541125452312
23 -14.538944689426685
24 31.598263343816797
25 -12.406452285882827
26 1.9497764204711592
27 -22.978586513025046
28 36.09567389804564
29 -75.38648514916488
30 48.20942129108201
31 1.88022042001474
32 17.034186686660405
33 45.03579492184658
34 19.87425854716887
35 24.91579699995173
36 -12.206237678293542
37 28.418728253456706
38 11.488910345317601
39 5.588653191287188
40 -27.83992395974492
41 38.66170775683367
42 -74.10695778560047
43 -6.2008578361908215
44 -18.671677882159372
45 -24.114895316133254
46 30.121471533125803
47 -24.234757944981812
48 43.094335910108384
49 -11.256559219546372
50 11.138399456230278
51 -4.318670570920989
52 -8.25836346578453
53 31.217915350013943
54 0.5998551269474311
55 13.887677843118956
56 31.546483625340624
57 -3.312824048629009
58 49.57054555858057
59 12.532912827417881
60 2.848415181202693
61 51.06523461110821
62 -32.60484641718195
63 26.645602498010447
64 7.485184434031372
65 -28.019703041249908
66 -12.529534268888217
67 -2.0382949184218178
68 -11.177344253290277
69 -9.37314203544412
70 19.27389666296149
71 -29.618574712438793
72 -50.07255591580397
73 24.406321716731014
74 -55.47418737185105
75 -24.146237336575663
76 -5.376830289461261
77 26.30202692720808
78 -21.930653510880084
79 14.969299621056443
80 -5.083941385122754
81 -24.973771959240956
82 59.15497365754712
83 -44.06944163396307
84 32.117912880310115
85 -25.948390209666684
86 -12.737526967877917
87 -13.13308694194517
88 2.506393587319817
89 -34.83230091682226
90 31.583635569287512
91 14.579200815270596
92 3.7759459687230557
93 -11.188843196688554
94 15.887168720070834
95 16.27861989941227
96 -55.38255722518569
97 44.62473635814927
98 -32.43503601966026
99 34.24552470037916
100 -35.18389553566363
101 36.49175891944427
102 -12.82942964546926
103 -3.9558948911787577
104 22.90931139639398
105 -67.88967021359834
106 69.68281847295029
107 -128.42832247708967
108 38.476941287958745
109 -22.346422004064365
110 -40.19534641004635
111 5.564503605047028
112 -62.228716071443216
113 -6.157651902354868
114 -68.72057379994988
115 36.45930746767104
116 -109.18394118579639
117 45.44710790445846
118 -79.87836735735524
119 49.73954519063283
120 -46.22891021672782
121 36.69725162636994
122 -27.55329295012516
123 37.24511486088661
124 -10.102113902195564
125 11.49547985331793
126 2.0136133026941394
127 0.0
