0 0.0
1 -5.492240998355205
2 23.80975663198425
3 -35.795201690772835
4 39.135486088868916
5 -28.59506646323594
6 9.41700235670604
7 -8.844079641524155
8 -36.92914501751667
9 33.63009811978212
10 -87.9355652185942
11 52.58948081383492
12 -46.83515613856216
13 15.52581314527731
14 -36.75756860252742
15 46.65533156858439
16 -84.61921629476957
17 68.71254126160672
18 -64.5766955705213
19 12.403325623864461
20 -16.24810460811035
21 -12.267815763958295
22 -13.260540818171236
23 -35.194577355341615
24 13.847811538135954
25 -62.18327573144949
26 69.97420707917598
27 -38.81361933249838
28 56.21566869303937
29 1.6793978281840352
30 15.375603951051346
31 7.485807682293441
32 -6.181698718891477
33 -32.84787845303287
34 12.51530362663352
35 -45.439426870269756
36 9.07627668097811
37 -27.237407022953747
38 -1.9199906082375362
39 8.912967068009676
40 -57.03529871624188
41 48.43450560284298
42 -47.13781278852501
43 26.346322100468246
44 -43.25845989517821
45 18.065014772619033
46 -41.082713916949736
47 23.3024062210422
48 10.426955529145065
49 18.747661147937112
50 8.015349019929975
51 38.59596176727534
52 -11.90483169848387
53 20.87343897680234
54 13.464798769024073
55 15.286718843235024
56 27.98221981209495
57 -11.293725869086138
58 98.76484368885521
59 -53.764467425476695
60 62.23141234469503
61 -25.227607868343956
62 31.872128672184925
63 -33.989029589120676
64 14.696132670610462
65 6.087460275454195
66 -19.004038750706208
67 25.338252002828504
68 -72.85305234210848
69 30.93767192798997
70 -57.758154991138355
71 -35.386113968179444
72 -14.585412456338629
73 -26.54424858323424
74 -14.030808686043585
75 -3.129449868027028
76 -23.620168911677492
77 -13.669845880333968
78 -6.1413969310520855
79 -1.7309209889938755
80 15.989752106062156
81 -9.453747114926733
82 -30.018006784872583
83 36.63557624837436
84 -40.73015441376652
85 -4.961287536745198
86 18.24205121876187
87 -40.06427668953611
88 38.023103104149484
89 7.581224437115807
90 5.670724886345156
91 -45.32858795119557
92 26.707641593554918
93 -81.26931107530673
94 16.305841423204622
95 -20.44318751273064
96 5.253033341580911
97 -11.119617850219358
98 -20.99659762352343
99 58.92406006165862
100 -57.17745268458471
101 72.70423518530005
102 -59.098608661894076
103 43.37300714342081
104 -52.61179209645858
105 -4.030437613330307
106 -56.822038975725924
107 13.52257836444937
108 -53.18561497674744
109 2.824343225468041
110 5.6394217400484585
111 -17.737482148598104
112 22.740336289876463
113 -79.93811944905104
114 53.43067209282089
115 -75.6143865125543
116 46.63478083322721
117 10.09030726564808
118 1.2040954293339923
119 65.11356569615874
120 -69.6577195077851
121 68.15817539663018
122 -52.320037008916664
123 49.084409824540174
124 -9.069319577393887
125 15.350826398308676
126 0.796815771140468
127 0.0
