0 0.0
1 -5.228797935709304
2 10.149966611157147
3 -10.252594268228519
4 -0.8114455670777858
5 13.067428040092585
6 -11.941269182428982
7 37.82771028549483
8 -30.928006342380396
9 30.715566803953756
10 4.988160639990758
11 -38.887483548344065
12 -20.554104634199486
13 -45.51022370621114
14 -37.55069743505543
15 -41.82052453906309
16 20.986792564960002
17 -108.95624716531182
18 2.361244060121875
19 -70.37803428536937
20 8.648085851206334
21 -3.0070569349583627
22 -16.13228381874316
23 56.73056633126698
24 -40.55525615190997
25 89.01019844156897
26 -58.13488318660086
27 64.74630501461544
28 -45.362270160118015
29 30.743156728294846
30 -9.691726676465098
31 -15.813714031104055
32 36.26433258578393
33 -6.128506443515707
34 -11.372884112014747
35 65.27978642075496
36 10.309287080290568
37 -21.00871257504402
38 58.2751952849794
39 -56.567018799743686
40 -0.9765273001608858
41 18.560893732076785
42 -26.906716100574357
43 38.396929118026875
44 30.687237309458816
45 25.932318587947698
46 49.64040432626331
47 14.283602605147347
48 2.6414455719452357
49 46.18650768842695
50 5.492571545816908
51 -18.505183735984268
52 33.61899148747982
53 -60.14234551287002
54 -7.367251395925479
55 -34.5346675849383
56 21.062208027169817
57 -28.916019835854193
58 20.432766735854617
59 29.642733625481515
60 -49.597707333795924
61 67.58932134436165
62 -47.84864179710543
63 -14.968374559992176
64 -11.141718246091884
65 -35.32294337124295
66 32.67854586702653
67 -11.814143940542728
68 -18.671254449989597
69 30.476134391124265
70 -10.55520858961973
71 -10.066594036489052
72 -26.799242885452895
73 -58.199982543217374
74 -21.32875894424261
75 -3.6525465745651293
76 11.790946352554869
77 -24.841133136622283
78 4.890748623264526
79 15.03210473101499
80 -48.604079792614854
81 25.863157616277775
82 15.435200274039925
83 7.813158046940781
84 48.88714688418603
85 -3.539490239523999
86 -3.759582641455833
87 19.241539293768337
88 5.318963034094766
89 -30.01081622751327
90 64.17243688962317
91 -27.206684631351546
92 47.04435664146693
93 29.74075427380145
94 -32.51969775400986
95 11.458496991662845
96 9.767138422255107
97 -63.364105600175854
98 40.10827793948027
99 -24.283257712608872
100 37.51445505387848
101 6.639287956514253
102 -17.508011754296113
103 34.525885873026134
104 -48.511450428251756
105 4.664312748405491
106 -25.834203381285178
107 -1.5648553157832985
108 -95.92999489176971
109 30.926477694286152
110 -90.54078711345386
111 12.621064936731358
112 -19.03814525047953
113 -2.2431035164128987
114 -5.260052328724488
115 26.008508940590875
116 -11.744496407051201
117 -1.8816445915666538
118 -41.88075683002161
119 79.72395223923098
120 -35.71310056439236
121 14.54239405521848
122 -9.405439618090792
123 9.956658897174513
124 -5.9266016839311995
125 7.80691917319936
126 0.9887635115977639
127 -0.0
