0 0.0
1 -5.388901657819459
2 21.41012039896556
3 -22.76879069009485
4 12.196639677960835
5 -10.911051080460847
6 -27.753551191224254
7 -33.40240712420482
8 -16.13796873043233
9 -30.452819773430694
10 -102.65753602345494
11 22.99317028821014
12 -117.97471334475975
13 20.441268947467726
14 -86.59143900082698
15 11.67415811972116
16 -55.36093006204471
17 12.306504042925855
18 -6.078354934824228
19 29.746173836448374
20 -35.63069895353774
21 8.42485614142671
22 -13.601295821051584
23 -33.27589746252452
24 -6.678020227458937
25 -50.42560735216657
26 40.765462024265304
27 -22.56314764582724
28 75.47955007649095
29 40.72532846541675
30 45.37255404018831
31 26.310822624252285
32 61.296919576235254
33 -7.013739615757113
34 59.657842214653044
35 -1.4051431327669388
36 -12.983798954650426
37 0.9473324944692906
38 -69.05842493548283
39 14.806164238171508
40 -60.808827797598276
41 -2.6363316966580546
42 -32.515199405206474
43 -29.97882692230945
44 -32.56789155574849
45 -26.299413334831783
46 17.9950311945165
47 -43.963416233269726
48 -14.190961213860422
49 -11.119683045056615
50 -14.029846745335613
51 32.7565707966932
52 -8.31349536354929
53 36.69657667991635
54 -16.83021138050059
55 41.740846589944816
56 -16.24702075453884
57 10.379271940521791
58 34.52458634171051
59 -30.604943095473857
60 33.26894157972383
61 12.967855642907379
62 17.586543594712968
63 -26.998624473232535
64 17.303780977747373
65 -10.883578368324171
66 -3.032485370942213
67 12.878149932719062
68 -33.262121525154825
69 44.64198596142719
70 -31.609549648650717
71 3.319478054772096
72 -12.304553081613637
73 -11.927656337570566
74 -30.797266150273227
75 -13.90012249861293
76 -20.469078076807165
77 -30.135619608728852
78 -12.46894290409015
79 -15.6499006704992
80 4.845376627056003
81 -11.210813181674975
82 32.333559487522216
83 -7.1052762275043415
84 7.641106525827471
85 -1.3625739251653444
86 20.8679074602799
87 18.002258079724292
88 48.24002527198494
89 38.00872657643737
90 1.1962853912531677
91 32.23519542929949
92 16.35169790392218
93 -24.59562244878438
94 47.83196987242437
95 -21.026593207116875
96 33.25127956939336
97 5.455275793790998
98 -48.895006261021145
99 34.41473955367697
100 -42.46389306617579
101 -24.426883838841636
102 -8.509393805334208
103 -26.238174110544325
104 -34.3318063357004
105 0.7233735114134677
106 -15.66335210986001
107 4.564031898281629
108 -0.5061523418329595
109 -5.682154056427698
110 27.38107363611971
111 -14.819845204628633
112 50.012195338111766
113 11.701195666027063
114 12.608786191306129
115 5.8464118963734135
116 -50.05921172543458
117 34.113133473143506
118 -76.49314899645418
119 33.21256360212402
120 -19.602771780223446
121 19.161308505501044
122 -26.45235631790041
123 38.704840579499646
124 -7.925009031007971
125 12.613444718162746
126 0.6613351748273417
127 0.0
