0 0.0
1 -4.033594985318858
2 7.288012145695128
3 -14.252094720581319
4 -7.368313489476718
5 -14.801412336373327
6 -37.10629992445739
7 3.3834673991994872
8 -65.60667001039849
9 3.5323717964071184
10 17.28181663594053
11 -56.6610480933515
12 14.515998985616953
13 -39.154661645566975
14 48.02764843674519
15 4.98341242673852
16 38.872280178606076
17 11.81589076476657
18 28.401859361784876
19 11.454261034097394
20 8.302635021171003
21 10.23925087753389
22 -9.091148536483507
23 31.713407919904764
24 -68.40572179750332
25 12.75587502563623
26 -28.34697734743502
27 -44.23959919056082
28 -13.736446445956693
29 10.126157620373533
30 -41.80280536127614
31 38.14632616663587
32 -42.50689584894563
33 49.676725798264386
34 1.8275479762557425
35 12.233551749347793
36 16.661192665761824
37 -34.763720793726996
38 45.30611486250655
39 -59.44416719878678
40 34.69838054784838
41 -34.594574073899295
42 -24.705283062876717
43 -6.912159067966695
44 -19.765778038618368
45 36.52206425376463
46 -9.13279200726044
47 47.310509404793
48 7.5885616181020765
49 -30.39246907845801
50 27.182076612668624
51 -36.81949737790409
52 -16.07145842415693
53 -26.75427457936555
54 10.59210234889625
55 -21.836292153719768
56 -12.859917570274666
57 2.753659129412939
58 -47.890321631182665
59 36.0523426811451
60 -58.04788859306092
61 23.475359704725307
62 26.482164048510743
63 16.016329572213692
64 14.52194411608686
65 28.091038573440503
66 -26.928515581070215
67 28.277470928098374
68 11.551335703906252
69 -30.983124054871134
70 31.78004135958981
71 -5.644123189536653
72 48.40475926790137
73 16.767562887518917
74 40.79488558372156
75 10.979820451737844
76 3.2422623254747194
77 3.1073137553340247
78 4.436648917164325
79 -12.765715961000343
80 -0.961435931778107
81 9.74107993121369
82 1.495590840977773
83 -17.821427780387875
84 12.769103044283233
85 -24.09827925123635
86 -11.260104596034237
87 -20.91186237688118
88 -9.951867139954658
89 -4.729503973387079
90 -48.150017146271196
91 18.20480852168369
92 -35.230014413597644
93 24.098979850453407
94 -9.093814423707268
95 -21.582905672422708
96 17.56927809794405
97 -17.42470594697639
98 3.703457216542551
99 -17.474581870544156
100 8.836021163258078
101 -13.924792983552223
102 -6.0922000026581875
103 1.5647908803372075
104 -24.765092668058838
105 -20.35729845302536
106 -10.428944366614212
107 -26.495848077165906
108 8.978170653745911
109 -11.785413173148164
110 -4.278158469294017
111 36.65747552679941
112 8.557995899309894
113 56.58604924910477
114 13.873964080350977
115 -13.402011238543455
116 64.85605502795524
117 -50.4306770468386
118 50.47568144520914
119 -2.565659426907527
120 -31.004493031490135
121 59.62253363652743
122 -40.887201324820836
123 39.5461015843353
124 -18.70866140606253
125 11.961500137378437
126 -0.3958391538008759
127 0.0
