0 0.0
1 -5.2380174535171475
2 10.7138661653074
3 -19.78408878743756
4 4.557180552205538
5 -25.6969855023314
6 16.303159720451326
7 6.0027398171635395
8 -18.338012742958895
9 47.99471641352334
10 -44.637659698955574
11 49.5530123421668
12 -70.28904569938922
13 41.662336642793
14 -70.39341896326555
15 2.3433172633104458
16 -72.59558960855622
17 -5.33208350989362
18 -101.01198253229859
19 4.783101834282517
20 -64.43267222873182
21 13.722823492799435
22 0.08052275519943548
23 -21.1185817694684
24 26.99962675599494
25 -25.838259234122003
26 5.841673034199397
27 -41.39361324365266
28 19.464262677812865
29 -24.23786250384737
30 -5.127992471879228
31 -14.932297204857457
32 -8.374633952238653
33 -16.418371431132442
34 16.50137840997941
35 -49.99916771545366
36 10.711195282346196
37 -10.78995683964157
38 -14.24072865409257
39 -19.78149521543525
40 -20.59066732859184
41 0.22418282337330214
42 -42.24798831245222
43 23.593990657926458
44 -17.230712915437042
45 12.376037470899124
46 27.752252796838107
47 -46.50192401594343
48 33.58293992748071
49 -21.111473723140872
50 67.35726302597513
51 -18.522826047504363
52 22.572543331207466
53 4.771516911030664
54 -15.237594156227601
55 35.274750398005054
56 -68.00687819325078
57 -2.1041714998560814
58 -43.61811395084797
59 2.9345446246959574
60 -3.456208726176667
61 9.77614643424501
62 10.045841024133587
63 -6.229039843963099
64 16.96485256982749
65 25.266906123747496
66 8.100968509243275
67 7.553593658094797
68 10.674649734385163
69 17.70939573893734
70 -3.9563077790363916
71 21.681142794419895
72 25.013527907267733
73 45.82578537890943
74 -35.24195353316041
75 54.68685715320009
76 -10.199904671632202
77 10.92721556193684
78 12.529675941329444
79 10.934804749859767
80 21.330057724859724
81 1.9042092338403052
82 21.81010676589093
83 -24.117827522900576
84 34.16127963977519
85 -32.543897474811864
86 -9.426273861653208
87 -18.09238578033208
88 12.20216046620122
89 -22.524602485712187
90 15.442305888890766
91 -16.61362397499755
92 -44.27241030985365
93 41.41270216347631
94 2.741487704864334
95 -1.0088993518276113
96 -11.316153674104651
97 10.673992583788452
98 -44.66212166920791
99 18.423588317349143
100 -31.341745992230685
101 -0.695478687326732
102 -8.57697279951514
103 -20.843313688697165
104 19.099708695779444
105 -30.042530090912727
106 3.1788054775020513
107 -21.524540824182164
108 29.811854894461117
109 -37.35243788104834
110 33.46673071823847
111 34.48598667428925
112 -29.420192647274742
113 74.96720983779623
114 -11.004443076545883
115 26.14613180234945
116 -5.011408258315272
117 69.61286053686936
118 6.965761075828693
119 13.191947291066208
120 9.844426074040936
121 15.958607134016324
122 4.523767939677569
123 5.424745803863529
124 2.5954867458164577
125 10.05128331164611
126 -0.0709532435742533
127 0.0
