0 0.0
1 -3.2143503290369253
2 11.649326040444555
3 -26.664354261139565
4 23.68988489001434
5 -39.054754482421714
6 34.928316841772634
7 -56.26124035838011
8 1.7488246709478417
9 -66.7351551618191
10 -8.59522143372029
11 -40.545789661242644
12 -89.09023778488498
13 48.29836141016444
14 -125.49984896837819
15 64.68597164965828
16 -93.75597293726842
17 -17.094419225940513
18 -28.789028681574692
19 -55.66699611371717
20 75.881654603642
21 -55.87144590509082
22 -6.062731516336645
23 48.62298033966355
24 -48.730385553338984
25 28.407191846639268
26 -20.141162358713107
27 -37.65665138474162
28 14.382881157367647
29 -42.05403049843552
30 -0.577239560371098
31 23.852192179717626
32 -9.222880851421952
33 21.74194294701602
34 -0.5902667029308286
35 11.537245092243223
36 45.76357508780782
37 -32.46844425109878
38 60.80715336030659
39 -19.600557795874305
40 51.66554657731683
41 -17.27871520239719
42 5.58066507497751
43 42.63815289934174
44 -19.253288719051106
45 3.094135523782709
46 33.61196683136122
47 -26.15298351276918
48 30.139140074110458
49 -23.842794697127847
50 16.212370742258805
51 -23.271651959323464
52 -57.26679486135461
53 23.821522737224132
54 -59.770357641547136
55 35.49946766047873
56 -38.11915434163155
57 2.770314787542235
58 -44.35861979952358
59 -18.54872783055953
60 -5.277680195066445
61 -33.65403298262091
62 29.045989319699576
63 17.342038665191183
64 27.40092934308658
65 5.8978411589397375
66 31.423668147133856
67 33.19740662373058
68 -11.594097857657824
69 46.66361295699647
70 -51.11757107993564
71 42.02131880006032
72 -6.68204190265118
73 -26.651131552923196
74 3.1847436244029534
75 -8.139279782518464
76 3.8578022761399846
77 -21.593907626130182
78 53.682136073487065
79 -15.366816149229802
80 -1.3257359573261913
81 26.637058363627734
82 -22.985010110188774
83 -6.48741730690802
84 -6.46495892642622
85 26.009699204072195
86 -83.06674591763884
87 23.689812620527753
88 -10.718887386688506
89 -30.35408196210016
90 -3.4694493067640315
91 -41.79978685526324
92 16.49781776844715
93 -48.0009498474007
94 22.318193915003153
95 -50.53790945304643
96 -18.37332892123914
97 12.440324497788534
98 -9.32660260850213
99 -5.615262810483606
100 -14.29850681585904
101 -23.259151948717808
102 -6.738527523149315
103 -67.53670230389345
104 42.21560661614616
105 -54.76877804961357
106 57.67217543634078
107 -6.552103878968346
108 16.28609204117851
109 14.348785776039119
110 -18.841729211636597
111 53.07392389176875
112 -35.35453023129356
113 57.12810927194964
114 -0.02281112225916928
115 53.563403724145154
116 -7.487042749624181
117 58.64511530109991
118 -18.25999846287973
119 55.68374367719522
120 -25.45491727888744
121 66.71306770922841
122 -19.949519262604586
123 34.40281388326424
124 -5.298329737102463
125 12.520325762165495
126 -0.047510670337329725
127 0.0
