0 0.0
1 -4.995965571768864
2 14.99134016860461
3 -17.665859709388112
4 16.06976968652834
5 -9.268287309016968
6 0.39893293544453606
7 -6.87348141393238
8 -75.59747807801543
9 34.04823968164549
10 -84.49102696599265
11 10.329521427012313
12 -77.55038557476398
13 -4.773735598475784
14 -62.35402338061598
15 23.47386147338121
16 -39.86259312038556
17 1.9370751115549212
18 10.380769240018207
19 0.30625178047279455
20 24.42314519391001
21 1.1146385937321641
22 19.0568248286298
23 -7.126136442285006
24 25.169611622131285
25 -11.880343721489071
26 41.39287488529227
27 5.789067628704633
28 -13.2397699945039
29 3.1533753116495062
30 21.003632472299884
31 -46.658310307044694
32 42.62300776968609
33 -37.408947986830874
34 32.07182739384113
35 12.1725934217907
36 -38.89671954848786
37 19.53610428612716
38 1.0195779301742776
39 -21.469789307090274
40 17.665326748199092
41 17.9027475877849
42 -4.569214422191107
43 -24.538279892115263
44 -10.296960221189625
45 -18.83667993434223
46 -5.1502554759176755
47 23.16236765651796
48 -46.345462212671855
49 10.08360249080835
50 -26.475896593359607
51 -18.21999680052906
52 21.99428038617995
53 22.872967521344904
54 30.265446790476844
55 68.4610196717392
56 14.68081823483925
57 53.49926470765825
58 45.688057181979
59 37.60991745038712
60 52.588770717189924
61 -0.17698066317053368
62 -21.870730266733553
63 12.765424103619587
64 -10.920004245261048
65 19.15584402720931
66 -28.36639505421922
67 8.832798743693175
68 -16.56028389063107
69 -41.9131431254191
70 -21.15513509762116
71 -37.51781182003584
72 19.295577214170063
73 -54.25767778098009
74 48.19608987127113
75 -30.052446080756727
76 18.664443952761363
77 27.874186644971253
78 -54.873737155759116
79 43.54427214193902
80 -48.52477856064186
81 9.3922011527615
82 -17.41900895026221
83 -17.688100619726512
84 -0.8892921093421787
85 -51.97014557995024
86 7.154914431744938
87 -57.740389546960294
88 -34.66810826906514
89 -0.12990386385027716
90 -14.676778585801909
91 -0.9826175996722895
92 24.61081669410707
93 0.6650472502658409
94 -13.278611760963285
95 2.975577397769772
96 -53.79052575690811
97 -16.622922213130952
98 -43.19995303970216
99 -18.75555281508661
100 -13.730933400891873
101 -24.213497977219546
102 41.18216552882579
103 -8.206390453786168
104 8.874830315671732
105 -40.541959926641695
106 52.45567506572792
107 -97.87857760268753
108 72.48737325316795
109 -19.984842613333605
110 -2.075048074470484
111 55.36339829945708
112 -52.26970996716203
113 50.0029724982868
114 -46.62755246590083
115 22.214710143642925
116 -53.396467704629316
117 12.560145727201716
118 -45.45333341942173
119 63.681907203377435
120 -34.77932789402435
121 55.142104215057195
122 -26.762919867654333
123 28.78887053994701
124 -0.43206148016001084
125 12.687154912399832
126 0.6588622433067804
127 0.0
