0 0.0
1 -4.3051924001793545
2 13.24710450337924
3 -8.700018899555268
4 -5.520150646686454
5 5.258126195404308
6 -37.9264128686178
7 33.07754331086442
8 -42.19477528912313
9 -19.49989558915867
10 -23.25893037519399
11 -39.13765328988531
12 1.7938980772088144
13 -40.10065436624635
14 -5.034835815555717
15 -64.39775118523333
16 -25.409476246856514
17 -73.34439734482434
18 -12.805093294769868
19 -42.15205157289638
20 -15.1445449787162
21 -26.069757894674517
22 -3.937321168895514
23 -9.992889287175668
24 -8.836563494651795
25 63.41499113108518
26 -43.14942461636974
27 56.736178071109826
28 -58.09017361452767
29 43.978195085513505
30 -45.80715696122233
31 -0.8649189262414338
32 31.229145387726202
33 -45.233417260832056
34 -13.12082283196791
35 -12.976549010109906
36 -24.465456990319833
37 -24.328586650692884
38 -9.13336830187425
39 -57.20989800018423
40 6.760125258264024
41 -14.50237377945537
42 -22.30221539062563
43 12.989387407161868
44 6.128587914035473
45 39.98190658925221
46 1.6662449472263445
47 44.19247559692709
48 16.991553174241805
49 -12.306036784857445
50 75.65024766760921
51 -24.57357377809347
52 50.48664631284347
53 -9.275630134548125
54 63.42832144890989
55 19.889359665632888
56 -13.843323394035036
57 32.371414339970414
58 -24.784109901115198
59 -6.760148344879983
60 37.73588781411452
61 -11.29963680431621
62 -9.422588097979613
63 1.0847540595769627
64 -28.44705375681048
65 -15.842840441308363
66 -35.394639510175125
67 -16.953837753404954
68 -59.97699922982994
69 30.2460250277123
70 -58.393388934203784
71 5.989846622834739
72 -16.492540995325115
73 -1.5543131185564405
74 -21.418434380224003
75 -25.668901486863653
76 -5.396184905692525
77 -25.512580368082954
78 0.4103482716237027
79 -5.950647012355915
80 -5.418372344751132
81 20.192751383120786
82 12.983671766927145
83 -21.585929683582563
84 28.767385021381333
85 23.982220119622266
86 11.017706992763495
87 54.18959245438445
88 9.835475180344439
89 12.285489524798207
90 48.69918467326685
91 -0.9558764421208662
92 77.185115253885
93 -36.68255569777019
94 87.13192870031
95 2.3899943059253532
96 28.022616950718515
97 11.143624975812356
98 -10.95930638538238
99 0.015833219021992466
100 -22.09619920287779
101 12.500929782268587
102 -45.6628118426854
103 -10.499149611856495
104 -58.14069414461368
105 -2.3240896350583053
106 -75.99738210194211
107 24.21158115125887
108 -102.78813189963901
109 -18.724934567191017
110 -32.379929623733005
111 -38.62198368569039
112 -17.860938721822574
113 0.8728765232835801
114 1.0066006290134208
115 4.552110556332248
116 -2.5295896135818383
117 -5.134766190480492
118 32.764411288889654
119 25.426196207882526
120 -2.0779100589234254
121 25.61931480248279
122 27.364897711663602
123 15.557180129163289
124 4.416075912790419
125 17.589190140056054
126 -0.414629297474276
127 0.0
