0 0.0
1 -3.863329115985322
2 11.001214553346935
3 -14.380725193301103
4 -9.012685056774512
5 7.5843048459273446
6 -38.82947078095326
7 16.484337584485615
8 -65.22391887720268
9 -8.77707066090484
10 -29.755697915053783
11 -2.9046719235470184
12 5.593209105812302
13 -38.47719572298266
14 6.594091579847651
15 -32.16304354398688
16 -34.196742367106054
17 -19.434479024163668
18 -15.06056061706495
19 -39.177549700689234
20 18.045305048630567
21 -48.109335447033864
22 9.00624551386776
23 -26.638338893369333
24 -13.945311751756565
25 -6.176781296119484
26 -16.18062913533557
27 35.250189164182856
28 -37.573278369102304
29 40.75381886025407
30 -27.490482579527757
31 -11.4535486381685
32 7.360501375034416
33 -54.174179813046486
34 38.83918237191864
35 -56.282712337815376
36 43.24902053991129
37 -24.94762393164891
38 -37.475365042119485
39 43.74478226143008
40 -102.30304022589013
41 83.95349120655872
42 -67.59060371993911
43 12.343589733929651
44 -13.504824426087382
45 -6.428896891205806
46 7.636067978264576
47 2.45380402846759
48 26.773071248898333
49 -28.771864928472066
50 37.72868311396285
51 -18.825821588359336
52 8.517857631020247
53 34.796593474921536
54 -7.624459946056986
55 7.841082956553603
56 11.536214502136101
57 -15.34578121042171
58 27.11732074576251
59 1.540111734737704
60 -0.17088392830657032
61 31.97613117333355
62 39.827446383188175
63 25.18707313551661
64 -1.2758540669145908
65 -23.46712035800424
66 33.17527562141615
67 -3.3534984947645015
68 22.29690370796593
69 37.57421588799552
70 -24.763552521864096
71 28.707199293599444
72 -1.5138737393771118
73 37.59555456844388
74 -12.72322538861756
75 46.26406228627889
76 -31.915862422549008
77 36.57571332394919
78 -1.6309663672100743
79 -15.62717168791325
80 13.338260965272132
81 -25.82662638021424
82 42.89309786154805
83 -20.0259230922336
84 49.34795915145048
85 -7.194073243219896
86 -23.079978435661584
87 -33.24259619215037
88 8.611829366908411
89 -66.05595023465362
90 -9.284167829020577
91 -31.85637246238955
92 -1.2556453142695707
93 -20.277657207038256
94 41.28520903996223
95 -29.105103478107804
96 43.227808406150345
97 -32.8108715069521
98 -6.185864855237232
99 -23.91652381486949
100 -23.48247186848396
101 16.442268558933822
102 -45.39962723119023
103 -10.23906551419129
104 -25.540208329432826
105 -22.001338826655555
106 -48.94185397761995
107 5.009462242978956
108 -84.72088033863146
109 37.07354317112874
110 -81.40531479041655
111 53.3807234864429
112 -28.084441304763377
113 -19.988515237641234
114 45.41510300169126
115 14.370916294140905
116 12.636304958165802
117 26.088150220454654
118 27.221046020789053
119 -8.110726754802952
120 55.01109979269759
121 -2.03546886693159
122 -7.089831358174867
123 40.17523128915368
124 -10.441193095508858
125 18.016633904185667
126 -0.007894810847627784
127 0.0
