0 0.0
1 -4.769427573543902
2 15.866552471419148
3 -26.57346857793636
4 23.368542831356482
5 -39.73943383903189
6 19.444043495941678
7 -76.05952103974471
8 26.037939609790147
9 -67.7595855382261
10 -27.87202308993679
11 67.07031324439552
12 -87.53733537249508
13 93.01561561807324
14 -53.948998537312086
15 36.75668606121426
16 -44.29596599269879
17 16.051886923040062
18 -34.137286239957206
19 -4.007366960993433
20 -15.602280188205324
21 -30.68030441196083
22 -13.634707176083605
23 -57.55584611018237
24 -2.6274534062042565
25 -36.13756640727003
26 -39.50444389167944
27 -14.914559783516438
28 -25.771976154454325
29 -32.56134259255856
30 -7.317712561741314
31 8.27724914270948
32 -7.147846428738885
33 2.138991444089311
34 27.189682991134262
35 24.834824709925826
36 39.91949295688054
37 43.122387128029395
38 47.750561926901
39 26.118951558599655
40 65.92096734014692
41 39.47621494698108
42 -0.8910596646863594
43 48.8901812887857
44 -13.467657689382069
45 -3.2243929429952893
46 -26.570210867576836
47 -35.72646136149765
48 27.32154831161578
49 -66.96275985224918
50 21.14995555937479
51 -62.84575467557496
52 12.339684850588757
53 -20.534051839396575
54 -48.01714942481511
55 -8.517126380188145
56 -51.550811835568915
57 7.589924867878482
58 -11.609287716769211
59 29.184861339912516
60 -7.42288429229533
61 8.516925455958164
62 -0.6072944769955819
63 35.259789979484665
64 -7.33981812999797
65 14.572094530716152
66 19.525087929935584
67 -15.499410033408136
68 37.31667224377282
69 0.08617994544506011
70 21.835688837778108
71 35.50142519077304
72 0.02927870628540475
73 15.756121262198326
74 8.240186042270686
75 8.95826265753613
76 -27.358274268558386
77 -3.687541527333491
78 -7.512220776007577
79 -0.333621768657834
80 -33.96049130805817
81 20.352596736721317
82 -3.1822043436956213
83 -47.631720169893335
84 43.48708799401646
85 -35.03728054846581
86 26.3010842149426
87 7.535622809478627
88 18.492046029547275
89 -3.3986124815763996
90 -33.765984797897055
91 -3.6018487094558544
92 -42.52393619779484
93 1.0976709385901748
94 -66.54269484863181
95 12.50794903809952
96 -57.13174959652819
97 -19.98237607174309
98 -19.17951689413514
99 -64.77229837033119
100 3.5012268031339304
101 -30.820903920899436
102 -12.23682215010866
103 19.80759933199133
104 28.714232875681287
105 -43.44178696147698
106 52.25724574386289
107 -14.88856049321098
108 38.41215315258628
109 -7.549997588429498
110 58.692206509162176
111 -41.323241963014276
112 56.354684589274676
113 2.629237682853653
114 -81.37059741618934
115 77.71858105285303
116 -109.74262128354552
117 78.2719664407012
118 -70.29873720448825
119 81.17439514005551
120 -20.75337278724531
121 50.61252570651143
122 -4.727374210762941
123 38.87202872775405
124 -9.890340415080468
125 13.281536255408392
126 -0.2497357878127231
127 0.0
