0 0.0
1 -2.6942693771215422
2 12.81957883368192
3 -17.16401234547479
4 28.098537757129193
5 -34.324664892947304
6 14.834110965053203
7 -56.95498330209926
8 -21.965586502012442
9 -43.50619684514104
10 -31.81041108133923
11 -26.436313663722675
12 -7.710351924036564
13 -43.994772057912854
14 -44.1927609064336
15 2.4923999890576454
16 -83.77342689430552
17 13.595985642804688
18 -64.47358202210259
19 -13.491885800256329
20 -16.323805669052824
21 -20.352053224442024
22 0.5039692975274456
23 -20.282151022242232
24 17.16446735720755
25 8.125329965892737
26 1.4840415576074395
27 -15.528526652997355
28 21.8127239147658
29 -17.257508141508232
30 -22.85443197674873
31 -3.9980865939238073
32 -13.318629439346376
33 -55.18890032836066
34 39.580641213664165
35 7.0785069519716854
36 -23.02001449489741
37 43.11227071801787
38 -54.40281202724873
39 47.28155242638619
40 -60.05333584443575
41 -1.2793088012355278
42 0.8219414379830161
43 -34.79017175825309
44 -8.795365903331916
45 1.9292740551647225
46 -21.15869151219501
47 23.36302967610956
48 -29.485670780678134
49 11.561394331267133
50 22.904979119596046
51 -23.46186307091397
52 13.230305525392149
53 41.07600867406805
54 -27.949811147409775
55 46.51513128270944
56 35.7945189735859
57 -11.156023268495536
58 29.342543213014874
59 -59.35333083025058
60 80.6314118108463
61 -49.10463161176463
62 25.858210786114704
63 -7.597575707855326
64 -12.30506900950137
65 25.21923768482235
66 -40.296250016756304
67 29.85006166586987
68 -44.85818660904463
69 -33.25408468572266
70 -30.98459321639616
71 4.920695696909728
72 -6.281341530369308
73 15.332627693538168
74 64.08051538644176
75 -21.583902474383954
76 76.05142669443441
77 8.54471608071487
78 34.18047697372439
79 12.449651788618784
80 -7.470458575268592
81 12.88985526932804
82 -14.66957290981784
83 -11.783748516306117
84 14.059151194865771
85 -27.081074593600597
86 -6.506503188833162
87 -2.762187586584786
88 -35.10323739303626
89 12.826187952568269
90 -16.807343596428915
91 -48.54231605022881
92 53.595284962870636
93 -83.14204015532545
94 32.070375194934776
95 -38.0395080037093
96 4.775897207099712
97 42.38502737280071
98 -52.21986067730073
99 84.4581313333866
100 -68.13434118944649
101 89.49995267776323
102 -72.47942346674988
103 64.97750328152053
104 -33.02066425246513
105 33.918400736547746
106 5.501845432934539
107 -84.11506334083042
108 30.21861147689966
109 -64.67937023755722
110 -1.7694439637349857
111 -14.379857175588926
112 -24.666049322905025
113 -38.56707414836054
114 20.772067330455027
115 1.419985057128087
116 -25.738801912569432
117 30.66034248710011
118 -40.95160356688656
119 47.18563258730742
120 9.252937658816542
121 15.388237934012597
122 14.560440999647144
123 29.243115057356743
124 -1.8643889856497031
125 20.433926806931993
126 -0.7506239079865268
127 0.0
