0 0.0
1 -5.6918007441882095
2 14.78311753787363
3 -22.215201264915336
4 -2.706221957737927
5 -26.158383875356066
6 -43.26534337980893
7 -33.32582455768059
8 -20.220103056805563
9 -26.09501633489375
10 6.122736461932581
11 -32.376603970888375
12 29.43464046060693
13 -2.7316806359604984
14 26.819874607296445
15 -3.4388441117326636
16 8.451742737721865
17 29.05842048856178
18 15.278808791843971
19 12.000791007829445
20 -1.0590408544732204
21 2.1998806916882807
22 -14.949341354843199
23 30.397523599497877
24 -53.34942016014631
25 -7.608710529391636
26 -18.327877968431533
27 50.1911737347983
28 -54.31439516792666
29 8.76203197563732
30 -34.33796030918074
31 17.8254529191026
32 23.57968840754173
33 -31.279085338872306
34 78.65554915044959
35 -48.324702937069155
36 7.6745279038876735
37 24.07763878447751
38 -59.50191826059069
39 48.286224671264385
40 -44.3085218680758
41 9.154359873829756
42 3.151297040608636
43 -11.7537371899254
44 11.004598573467094
45 -4.8383767928987
46 34.87987479213811
47 -20.23690283230584
48 58.82341886489868
49 -25.802173490767125
50 30.4802885970407
51 17.306741914556873
52 -21.867965717730304
53 33.12087734568024
54 -37.280790301291454
55 54.80583403311443
56 16.990001042443897
57 -11.918721325844182
58 17.92385604541232
59 -6.877507213099753
60 -33.26705935037643
61 -3.3212880697731797
62 -33.51746533079329
63 -2.403953578729093
64 -55.18713347897336
65 28.608995066057492
66 -32.656539935479515
67 -0.7291969823484892
68 -14.832848854872708
69 -22.29750538173244
70 0.29399713348759154
71 -39.49888234241317
72 9.5551481965225
73 -14.39734454154364
74 21.802589110291144
75 -54.66091938211744
76 19.758817081253106
77 -32.434775220648554
78 -23.18824497740102
79 21.402211741000606
80 -18.608496541063523
81 -14.650356402532605
82 -13.031300520348468
83 -0.6919083269914292
84 -2.99888598670871
85 -16.660767835321167
86 50.69608978096644
87 -25.320715757986004
88 26.697515710093967
89 -23.04070011391499
90 -2.9808227175246738
91 -9.269320249425261
92 11.3506710957861
93 1.3056621439235523
94 -19.407033592810226
95 42.8386590037956
96 -40.93099242751532
97 56.79607987291254
98 -11.197691049658689
99 49.0589654552522
100 31.81484531814388
101 -22.506391854912657
102 51.87037210820686
103 -21.648926752894322
104 -6.786691988465271
105 15.843167462242118
106 -46.538968893028354
107 -25.187419455410467
108 -4.198358373622966
109 -17.56871744853453
110 8.253479544993661
111 -3.4887551744515264
112 -2.6523951852869168
113 8.233991192184789
114 -18.146025151144364
115 -13.493725577867961
116 -2.4740298221022083
117 27.923934310615042
118 -51.822209823168464
119 66.30796758057963
120 -57.37221877020863
121 45.79832249401349
122 -32.535776289486286
123 22.892826133966857
124 -8.761834849431544
125 13.831185295854343
126 -0.14079501358831442
127 0.0
