0 0.0
1 -4.72403009744238
2 10.63328563348692
3 -28.04765832483883
4 29.430680331650155
5 -45.94534914329738
6 34.27409014415591
7 -53.60728667181604
8 4.79173830172518
9 -18.34722389202825
10 -18.991536936614914
11 30.62594077797269
12 -50.02723095323937
13 30.744922765795494
14 -46.32970271418656
15 40.473907189902306
16 -81.42355596884288
17 29.54852647343048
18 -96.93072943034787
19 17.99566495719505
20 -22.604301523403873
21 -13.658598122778185
22 -3.419938623411192
23 7.777969148813651
24 25.724132522183375
25 -40.479775880043626
26 46.95435775023325
27 -18.953318083631462
28 19.41115336753901
29 -56.801156482379746
30 31.923019899869576
31 -96.60693363526687
32 -1.6033621841830927
33 26.26350403642006
34 -36.52440482791518
35 37.48127704142171
36 -2.3662137194876514
37 17.18699779303338
38 -8.092185840384285
39 20.981018867151718
40 -6.211016693128555
41 23.29697234061619
42 23.742646457423156
43 -9.426983098292146
44 29.800680911214982
45 17.543270404995926
46 6.081146274153162
47 -10.503291079563512
48 19.932955305283656
49 18.62680229790397
50 6.899583682705836
51 -3.3656411360079224
52 -38.10755332147215
53 29.46694386280605
54 20.298986630423954
55 -9.79593502940989
56 12.935838011992539
57 11.38061669457089
58 -8.641189114462373
59 15.984678523577465
60 16.151731825648117
61 -6.919390965446582
62 4.189571003431871
63 18.212371742686788
64 -44.07735603067586
65 26.61366291197984
66 -6.233676391610035
67 -57.40272934870336
68 33.23116306046037
69 -59.30986449725701
70 -20.42509781062973
71 -16.68404367580745
72 -48.435729564119775
73 -24.831416808969728
74 -13.200432410645986
75 36.98974763115565
76 -39.542021032998726
77 76.92376217885743
78 -22.81373091197228
79 4.83932331032613
80 21.17425384401574
81 -12.06177165050513
82 58.45552100395033
83 -45.68769917952986
84 71.81813648790418
85 -31.774334940685314
86 36.51808393980807
87 -5.719918663076416
88 -9.682286531572625
89 12.631846154739101
90 -19.818506547145514
91 31.817365942044496
92 -32.717653594945986
93 26.062029159758914
94 -17.05235090635299
95 40.44508836058709
96 -60.387155595928405
97 27.67881546752762
98 15.16536019076836
99 -10.35914486138486
100 62.74832432422972
101 -28.23348843084047
102 30.034758295948702
103 -3.4384963499344554
104 -29.517299076651554
105 19.334984316147537
106 -3.194865841718727
107 2.0969382745541196
108 -12.012826063137869
109 34.74531106153087
110 -22.014415402359106
111 -13.97509055423736
112 51.68482812935285
113 -56.37782993782702
114 29.225280023565197
115 -15.165147944398125
116 -28.90910701148489
117 38.904768985751744
118 -46.209634913636755
119 42.903782939915715
120 -57.38382824411449
121 68.31628868306655
122 -49.85289876831298
123 30.976182691940593
124 -12.068500424214234
125 10.094644334359698
126 -0.19606657816859996
127 0.0
