0 0.0
1 -4.808634795867278
2 15.673108142669706
3 -25.470072215655517
4 8.013752494811914
5 -50.468348466072726
6 21.543607519051257
7 -55.886064954859826
8 -18.611762576975323
9 -20.191794470299786
10 -31.059606431140594
11 21.773585678595634
12 -40.508022129768214
13 -20.51217711222119
14 -0.2820620835204433
15 -30.07110438281944
16 -19.655132504222536
17 -3.575511037223705
18 25.851930754566308
19 -45.30505913317602
20 -8.071552663987092
21 41.64537276151768
22 -62.749796830267016
23 22.021140771193867
24 -1.6123936975808626
25 29.20733383045457
26 -25.212517100730583
27 47.71269384948597
28 -6.699044777390365
29 35.941435002323175
30 72.96798726876426
31 -7.5438573594255915
32 28.42029055814882
33 44.2295906141577
34 -31.487032903644074
35 46.9063414703769
36 -11.414218210976518
37 -8.040963000547062
38 -13.286317571362321
39 8.347399396080048
40 -24.352215497854928
41 -45.54065318210757
42 -4.962578017215197
43 -15.274692562292604
44 -32.2636354552678
45 -14.700920701320992
46 -2.7283918009215355
47 -36.445824767588924
48 -6.577579515265395
49 -29.9262740310392
50 -6.019136460077381
51 -35.091729875439995
52 -25.640273747202976
53 14.542261182703744
54 -9.391348475486545
55 30.63821025024963
56 11.099810097179128
57 24.45929907675097
58 0.6611291381975115
59 23.69151459341488
60 30.67417013411176
61 -13.577907307086697
62 36.09876992796736
63 -20.05134159803822
64 16.800052189354062
65 -6.673314896454932
66 -43.12376462913503
67 -5.858941816870659
68 -42.04100360167958
69 -4.056043036939243
70 -3.719735206706184
71 24.14416649104739
72 -28.50201641791404
73 61.859282046316494
74 19.091941099543586
75 -6.193011363828643
76 70.13029060339268
77 -31.895616685315815
78 76.34654026018123
79 -22.85046335741209
80 2.475967706134253
81 36.33774033579159
82 -93.26429888561425
83 19.6135110029598
84 -81.78359403135869
85 -23.585799706142282
86 -2.3759006518444887
87 -77.90074512180405
88 36.31678326209895
89 -45.182052364464155
90 4.560484003357174
91 -6.184671540758483
92 -31.912042883458884
93 17.297922872022507
94 20.376470801217227
95 -13.767422318912445
96 0.7767551609055389
97 55.55506907639998
98 -35.81344036115684
99 20.611832491483298
100 -6.916681962919137
101 -23.78103520630186
102 75.23234196971231
103 -56.38274741877826
104 42.687596149424124
105 28.004231011971335
106 -21.28708124861234
107 50.53009953109293
108 -39.53334514364486
109 21.746538034159943
110 -42.26200971048714
111 14.765728953619325
112 -27.112173037560225
113 -13.805058069962229
114 -18.08950095333391
115 -8.198150759923964
116 23.793052848499023
117 1.7930544437527365
118 -16.467722254447526
119 17.925734555102217
120 5.527179805662143
121 40.86481769845659
122 -28.32009782776197
123 46.413947665654014
124 -13.550796388030255
125 13.433641269295496
126 -0.8305157391399859
127 0.0
