0 0.0
1 -3.847008558354267
2 12.948048889101072
3 -18.585710433138455
4 5.920428183595132
5 -16.384397732425693
6 -24.09569184912892
7 -1.1875978571690307
8 -32.21876289392487
9 -21.692192328696205
10 18.597935323655953
11 -47.1363716955305
12 39.84282941081956
13 -10.08262499725929
14 -1.4060362165433635
15 -19.69742736579356
16 2.6372650225230436
17 21.3141714495713
18 -57.9826494042755
19 14.129828507604673
20 -54.90997398577029
21 30.197623804834958
22 -63.2049597087386
23 11.86467086109147
24 -56.36060696361726
25 25.442643214060098
26 -77.39315721534788
27 53.292909659319385
28 -31.17036997803547
29 -2.151125872128282
30 6.110311281374867
31 -36.00747561705233
32 60.3659074222981
33 -78.77745562329132
34 42.41955004462157
35 -52.9721218797813
36 -2.1054005728664387
37 -4.447656438143142
38 14.441733486296872
39 -35.32370629282802
40 13.220900509368864
41 -19.236995118626872
42 -65.89203177195759
43 30.447785517062258
44 -33.70562338556834
45 -24.443167272069417
46 23.338758822026264
47 -0.7861977536538998
48 -41.32700052228818
49 43.53150300477912
50 -39.38097852747359
51 -12.030921305763075
52 -2.936662518175868
53 -56.95802643340533
54 -6.13346205141094
55 1.2959625458868234
56 -59.69667608065028
57 25.253431665991215
58 -39.68090456065356
59 10.76139138701039
60 -9.315880182094942
61 5.809628915426408
62 -23.721747498006405
63 5.472386597326532
64 41.67477094877469
65 -28.57591292891498
66 10.691765300372094
67 22.037594481620218
68 10.622255964002251
69 18.25892239498959
70 13.384441736398456
71 20.801332938302544
72 23.945959784546254
73 22.106208538305516
74 1.8166054642524856
75 29.77221999906264
76 7.247594464021674
77 43.72359165394366
78 2.301734052956708
79 29.372764351861857
80 6.189627710752693
81 -42.16707906458889
82 80.51400607630676
83 -75.1040203426122
84 78.07452560541869
85 -55.29071714777626
86 3.610229507859523
87 2.778237518950029
88 -8.315347591942157
89 26.51397412521549
90 -32.28090277372417
91 37.11374722990341
92 50.18329940722014
93 -39.249532814538924
94 106.12043188786524
95 -47.76851558754367
96 78.05017865404466
97 -39.61232746360037
98 52.06348191069248
99 -25.580203306375772
100 -24.104921238864534
101 8.625088554334486
102 -90.3655902582924
103 85.22344539911052
104 -137.736190571991
105 133.16532014381116
106 -131.0816296709821
107 107.65363722267541
108 -53.702793661333345
109 15.837196267699946
110 1.8267578580560908
111 -43.44104416584112
112 -12.786596964254816
113 -1.7022937814292682
114 -44.297365528676536
115 -52.17397607766578
116 -10.992212756625992
117 -43.43708518374224
118 10.353197053271327
119 -24.491563031986495
120 30.910407214970334
121 -1.8844349238325766
122 2.6087871059058987
123 25.68698302985733
124 3.324334734545795
125 13.605771670611622
126 0.4624910125549957
127 0.0
