0 0.0
1 -2.4507997656031186
2 7.2187696157180214
3 -7.824507888945524
4 9.100045218608809
5 -10.33870082647661
6 16.987429484456428
7 -5.2356261394110915
8 -6.115547628417211
9 -46.874338699574515
10 39.966640650145926
11 -50.75465302506136
12 17.76453073050025
13 -21.150839849683265
14 -35.69723237758636
15 -24.92653348811894
16 -28.654884851708704
17 6.16458158543421
18 -32.865891238219916
19 39.99345042291244
20 -61.02155773352826
21 25.553853640000334
22 -49.11184012160264
23 48.206754676558546
24 -36.14360249561753
25 -9.076908620110952
26 -3.7203830107371783
27 -53.702138913235714
28 51.76904033532957
29 -46.620939979397505
30 2.0584718573198697
31 -11.095243461735995
32 -17.27580151463978
33 -26.730628284197987
34 1.5343877701625726
35 -20.393155782370314
36 34.00380768089308
37 -26.358864701852433
38 57.13991606925183
39 -55.6753465321104
40 63.6797850981663
41 -62.153768754108405
42 58.21175382797089
43 -24.120003662088056
44 -7.501791664969704
45 33.012930652707915
46 -66.5808827635447
47 37.81509294493532
48 -87.31047145691923
49 4.665959176543528
50 -75.67215143932646
51 41.154679810031375
52 -111.3132268209745
53 38.326730510221395
54 -83.40963677402166
55 9.209535528217977
56 -11.415014851574298
57 -49.05804260212481
58 32.521108268428954
59 -35.96121157122526
60 45.454741668843816
61 30.86758654621129
62 -26.102336952393415
63 39.44569163773022
64 13.818344576101586
65 15.036750555893253
66 28.82328058908382
67 9.82640073399041
68 27.622723789372525
69 -47.99164528990613
70 82.05078543844316
71 -90.11968383688163
72 57.905261030981734
73 -26.78096919341451
74 -24.64828619506864
75 2.1104492826592067
76 10.98946145332063
77 -20.777948019143917
78 -15.896122878506883
79 12.822873558118
80 -54.56914075406942
81 10.90474468002804
82 -63.556092267420986
83 24.634607798379957
84 -86.44264803092545
85 56.37694170985674
86 -39.83047642276274
87 -5.839604250942124
88 19.766687202939416
89 7.28841420957316
90 27.469505201009046
91 0.8260424298380139
92 5.550617113301471
93 40.168567069604094
94 -22.250091733982597
95 23.37692433666407
96 -3.7499041819250833
97 11.890814735711096
98 59.44085784391998
99 -63.21858561860142
100 76.34855667568617
101 -48.03630838345569
102 35.5413866499765
103 -25.094385337497098
104 6.4160923948915025
105 -15.531027618926611
106 -9.187664483279242
107 21.88005988318468
108 -55.55910795658804
109 60.7298335942808
110 -79.41793999082137
111 41.87588512007639
112 -55.415629653801716
113 -2.2854521748292664
114 33.28124553435376
115 -51.969784792484695
116 65.6586369056962
117 -32.0082468515373
118 43.165664640925556
119 25.391831803147035
120 -12.526656544229818
121 70.73128570714512
122 -24.159322087944936
123 44.71283321510977
124 -0.1047728139832452
125 10.785975926514663
126 0.5839035280679533
127 0.0
