0 0.0
1 -3.438502161843519
2 10.819040041253452
3 -21.904504183125933
4 9.720053867966532
5 -37.79215814973132
6 -23.823300837751088
7 -29.75139389034231
8 9.79451551426062
9 -109.02515597301954
10 49.05997585080201
11 -93.82096685932972
12 4.029037601135906
13 14.670523164728577
14 4.07094421359762
15 -10.547753504116073
16 14.72658855185833
17 5.194464750144179
18 -21.318787605079507
19 32.58211761307887
20 -32.28879323620485
21 58.62764998200581
22 -57.53736487854009
23 103.6537157082766
24 -58.82936990230103
25 48.186207600594706
26 -24.406461182165962
27 35.965456880732816
28 -18.93575221629995
29 48.98310054860702
30 33.03145578987237
31 15.588107721040577
32 52.17872595562419
33 -1.286552823428581
34 46.43744363899194
35 -50.02546041501602
36 42.990269611147475
37 -11.103281285687954
38 -15.8242043994203
39 17.619278972552742
40 20.955248180362627
41 -25.3979659074869
42 7.472311227648025
43 -48.42425062574831
44 33.825025124225846
45 -89.50248825366099
46 42.313037349359675
47 -36.55863050652666
48 -69.39984711641233
49 -4.392149159849784
50 -53.42323955062689
51 25.873194032639923
52 -1.7514502700972199
53 27.126538962324034
54 6.3338183908508725
55 9.064137343642583
56 5.7743020598518235
57 12.811676136109563
58 -51.61373014385155
59 -15.435070436340004
60 -22.22063101845123
61 -42.96542827187864
62 -11.527705754353114
63 -27.86869113187845
64 -8.043556469275977
65 -28.08317140649984
66 0.8892653735937196
67 3.2252519440071206
68 -7.424130313539357
69 18.845907355436847
70 26.94747420840678
71 32.89537797403874
72 5.542887869386062
73 5.920854665126443
74 24.725214900593237
75 10.734239009017449
76 14.337870486483654
77 5.908508573111368
78 -7.899904821395924
79 77.39724022779049
80 -47.925343341720065
81 35.56224130336824
82 -33.62089600507607
83 2.986054765801249
84 -2.579332838472303
85 36.358289392116355
86 -36.3267427043643
87 33.28874131848506
88 -10.533222120620538
89 -22.470004864999087
90 -3.7923659988356504
91 -51.59101571006712
92 3.7280025705168667
93 -53.34830029600605
94 1.3937233438789312
95 -6.872265598742361
96 18.468295229341145
97 -62.8063412888466
98 25.99316598844099
99 -90.03751394606061
100 7.346671220608101
101 -81.25985020796203
102 38.04959025399708
103 -62.48051169280901
104 -2.5490485671140894
105 35.16510937402588
106 -48.00050154937185
107 74.78276435373986
108 -12.162920177081872
109 18.27757131446271
110 38.56079940914025
111 5.691824007940068
112 -17.53601290424381
113 41.307017663283325
114 -51.67050904684923
115 40.13716712913368
116 -107.51570812219698
117 48.69431820110065
118 -21.201894088489812
119 7.077972327772265
120 13.167531973032828
121 14.49707016935821
122 -14.937605465803278
123 39.62983877242722
124 -14.312235056681756
125 17.33689447465415
126 0.32988031163911635
127 0.0
