0 0.0
1 -3.1130632904054627
2 11.621670863564619
3 -23.949417176651764
4 12.207721339455812
5 -47.46452521182077
6 6.943959107927684
7 -78.98201911138966
8 -17.248303039869548
9 -97.4430412551636
10 -33.56154374641184
11 -33.67486648139273
12 -2.4974373307965716
13 -36.85784988130014
14 -11.491514090982765
15 21.355906429352792
16 -57.77346133737744
17 34.752694197441066
18 -4.891897774130434
19 26.121524998109624
20 16.3103844836651
21 23.395953246333406
22 -58.91207315410142
23 42.69750016780314
24 -79.95469590214212
25 4.074998823565285
26 -25.20556817831316
27 -21.134187361080322
28 3.232535769709586
29 -26.272242901861524
30 39.17801157723367
31 -22.10811925313388
32 42.825499720158426
33 -38.12454268605139
34 -4.700675685171592
35 56.60850837504182
36 -17.64033570230437
37 7.685770232332458
38 37.79440942517727
39 -2.0289608000674817
40 21.105645562852693
41 -2.718969503963964
42 -17.173300725027044
43 29.081719246725097
44 -59.18844429008867
45 46.311089721318254
46 -29.43095638104365
47 37.98829653303912
48 25.144528116464983
49 -24.107310148830518
50 42.57682240696578
51 3.392062141878413
52 18.38481604534894
53 -2.6832671032429873
54 -3.932536043398852
55 14.615252695294258
56 10.317168957746425
57 -46.203453013865605
58 2.0124978865986245
59 -42.69766750547595
60 -7.60384193043559
61 -15.728763083034014
62 -60.471379152914295
63 15.648621836455694
64 -16.04646078236534
65 3.401810311987055
66 -19.069182418833577
67 -15.318404550991925
68 31.518097616827383
69 -21.30901705620804
70 30.209313244994533
71 -18.75955444318608
72 35.397299134869215
73 -5.3709254403420505
74 -5.833720884174696
75 -4.8574894710524985
76 -0.5478093922521118
77 -18.651315918780266
78 -19.55137354619379
79 24.59227786011189
80 -73.42259876085429
81 36.36839941517079
82 -30.67752049586518
83 13.370454703849067
84 -3.519656098403699
85 -35.45414349627745
86 27.080481407734677
87 8.05416186179533
88 38.2997797597726
89 30.32526961632423
90 80.79051902950442
91 -13.989645848617887
92 88.11181312238833
93 2.22512931402071
94 38.741831296786536
95 17.490032644810714
96 -9.65397065054211
97 31.19057163462699
98 -82.29044242403617
99 14.161030015214724
100 -58.029976967346656
101 -11.40280073375901
102 -41.42760280424526
103 -27.81669200258564
104 -35.07940897120456
105 -29.206375065242547
106 31.926440215283726
107 -61.83297957150508
108 66.4059104356143
109 -28.78146603172384
110 12.641495994970148
111 -8.71992308227186
112 -29.757612020251194
113 7.936813854287101
114 12.394677642319962
115 40.2957292338243
116 -9.256945474890298
117 24.50034418976022
118 -21.723930731154578
119 44.48491016078251
120 -46.300417390692715
121 77.81502797981778
122 -34.46348061946212
123 42.918436548395704
124 -4.036142446092266
125 13.501583489570452
126 -0.06415901893561257
127 0.0
