0 0.0
1 -5.517318742782785
2 9.432855482553592
3 -30.521330073348537
4 14.681111980946149
5 -64.82056241003373
6 7.636733980652784
7 -40.95704424535977
8 -25.641449786747266
9 -44.919790966276544
10 -5.22990593072689
11 -11.21897246293135
12 -34.020112189038095
13 -18.075039655727764
14 -15.009832377791625
15 -1.6762241634931572
16 -42.45089315616199
17 35.30663663144996
18 -44.020960395899884
19 46.89508687976136
20 -77.67421652313881
21 14.763564001999487
22 -12.97480027478291
23 5.592581311071188
24 9.12562573828825
25 51.71857098791646
26 -3.617938134114232
27 28.945817283505274
28 35.707561823030254
29 -5.713214347361985
30 3.236979582132496
31 14.349083273471628
32 1.7409756505330662
33 4.280498222837666
34 -16.16969547089125
35 10.406280213112602
36 6.731928856705237
37 -48.74835195946558
38 63.169598492961065
39 -53.48327272067133
40 50.07564032275956
41 -10.284097712107144
42 -29.91685983649725
43 38.77918349087784
44 20.770536470757776
45 -10.461476599859163
46 72.1005587130782
47 -64.05338968843577
48 65.54144013270106
49 -24.017004397953382
50 -21.80661671669773
51 74.3313387859957
52 -67.7519545996287
53 66.80761962801608
54 -58.46269507969136
55 56.46228138939881
56 -31.794616219787166
57 -7.341513574465952
58 -48.89160446119421
59 -3.799711482168596
60 -57.022394154015124
61 -3.3517333074431046
62 -1.860184302249234
63 -92.35711142221173
64 67.92281698568411
65 -81.702973164331
66 -10.804413422053631
67 34.8839902536571
68 -35.86272929936749
69 22.5431104061201
70 2.896792389782561
71 -28.334053522501986
72 12.845984283527157
73 -1.3207603118511104
74 9.155043383513648
75 -4.085212817254579
76 13.274029568799314
77 1.7068812026480265
78 25.88036797162175
79 -31.496928913863268
80 39.67897118740019
81 -36.84092835136641
82 5.478764957552763
83 19.376823188550382
84 -14.054673043911698
85 46.1560197157523
86 -12.027991166016156
87 29.938607828337798
88 6.458571952387632
89 57.959483793137125
90 -26.904943971331754
91 46.93702995924487
92 -11.274494981860101
93 71.9088043812548
94 -40.16537515444952
95 18.492552455300327
96 61.06384688008189
97 -67.8558263352764
98 97.46043464932205
99 -73.00327854992882
100 69.97789823118893
101 -23.56555203922688
102 -30.2035168688625
103 -3.548315250444044
104 -34.74325843224904
105 21.986154193321347
106 -62.60732051076918
107 4.3008781261819085
108 0.7801564275125245
109 -8.082806987764101
110 0.22177842145196822
111 -20.562501500466237
112 0.5644318773124887
113 12.694480425684972
114 -12.303989011330675
115 32.25581558309381
116 -50.86194926940021
117 67.54342349232871
118 -55.728720395647
119 69.19849663211801
120 1.0805119730525248
121 43.2043527570007
122 -9.464760874046618
123 32.1656849221158
124 -6.388683400376124
125 11.250343400012047
126 -0.7783743143901788
127 0.0
