0 0.0
1 -5.278553641593632
2 15.012128062814266
3 -15.417557739904055
4 -0.03229077588732879
5 -16.710548424997633
6 -1.8028261380922586
7 -29.742717834760562
8 -16.838225729949027
9 -38.231210588584624
10 -8.587146980862926
11 -34.64593746226203
12 -45.59625844938995
13 53.212701677584555
14 -58.811214211835555
15 15.551050899014655
16 -41.27347653773356
17 -4.651497531501822
18 -45.13918307003746
19 -1.044032853712445
20 -42.069661346527745
21 -37.634624671450204
22 5.4257831867718656
23 -29.323438967003323
24 34.08033027939235
25 6.686844115812008
26 2.8477485952191963
27 19.539161134215256
28 -16.01340723012097
29 18.80851811440397
30 24.04540920302604
31 -61.63603057908838
32 111.18661665980805
33 -60.741702171958
34 3.07011544888242
35 57.90749634367227
36 -36.16979002018151
37 47.25252734499992
38 11.78452999148516
39 40.532034443426014
40 41.22857545161684
41 37.25362265679311
42 17.446411011635814
43 31.725823879395453
44 8.808168891487405
45 24.46557160377441
46 59.18284835478881
47 -11.111841303074463
48 41.604100775754894
49 11.809886322238352
50 -16.04689767801055
51 14.29206554600356
52 -40.42128153403764
53 33.1941136794151
54 -34.72633793817355
55 0.19489005584854485
56 -36.48848263959234
57 -42.04974783608461
58 47.18477653322605
59 -41.9426977317891
60 17.93262073057275
61 -36.55718961388832
62 6.944724569751445
63 -27.33015941569875
64 12.000215031502568
65 39.74848254278054
66 -24.379520069585052
67 19.280343026535075
68 -49.282066099776735
69 -15.855719934968768
70 -23.894128251612134
71 -56.663031266987815
72 -32.40903536628908
73 -39.3975954219484
74 -45.618898846615885
75 -35.33610008005029
76 -31.498525551194366
77 -8.23820187540365
78 -36.32366700553756
79 32.833339888320204
80 -8.011150915833763
81 31.67044863154588
82 4.923834129070668
83 38.774533780437054
84 0.9139430381462318
85 22.41753300027802
86 39.58758239806442
87 0.5466394429200919
88 35.14792918806917
89 -20.516461544319057
90 8.48051748560181
91 2.4968816325408487
92 -23.69023274241156
93 -29.583563239845553
94 -3.8852909857594162
95 -27.216035888592412
96 -3.6092101462065056
97 -22.901023152991343
98 -47.82706580792131
99 -46.449317256933455
100 15.928715634295356
101 -33.58467747371193
102 -2.59026957637965
103 15.711340476915169
104 1.9978324914109356
105 -8.018579514942788
106 -16.491995436797673
107 -31.918419136518494
108 31.690468130683612
109 -35.53630121916195
110 14.287452146281874
111 25.17612886916902
112 -18.38913099894669
113 28.43405585973028
114 -19.418146314223378
115 51.72114723024542
116 -27.767415063606744
117 20.28162462295006
118 4.4529763396665
119 24.349945104207283
120 -6.910234830683188
121 59.11223011713289
122 -36.56284012357483
123 36.47486972507124
124 -14.646010340338762
125 14.468033066417078
126 -0.3183758343858845
127 0.0
