0 0.0
1 -3.8489050752341463
2 11.074652131894585
3 -17.721493806999483
4 27.097577618576494
5 -39.7011102172658
6 37.23320496669054
7 -60.928052858888876
8 -12.76092806686864
9 -5.863709354615664
10 -92.86922749660762
11 33.34869226157443
12 -110.05351828937953
13 41.542306709139005
14 -119.97688170238943
15 24.133651118662133
16 -57.81858249371696
17 13.655682603812743
18 -16.195131385563613
19 -43.22673921408963
20 47.92896079308877
21 -9.698964984154799
22 -0.05263006626354287
23 19.295612206143804
24 20.194585526859036
25 45.92333074995736
26 17.352641878074536
27 62.421979372017745
28 -32.07184221573262
29 27.367110093147303
30 26.893982250779104
31 18.59921239268965
32 -22.41942569496508
33 31.24290430073495
34 -22.212178681808552
35 -3.766329166688202
36 20.04555338554207
37 -46.46254597338248
38 -2.8059736893943223
39 -47.00812685942228
40 -9.00791689567485
41 -26.253022505682466
42 -44.9651627015438
43 -40.65152106521903
44 1.7379494962221624
45 -45.48732799246275
46 -22.93876895587624
47 -39.362791808108724
48 9.37318915587353
49 -73.2510249226925
50 -5.7301640522466535
51 -24.016993210579013
52 -45.21426201705835
53 77.30119178398411
54 -90.06334469768335
55 67.77198841521889
56 -57.15560529461946
57 38.12326501017917
58 -1.076686792363117
59 -15.225523625205406
60 53.31252752080651
61 -47.768780740862866
62 76.91283001494
63 -20.04244081937672
64 27.71671761628245
65 2.852781158255361
66 26.91592339230089
67 -9.053829520429419
68 -17.647662632120678
69 -10.780461413562413
70 4.1385778313827215
71 -37.17539529806625
72 54.522869930167204
73 -12.50063064153803
74 39.59426413243891
75 11.275156418637021
76 15.388587534936907
77 -14.925385181879536
78 14.346033951347037
79 3.0855757434789735
80 -26.135922868393752
81 33.7737776645165
82 -34.50516991764817
83 31.880299500304016
84 7.786662360924796
85 -28.505235840387094
86 16.05924531473597
87 -4.01685648642267
88 -40.44983713379546
89 56.297532324903074
90 -53.094847119754114
91 43.6839744461647
92 -47.98126025184675
93 53.82446549386624
94 -52.16584510877979
95 67.9424802009387
96 -14.580618497289004
97 -9.429738799834471
98 86.28078494959381
99 -40.811853057748166
100 115.25008261905882
101 -80.80277269526592
102 77.5295972810671
103 -56.86045163681542
104 55.70342207333004
105 -30.36780840133964
106 7.56499639248281
107 0.7127687461240866
108 -37.625106537769625
109 14.376158435007046
110 -53.47084703610562
111 43.66889218775773
112 -104.90954686031367
113 70.22298243096004
114 -69.11469795611994
115 36.17076158006247
116 -10.838968126331116
117 4.859459589392275
118 -14.673235352043537
119 44.4828449030755
120 -9.066562877322095
121 39.13150446094418
122 -13.91475458770377
123 29.545794864464874
124 5.7117381682422605
125 4.553057092001702
126 1.4217132210485874
127 0.0
