0 0.0
1 -3.1989614307333105
2 13.02536664510879
3 -12.868799843277822
4 17.456234919832692
5 -19.31746866674298
6 6.978625663715543
7 -31.679679177223
8 -7.884608519944587
9 -22.59558902024072
10 -8.77536540027128
11 -15.908630130028552
12 -21.276038873214976
13 -11.846276121348154
14 -40.814492319915004
15 -23.938629603216413
16 -49.3036962474321
17 16.46576751704041
18 -81.07291802831483
19 36.408806661484014
20 -89.03457221209153
21 -20.677467500921566
22 17.001143554264257
23 -18.23682115424892
24 5.855667906728831
25 -4.622382353262283
26 -11.867338441140777
27 14.53181184630448
28 -21.349352332654945
29 18.389135399861182
30 -12.729187145973352
31 -3.446583613068974
32 -6.452032672542997
33 11.164977462359984
34 -28.095352779412753
35 1.9365001645772222
36 -2.2936383603394916
37 -23.896266302112423
38 46.976628811357905
39 -62.75080352624092
40 38.68468402757957
41 -41.13851109848942
42 31.622811850951376
43 15.218834202329345
44 -29.042746011612827
45 59.17138207273456
46 -33.00191100809463
47 -13.723344055738746
48 -3.638020509642646
49 -20.524025734255908
50 25.449757156851696
51 -17.44365369810266
52 -12.894881297503051
53 28.165515385588815
54 -44.034933410725316
55 6.609942480463513
56 47.57803717082404
57 -12.998065691898706
58 15.700180046535573
59 -15.425368506626667
60 66.17394630980216
61 -29.53217329950888
62 42.35713562175278
63 3.294154477578777
64 12.382972348691547
65 26.675204920857983
66 -44.688574776018996
67 21.961798520116115
68 -59.716472279206
69 33.05012850154134
70 -37.967917136930524
71 8.511344997718215
72 -1.5592976947735329
73 -17.488563479893905
74 24.982671077470307
75 -23.581533555585825
76 70.00193754266908
77 -9.413225252199215
78 35.32983163449302
79 52.79287722473135
80 -33.04918397593882
81 47.694116400916826
82 -39.563127723414425
83 31.69969214027849
84 -45.9843599631568
85 7.950593687883563
86 -9.85859158413809
87 -17.99388677936801
88 -9.032082394051022
89 -32.05173563235672
90 40.98101019392029
91 -39.474827028988756
92 68.56205606171973
93 -33.81681979930431
94 8.77552860005578
95 -16.868471003528935
96 24.659788721331132
97 -19.076089710773015
98 7.401979184987289
99 -20.06665743117513
100 -7.7900159287809405
101 15.618320699088832
102 -17.015808274933224
103 25.456719714420338
104 -25.64799566874308
105 -10.054645689646504
106 -7.6641714022537775
107 -33.66502866643591
108 -31.72558031155214
109 20.642603200480558
110 -25.819121312490775
111 31.27140661561435
112 -16.695365593956158
113 -26.810703513631978
114 32.114696824853695
115 -48.50806924365263
116 7.705816146908521
117 34.11162520563297
118 -2.696819742123765
119 59.24501547184646
120 -77.23363928320074
121 76.90362396417447
122 -33.88175304119062
123 25.918928961058903
124 -4.271924765134702
125 9.510539228022068
126 0.8003528011378231
127 0.0
