0 0.0
1 -4.9422367250043076
2 12.287775656002488
3 -23.99212253679665
4 12.056192801057351
5 -26.88708692582245
6 -15.762768636769223
7 3.4223044643510647
8 -36.38513895400548
9 -16.81924188805137
10 -54.925864310518705
11 15.418252853630484
12 -2.1696793904823286
13 -44.2477434648321
14 -3.7858453753676504
15 -1.2191152589235956
16 -21.15808580549751
17 29.960007025133866
18 -15.928056654259574
19 -18.17625092046212
20 9.59424487072231
21 -2.98390890667243
22 -39.73911835355152
23 -16.356125320220837
24 -39.86653530659304
25 -19.030130509691563
26 -43.069490024406306
27 -46.95582836478007
28 34.1456660724861
29 -28.122386512272026
30 35.54991785916093
31 3.564453922324301
32 42.33671288363085
33 -5.800036527779061
34 39.058881214733994
35 9.723002119832472
36 -31.319077890757036
37 110.56362906222708
38 -77.0157150426317
39 69.95770282687654
40 -46.99338991811196
41 43.20288086410934
42 -49.13977589700421
43 20.025793608447543
44 12.5605971099832
45 -17.348621779436694
46 42.02675420338889
47 -22.46791849529566
48 52.590997364318596
49 -41.15174534540965
50 -2.871014155759882
51 14.681801653378526
52 -36.66295380022784
53 0.006192010383467401
54 8.424204334958661
55 -17.395714852162772
56 13.603447189918299
57 5.986450081008302
58 -0.053817556799173064
59 -4.398549054293407
60 -11.053469334906362
61 37.06404760554573
62 -74.07451837116103
63 39.82935505434302
64 -12.26355418354721
65 -55.690763132220994
66 26.44357687146341
67 -44.42137713971004
68 16.340399128984206
69 19.509073210368143
70 -45.48817922929502
71 30.506609376105345
72 -62.43675565525744
73 69.34492998289407
74 -80.66157384326719
75 22.61896541000162
76 -25.26827504222824
77 -0.24343104500286217
78 20.37559302652863
79 -3.8743747133217994
80 18.574581295173907
81 -10.455384017618453
82 58.32750809495335
83 -47.40186275770389
84 69.53824336335126
85 -39.07541037185274
86 87.72268334912727
87 -31.371158154438355
88 67.53846862389948
89 -41.166868852242594
90 13.204415225888722
91 -10.813814335517414
92 -23.717472025948727
93 -3.163339816934359
94 -2.174963414349544
95 -26.283216404919163
96 27.401341786977483
97 -31.936145172680472
98 14.14022290451027
99 2.732085558113427
100 -7.92380410403647
101 33.79754099859261
102 -58.964370919959755
103 47.15635877020959
104 -30.99979386549584
105 19.390462279071098
106 -22.180680032883068
107 -13.823658728910418
108 -14.872919146445305
109 -0.7290913279859526
110 -49.43226014144474
111 18.166388507195492
112 -52.827062983244346
113 30.20570697211718
114 -47.32083455404379
115 57.920768421715316
116 -55.59682820507128
117 71.15398495916143
118 -80.30190433480819
119 83.91295235883607
120 -14.442831572764405
121 13.554194757486593
122 21.040536995130832
123 18.8502690199962
124 1.171937259472006
125 6.408912442606819
126 2.3501900913450995
127 -0.0
