0 0.0
1 -3.7129017057936267
2 16.13961936667039
3 -20.15680745659723
4 16.361474041177896
5 -40.17875258360317
6 -0.8575478845704547
7 -34.35592086071035
8 -24.71133452811367
9 -35.24842365042315
10 -55.32488869668089
11 -24.98714329585783
12 -52.68470206955554
13 5.4994728644121595
14 -78.57059500891779
15 27.407887113011423
16 -38.92148303812206
17 -25.733009428775738
18 15.401517593023746
19 -45.676368428010285
20 29.738985181468017
21 -18.219873321421122
22 32.12741015230065
23 11.409196948526517
24 43.1420676744063
25 -4.78860849662949
26 35.395220328414545
27 5.33502736219235
28 27.616599310330823
29 45.426720756099776
30 -64.30598655799395
31 54.52497531027561
32 -77.05926637418334
33 32.75800512710855
34 -44.1314111685445
35 15.522434549580101
36 -13.895759558855975
37 -28.812160738157562
38 -40.76385989794539
39 -51.67415312084678
40 32.34007984403193
41 -68.80230334673801
42 18.489785007500988
43 2.0182242133246375
44 -14.491163158265083
45 40.28739200298437
46 22.68200825811677
47 15.089874972902711
48 65.3901265601374
49 -0.6658902471035661
50 35.577589009478054
51 28.552546086122135
52 -29.01313970158059
53 41.91995645190849
54 0.7882398242581463
55 -16.908616132766834
56 3.504320721126276
57 1.1869697648491069
58 -51.31767520280985
59 26.923957761408175
60 -39.230929541145734
61 -45.26640039490781
62 -18.687275617426042
63 -48.53182552914063
64 7.682332698133825
65 -6.099436108511249
66 8.440844484402154
67 -36.096097633460175
68 14.884924445932377
69 2.8099559294985794
70 -10.449897808295608
71 15.847679537259694
72 -16.287034606313956
73 -4.521008230894227
74 44.12553542272537
75 -50.13108032257642
76 41.91628556526858
77 -41.81208131976013
78 49.925250025082384
79 -13.736318700163952
80 42.91802506666408
81 25.01861879318127
82 36.756481251196796
83 42.227091063694616
84 19.29122515575263
85 52.94478533325585
86 -60.77600695187214
87 85.55108918111625
88 -68.09419262728886
89 55.25003821738552
90 -88.36310330638658
91 10.93224370387224
92 -9.50733915136999
93 -50.43927624662902
94 14.884326530138306
95 3.2742856137468532
96 -60.05589259380618
97 88.57009374365285
98 -40.771628126351644
99 47.60851456244393
100 34.64814114886787
101 -6.873751476357482
102 29.184669577742987
103 -72.52924731957123
104 89.98623979085144
105 -94.74966579165485
106 47.55398540756501
107 -30.189705876873692
108 -7.320057105775434
109 -15.127586861878646
110 10.777891280979755
111 -39.64770673006679
112 28.065116271105932
113 -41.223905297175726
114 -44.916615190408706
115 79.72755779579495
116 -100.57250982446976
117 47.833135482013624
118 -9.662592729487491
119 27.28984479746475
120 -37.24899655197144
121 59.0105788317853
122 -37.64575694524747
123 30.8120726971377
124 -11.628957248806278
125 11.46258229878339
126 0.1798884003784693
127 0.0
