0 0.0
1 -4.81060915100711
2 10.96561723023239
3 -21.6989932148228
4 -9.235267741901442
5 -15.800308880703932
6 -50.07484874893408
7 -24.380257190325995
8 -84.97749332974232
9 -20.087047682333424
10 -55.97483640507475
11 -53.53352219959848
12 -42.581433955583925
13 -21.167940621160337
14 -46.646667712950546
15 12.602366494618618
16 -25.26854690478561
17 -16.200085731154655
18 -8.628045764395015
19 -15.795033469175864
20 3.156425777258449
21 9.623566146976925
22 -5.617182539348184
23 -13.407804613071457
24 13.355326077596223
25 16.535652878127678
26 -14.082351674187985
27 20.28688272743377
28 24.2287364618037
29 -27.968080160964295
30 8.751515515192201
31 -27.39667985898488
32 -9.858831152721669
33 21.53678274230787
34 -41.23548726751777
35 49.34473799272466
36 -14.034716949317973
37 19.988967223106343
38 19.374564378871323
39 12.53760617665025
40 74.91709029985087
41 -53.54282610015907
42 107.24505257073072
43 -60.45660859505913
44 34.607675287115235
45 -22.923959044634447
46 1.1333343722001894
47 70.46789947315628
48 -58.6604594506962
49 70.45106607325607
50 -31.476010001123395
51 18.40465954099757
52 -17.916206665858393
53 11.88249675817961
54 -22.660399663741494
55 9.110490898316646
56 -0.29747897891122926
57 -0.7313744465476987
58 39.009894330540774
59 -45.352530745394056
60 10.549830562192856
61 1.9720824794060643
62 -17.528406622590882
63 0.9818597922002308
64 -53.94150604221339
65 19.245082062905308
66 -38.57525131910594
67 -5.751692820545434
68 -0.6816560450332317
69 -41.84515004271579
70 22.477661834455485
71 -24.08373371488432
72 -12.147369060831435
73 -14.423782860840072
74 17.954462813587362
75 -46.70088685951707
76 71.75969940332426
77 -52.55507131047636
78 33.30528421741161
79 28.05425265071201
80 -37.52835637055722
81 84.87060487946927
82 -28.350099146219158
83 14.966396028647344
84 12.681116183549753
85 20.144186132163018
86 15.050547789736214
87 25.374436695299792
88 -12.337876808443461
89 27.474568791450764
90 16.704666299774814
91 17.946021976590266
92 -19.55383384074411
93 29.661509660079346
94 8.724703238287251
95 -30.415078884511665
96 21.578165556022892
97 -11.942734752991054
98 16.086514540281495
99 -44.9985197658963
100 26.606220861110533
101 -28.473318257318766
102 -17.012251020007305
103 -3.9871656229802093
104 -30.913872241508308
105 -28.100352336585974
106 47.5161528329697
107 -44.3322760186257
108 50.94916263751408
109 -21.42048889691356
110 2.3893148455273954
111 11.901475612683466
112 -27.094824927738255
113 79.53465082613069
114 -77.64946461403679
115 67.10144036503921
116 -20.425107451732153
117 67.4644319269539
118 -28.575308742701115
119 20.860048279395958
120 -19.565368707491213
121 24.441673512712264
122 -8.50733080687637
123 20.119467714074208
124 2.5923211621691404
125 8.430105048264894
126 0.11012962209518766
127 0.0
