0 0.0
1 -4.029383275349763
2 7.368463684817483
3 -23.104582044582575
4 -21.456998216338462
5 -4.003098387188526
6 -47.25909996248666
7 -19.207660152964607
8 -58.82747306853871
9 -50.26861503971524
10 -49.80181101712269
11 5.511404987588922
12 -41.21406296225985
13 52.0127864943368
14 14.301571517858038
15 44.82861330071624
16 -25.99575830013046
17 21.505971641904694
18 24.60390469553951
19 -53.85963246723954
20 33.05825486045489
21 -62.45509452393649
22 59.38965252041674
23 -80.3208201740161
24 33.82831932770115
25 5.19174333064323
26 -19.93803582467047
27 37.539259865998055
28 -46.86150405343199
29 33.634595145531236
30 -19.1240410968096
31 34.176637806124475
32 -9.857976334144979
33 24.20723145659226
34 -25.227755405763713
35 9.290150867110446
36 -29.18318671160799
37 22.521745572100837
38 -18.479108205797534
39 8.55597089211794
40 -2.124063754030216
41 5.679458865009889
42 10.280327892532064
43 25.458088655391762
44 19.692615384690797
45 37.89493080324317
46 16.422516200936972
47 25.007409574242473
48 46.50193035262849
49 -41.542992212644435
50 97.38161191569058
51 -21.44713665447205
52 -29.261521548828057
53 45.3674630029777
54 -27.16647394225375
55 -8.387255545354954
56 53.58212249265317
57 -61.12628708172104
58 3.085004716546329
59 0.7851277000171402
60 -44.57804335786595
61 -35.898457097689445
62 -18.903937449033585
63 -18.395111652959798
64 -64.45163954916443
65 28.584726965487388
66 -39.922749481850325
67 10.343475812732713
68 -17.231482066970095
69 21.373720316476973
70 25.165336078040202
71 -36.31315502966943
72 39.23710166371231
73 -36.27535517381879
74 -2.0850190185866038
75 -44.087605392541505
76 13.635578373590489
77 -0.5595820166563313
78 -73.40672285157338
79 59.76771511134932
80 -21.04260898606083
81 -6.311194093882616
82 41.31485724373365
83 -35.7908071739876
84 42.382205330806116
85 -59.391030289252676
86 63.32427255604446
87 2.507529933273516
88 -21.571011075002257
89 24.200723786562897
90 -44.71760277986706
91 49.41001521206663
92 -42.41141753256964
93 47.56983165613035
94 -37.97490228323378
95 68.59865781148834
96 -15.327623979643903
97 20.01107880462268
98 50.41266377129092
99 -10.876344532251059
100 72.91958871985148
101 79.01500925341581
102 -13.399321374554052
103 70.68794748055821
104 18.904529178497484
105 -21.540076184302695
106 81.33898724139218
107 -79.00510288082552
108 71.21608355964455
109 -28.85468017025343
110 -0.09815957972755325
111 10.294309919010287
112 -61.203773250847455
113 -1.2502410617337156
114 -99.95764552388535
115 -41.931842387639975
116 -25.405221601043362
117 -11.897989214994459
118 -8.177171864060787
119 -15.280661668971884
120 -0.9598983474739785
121 1.037256417493705
122 -6.545665638516017
123 22.59149838197668
124 -6.278016195265024
125 10.169087249164841
126 0.02812994348806882
127 0.0
