0 0.0
1 -3.9191718767146932
2 10.218932692731284
3 -14.437275752128588
4 -1.3784421372577544
5 -24.357510445002454
6 -20.73960220083708
7 -19.846243038799248
8 -21.436868845794596
9 7.002252266599743
10 12.200301741439072
11 33.93456923583119
12 8.17987018258649
13 11.436130610817491
14 -13.769366592243106
15 5.193337773312652
16 -65.45106789165015
17 13.771257967942194
18 -23.511703098329633
19 -10.484372016033094
20 68.26144889298641
21 -74.1841724333635
22 85.78810459656033
23 -70.69837658719196
24 -18.2998236786368
25 5.978194118052998
26 -34.510312898729886
27 -36.424125284080915
28 32.73447006799625
29 -57.461975647183586
30 -0.2882496192969015
31 12.918061398576278
32 -17.82472631460854
33 54.717624009405604
34 -45.261654383547715
35 42.49674699621747
36 -4.238948410205664
37 5.100655588531728
38 37.510223039604504
39 36.778989293362535
40 17.768530477267507
41 32.41703181109372
42 9.67067632692849
43 -14.409518540903923
44 -31.056311332657508
45 -0.9785319153393928
46 4.329070878811968
47 26.75510191317476
48 -27.977980965175277
49 54.83117728906266
50 -47.632883408043895
51 54.71479496864185
52 -34.29934949944416
53 8.954789488620294
54 34.87260007734671
55 -59.02753965983828
56 22.585163114214595
57 -43.15885161219436
58 -15.482143794525834
59 -29.732496846450506
60 -27.211480907894295
61 -8.64407016535458
62 4.8214461322454065
63 12.984232784519731
64 47.38900739504909
65 -21.84453757159482
66 34.52386974545323
67 -47.533057031130696
68 27.468421235148437
69 -42.440322395717175
70 0.6098641356655983
71 -47.256908433725165
72 -17.23163858520759
73 -9.385883013823559
74 -62.147703127678135
75 7.361481340004391
76 -17.310956532621173
77 -13.240392239539908
78 -3.0501309257134945
79 -10.31371302946061
80 -0.08908959011485174
81 20.912806988950777
82 9.22614633132065
83 32.99907867739419
84 -3.8867091076321745
85 19.533829450815755
86 -29.30008038217378
87 54.03126903421682
88 -70.49154990999335
89 55.09809654444313
90 -65.76645681294994
91 30.758867818965697
92 -17.705451949194813
93 19.04892467205564
94 -0.8875125225802416
95 0.5468843463177466
96 -18.943593031515576
97 5.150233740077278
98 0.5659143259005962
99 -64.36174568739136
100 45.54733412570343
101 -88.97714793446112
102 36.04096083218511
103 -20.675034457512055
104 28.21375837757819
105 -20.78919672476603
106 -11.753820054940157
107 8.093776329671545
108 33.074180605330604
109 -25.659030764840416
110 45.87991525043125
111 -29.755000598368277
112 35.07588549078759
113 -12.18443407987867
114 5.273642999523137
115 7.632320516187927
116 0.7035033852448966
117 -2.5432963687674253
118 20.49624072852194
119 33.11778710914884
120 -3.361193933164912
121 45.953256952231726
122 -35.74068794330328
123 46.15076538551033
124 -18.19006865359406
125 14.708499699472931
126 -1.4028243131488387
127 0.0
