0 0.0
1 -4.921757718116129
2 17.3438478683964
3 -24.96125053354916
4 29.89318104179144
5 -44.47575029352791
6 29.927743460438816
7 -75.1294923216491
8 6.107670925031738
9 -78.18749341160658
10 34.28280054720518
11 -96.48178025762508
12 26.413889130777633
13 -16.7241833511398
14 7.121734497878027
15 39.347605696686124
16 -18.59447343893485
17 93.1009698175382
18 -87.99470498749211
19 114.53553879258517
20 -92.33963860736107
21 66.79667199414656
22 -88.15360536008886
23 -9.296353864652518
24 -63.104415928172095
25 -24.35255521702084
26 -42.42946895031115
27 -30.516555571298333
28 13.55418288740771
29 -14.160087232646859
30 46.92978830991185
31 -24.202830992539912
32 76.40615822946059
33 -23.891287060587747
34 82.06048356181287
35 -39.58838512448503
36 61.372360832863905
37 2.1052284284284726
38 -2.7036831752825203
39 6.37581309475627
40 -25.024613485918014
41 -16.262581122292247
42 -19.652508648116918
43 -2.0065838673574987
44 -17.96295792447626
45 2.654471367091469
46 -21.352610672699754
47 -11.308427854033651
48 45.24873230875378
49 -38.68944816712986
50 -9.143820583480219
51 23.37415918985227
52 -61.10681419131349
53 26.55686058137145
54 -54.787580452638295
55 -5.893169038882416
56 -47.25338878592858
57 10.64566985003476
58 -29.09071915994396
59 4.667098856336537
60 -59.585102948540616
61 0.9184179781985579
62 -12.747846842245718
63 -45.51427607257876
64 51.75926569286901
65 -85.64978776551439
66 20.958702623471574
67 -4.045123176381718
68 -39.62543821931258
69 38.00949054331802
70 -23.79670052794754
71 27.65884874660956
72 19.610985875167014
73 15.517213234952926
74 26.81094658447088
75 -5.122023372020822
76 -0.2877966589047168
77 -12.916096275518097
78 24.144504647249327
79 -1.6281116981955486
80 -14.965693610968897
81 46.82652199313214
82 -55.606790857520274
83 54.3643396610979
84 -21.09580338321038
85 -8.27275163474676
86 35.13280017400155
87 -30.134568389578686
88 31.722702865418395
89 -19.96102367391468
90 44.96250114681079
91 -9.464113417718112
92 6.392894771058506
93 15.28479025346604
94 23.90498865663749
95 -8.230410515793332
96 31.17011041693428
97 -34.69805043735877
98 16.433569711806932
99 -15.457324555156971
100 28.957912688056627
101 -7.608531376011693
102 -29.366521126272616
103 44.95530416505687
104 -49.17001539579695
105 46.84797706700673
106 5.44346609288205
107 -4.892442505609462
108 54.145423554736574
109 -32.324880001253526
110 18.1599784054452
111 0.826396609045572
112 39.10242349145847
113 -4.038131231761572
114 28.424521211751582
115 22.65784609475232
116 -36.72774887443837
117 3.981334706827366
118 -55.52746482590259
119 23.182436872655604
120 -53.596360739882506
121 65.41989692103617
122 -55.111182632024025
123 48.6768602799093
124 -25.39312621222715
125 17.420595917839066
126 -1.6689147904876922
127 0.0
