0 0.0
1 -5.870065528364463
2 11.557074411374
3 -24.430906434007113
4 -13.378648840206187
5 -5.868471589961135
6 -74.76981445768236
7 15.942669820304133
8 -120.89047260556899
9 18.72595977672611
10 -51.80764183078532
11 -59.155075434300116
12 -14.581113129820746
13 -63.09746651496189
14 -1.4067951017988904
15 -11.862881441210156
16 -26.881287033067856
17 -30.722438303307413
18 32.05502767751171
19 -55.114969174161416
20 -23.44725918629888
21 -12.621682484101132
22 38.83981378717671
23 1.9568271703685385
24 40.64965572772709
25 -27.960327531391627
26 18.24518601187684
27 8.159845896792712
28 -18.814747132947527
29 14.28798457628491
30 -38.541140923017835
31 15.306856052661082
32 -63.04777982347914
33 19.58632582913716
34 -51.02310631406986
35 -8.666596709870051
36 -2.982859828317023
37 -20.453470876695725
38 -1.4637636809121457
39 -47.40278037401982
40 30.222116525207706
41 -24.855010880818416
42 -0.5504509183274762
43 59.65077636961646
44 -40.751367072734325
45 31.97105941897133
46 -25.142590276968683
47 54.112085441246286
48 6.264154200098762
49 18.87328673747452
50 6.452368203396278
51 17.319528972509254
52 16.015099463536625
53 23.331931880758887
54 11.091054370510179
55 32.38088414092236
56 35.43610853507432
57 -3.4563962949094615
58 43.74231416410485
59 -15.981105234463833
60 -4.286121199886442
61 7.039895202633482
62 -42.00282751076058
63 32.46067563879215
64 -36.404145355455086
65 42.980518358114445
66 -24.40991539434735
67 -3.7243313531549807
68 56.885233975250294
69 -35.160729591670574
70 73.16016914779358
71 -52.97687245123376
72 94.45443941197647
73 -37.95107726454002
74 62.32815161173276
75 -19.269397261430917
76 21.650833606334306
77 22.257232726465407
78 -17.165359231747736
79 25.80816030630638
80 -78.46276861073318
81 47.745502401666734
82 -64.23798700386888
83 -24.538871363386725
84 14.777572667261278
85 -98.71741313048854
86 21.802930593997296
87 -63.76125049747455
88 -17.61194110609523
89 0.45887983158879503
90 -32.563963490813784
91 51.391812280898705
92 -38.38536908400019
93 48.04278226318695
94 -26.21639608986458
95 26.27625035595644
96 -20.62641365181968
97 -11.408032577505574
98 2.6215012637741206
99 -3.8360430009052036
100 3.9305354894496443
101 -10.69243438800128
102 35.936016406140034
103 -27.286850339589726
104 46.97047440994518
105 -33.05011128973269
106 65.18458196966445
107 8.602263325440244
108 2.1481552210420185
109 -2.31862572309147
110 -26.7526283501866
111 24.871780118145846
112 -82.1854474587231
113 60.76080104592884
114 -20.863153969201097
115 33.35491838065482
116 -29.879945476587537
117 113.65792515419169
118 -48.796631963424005
119 72.41220493263404
120 14.529606819042197
121 48.11842093919794
122 16.781049493945275
123 20.508836158925074
124 -1.2681130647149406
125 9.89458465705796
126 0.5750175723041011
127 -0.0
