0 0.0
1 -4.067425825098498
2 10.817249550355152
3 -9.936767851500049
4 -5.594049008084746
5 -35.07630919216079
6 -42.80142930805495
7 -73.20058831253921
8 -27.22018613046513
9 -45.74013120124228
10 -58.68626768859265
11 -34.49755832099272
12 -7.938022571835112
13 -31.41921581639332
14 71.82650732621651
15 -50.92963689304352
16 94.0547511318204
17 -32.73555613626724
18 46.4719020997771
19 28.06868231347045
20 26.6194271646368
21 47.410547612262086
22 -14.480673441186186
23 55.3582573472147
24 -45.27519560662814
25 55.62810096731428
26 -53.072721335140834
27 42.07091796325945
28 -45.180663826497245
29 9.101472782079348
30 -13.626492839819171
31 1.964446403209005
32 -11.62806905331411
33 -27.474106251324507
34 -13.217450958177643
35 -11.36737620151329
36 -4.819338762275702
37 27.004909132683416
38 -27.019532694208944
39 11.14326352102249
40 4.955362753048993
41 -26.64173387021063
42 45.43431178664913
43 -28.082070294045096
44 0.4844798504619715
45 42.9015068998803
46 -13.650850737194878
47 77.10294617884259
48 -14.888748155038178
49 37.68162990596181
50 -9.214851651004611
51 -0.24909543562982484
52 6.59476304471653
53 -39.19553397134765
54 -0.9600945326033461
55 -62.46322252261499
56 -10.76951448740723
57 -97.35669860161522
58 -7.684796771542302
59 -50.96360746728582
60 -68.71761617475323
61 22.791264420210773
62 -104.69285596377657
63 49.38736590060838
64 -68.09917011668603
65 38.48852159044281
66 6.847828696557629
67 10.507952779938483
68 76.2746309071371
69 -15.660155298377296
70 117.25796063345949
71 -34.20281352663752
72 103.60039606559211
73 -11.675645436286583
74 73.11397502630531
75 -8.509020447776702
76 26.12051667244704
77 -10.92410646962825
78 37.57955861269251
79 -51.32368682105063
80 25.242522124540873
81 -18.652735778535103
82 -35.51610119644092
83 60.34877317233985
84 -73.17362263782155
85 46.74114286996393
86 -6.976646439705118
87 -13.57648360503562
88 30.68500278682408
89 3.670815596592165
90 -19.458169468174095
91 20.404260469498386
92 -19.754422147949526
93 -7.556543400262368
94 1.5246482830831078
95 -45.228104721494915
96 14.991269644124646
97 17.259748015648096
98 -78.21129609986993
99 88.5025350710423
100 -100.04413964090467
101 80.6936194305037
102 -69.05507418895546
103 20.786978907717796
104 -25.96051202358512
105 -15.564681328735707
106 47.410462278658585
107 -110.69770055809045
108 88.84425014985737
109 -104.77464841601807
110 60.835625446609356
111 -64.07773221531673
112 -4.735240477803976
113 -31.47933570313348
114 -45.545658362376486
115 20.450776739755074
116 -40.02721164491282
117 12.674952113357607
118 -27.17607998279842
119 50.57038833563532
120 -31.340281387154484
121 73.64338408835638
122 -26.755034101220055
123 47.93353020641154
124 -12.202697086443427
125 16.27867729165655
126 0.6589400607357315
127 0.0
