0 0.0
1 -3.985132264831528
2 8.053688431285536
3 -7.520270755669252
4 1.2898213357665311
5 -10.258093668448781
6 -3.888340000059576
7 -35.50567061097361
8 2.2484707033845326
9 -66.67947350067429
10 -0.47947341665258353
11 -23.30370746251947
12 -65.0476983241326
13 -21.528022664784128
14 0.858136723548564
15 -96.84247204973595
16 15.081827395673592
17 -71.40220033212928
18 -17.36806165580201
19 3.8396703988785057
20 -68.15218669911032
21 37.98832707465276
22 -30.91986143361852
23 -10.458502677955046
24 1.503352669528914
25 8.10401780210531
26 -43.38037874405689
27 -21.410032780246528
28 19.322824452642077
29 -94.04422820840517
30 51.29591073461924
31 -83.68196360489844
32 18.399674907533445
33 1.5590540266302282
34 -73.53452502918509
35 62.835006165972
36 -81.27019608218242
37 59.35074148629002
38 -28.51101017131227
39 24.624316080236603
40 37.20724627741307
41 11.288913483034325
42 33.735061890569405
43 41.33158601226048
44 6.416560772882938
45 67.69573551676199
46 14.715935930696077
47 14.586545874876986
48 69.0907955155415
49 -13.02735974615833
50 23.32574674785635
51 8.042912662950712
52 -12.080550684817124
53 60.62401828607961
54 12.677387775066235
55 -14.829588978610653
56 27.465997769403344
57 -9.447079313441812
58 -25.740136298521975
59 -16.188790986093075
60 -1.6461094406976662
61 -11.19701182622519
62 -16.470581016883187
63 -16.51334395355182
64 5.687410063895257
65 -37.79905911306756
66 26.832755419786842
67 -20.01808595647652
68 -3.450598214210464
69 8.61580812728159
70 -7.054931486673569
71 -21.855885087734872
72 10.70063194120451
73 -6.573495108209569
74 -31.883584579200395
75 33.0760032844603
76 -59.17375116456663
77 -9.33447698497231
78 -58.051729526250064
79 -24.794338404995663
80 -38.64913097068822
81 -41.291801024905574
82 12.014818058593656
83 4.3637864435975775
84 48.19644838952749
85 -19.636724066485037
86 64.51910543327193
87 44.71049054262275
88 18.592561378292867
89 37.74056356886627
90 59.93798625991871
91 40.606955703770126
92 24.270749977610276
93 23.52340242027725
94 -36.33929913843424
95 -14.363376087556835
96 -8.924865948221226
97 -12.475423826096904
98 -25.08713918616647
99 25.73165910295347
100 -10.61550494341312
101 -17.94006887166912
102 2.555773816041085
103 -19.832862127193756
104 7.488065662852029
105 3.0103536017294896
106 -9.24683909912613
107 -5.234448522912902
108 16.171270537892298
109 13.502843134945223
110 -49.28815850420741
111 45.32704475204906
112 -77.44453801318554
113 44.54428779220282
114 -3.28531697433018
115 -17.252465425651977
116 -15.337344563014767
117 45.410402654687594
118 15.294789291228533
119 12.062475950128913
120 19.564434274577668
121 13.790464445022769
122 6.899157106377658
123 19.218011772612776
124 -9.45679151167906
125 14.435642013784804
126 -0.9908021164316865
127 0.0
