0 0.0
1 -4.6401167873921185
2 10.85316628817997
3 -14.017971995683396
4 -12.089274311813153
5 5.965730099344505
6 -46.01057410952315
7 -5.510677943805712
8 -19.12139112668764
9 -72.35232912443604
10 38.074307839548645
11 -0.19774449565677557
12 -1.4930975884545057
13 50.53185687137783
14 -5.735262347406918
15 17.980984541866643
16 38.061057659067195
17 -30.029305948061623
18 39.366983482631426
19 -11.52169048120193
20 -13.256659660429102
21 -29.75749398010521
22 -17.610418670509226
23 -8.75284142073857
24 -107.22527019785834
25 24.598767980491182
26 -109.66082327933242
27 26.490539685964897
28 -122.89837612471064
29 88.03341307425482
30 -64.92146901329674
31 35.09930125493942
32 -0.6975332729329127
33 -45.27685296020526
34 81.6881527170702
35 -75.70881862357999
36 86.72893484130938
37 -83.65002716509387
38 -5.28740760122963
39 -35.83060047979235
40 -25.19397755901818
41 -45.35508689622698
42 12.454721121419654
43 -95.89486602001307
44 24.28454995080397
45 20.10897126725053
46 -53.643224828479205
47 35.91232220279714
48 -92.31604866838853
49 38.667814220310554
50 -60.83548836235347
51 3.6373452198781906
52 3.431189381184948
53 -22.93419632680324
54 -11.352820925600492
55 -1.5609521242283364
56 -19.61883997667777
57 0.5382699873516542
58 -10.598157815129186
59 -8.927248281851169
60 32.21402996877399
61 16.82772341381905
62 23.8192030144454
63 61.520427496521805
64 6.858018284616867
65 58.07562191642406
66 -15.523051217048685
67 40.31888121303214
68 -13.575236538888598
69 -22.69045427559651
70 85.99181381456434
71 -83.35896244991058
72 104.1243008377677
73 -71.93024912301033
74 84.52493169403807
75 -56.37642144714682
76 38.13452202272547
77 -29.271423486605865
78 -17.064283886791248
79 26.166628797458422
80 -51.75178492570221
81 38.30570784704711
82 -59.05765969409105
83 37.23974428037636
84 -38.97322057856658
85 37.555790553625464
86 -1.7131520056194725
87 31.28542496557968
88 19.323998597261163
89 43.41177972882017
90 -9.980271121629375
91 0.3950564214138714
92 26.87283827814089
93 -1.0722214606415696
94 22.09462852153424
95 -3.5919282294816948
96 -1.9838984514261218
97 0.015232569034163604
98 1.5125132013491345
99 -9.365077779881897
100 -29.328807344815523
101 0.7557736342076609
102 -35.35660875522321
103 -7.153203463910176
104 -32.206616794671746
105 -9.34776971094369
106 3.5921154140115115
107 -31.5027135739088
108 6.24211778641077
109 49.30058522574038
110 -24.431658025147275
111 36.732160195889044
112 -22.115270518966838
113 58.80397870018394
114 -16.464983897850644
115 39.524104033194654
116 6.095845643301359
117 -7.116336536613138
118 21.897127119922505
119 -15.342716147085763
120 15.94398891709182
121 37.311858760602185
122 1.218157125586802
123 22.987075957969584
124 4.639724455237015
125 9.33065708785804
126 0.23789663866956387
127 0.0
