0 0.0
1 -4.866940499142485
2 11.616363234651535
3 -16.112829208833443
4 2.269499925211502
5 -18.036009440001333
6 -25.697373260399583
7 -11.174803618355615
8 -54.94135206511205
9 -36.33266216081712
10 -66.12858260758219
11 -35.186999873913074
12 2.516023273498653
13 -54.63005478628106
14 -2.152234542026713
15 -8.304220961638363
16 13.322734606083898
17 -33.99423374641181
18 52.521711775779295
19 32.18117479342271
20 2.1607466125259673
21 61.14426534042919
22 -21.32544938732264
23 74.38664074674776
24 -39.93991911796459
25 12.837678897797222
26 13.85172724285953
27 12.195656279970896
28 26.25042400549149
29 -27.72211440626597
30 31.384359540894142
31 -39.82509460755196
32 1.9125241012118148
33 -21.195026115827353
34 20.938430972968202
35 -30.32545547080625
36 23.446506332970547
37 -39.606951377356985
38 -16.419669102631413
39 -17.483749573947257
40 -38.09372905074342
41 -28.670929327705494
42 -0.5358671475371003
43 -23.18339542747628
44 -7.884153171482849
45 12.619439605542468
46 -37.04592845902449
47 28.566434476591247
48 -30.387398882641094
49 16.321438334415735
50 -33.955250078723
51 -11.87191807634901
52 -31.567106766700896
53 -3.447624909907986
54 -25.42659425520013
55 38.01712864194485
56 -38.52687420820208
57 12.017230601093042
58 11.298637624066028
59 8.281122043729297
60 1.0846707472667094
61 24.45627604504992
62 8.997447032792136
63 -6.646045890506501
64 59.26312151262077
65 11.6077841980517
66 19.058919550919956
67 23.266801411060154
68 43.13695009937529
69 23.265446803224215
70 34.41476503159996
71 -2.555271224779558
72 23.312935038786854
73 35.84859207693357
74 -14.956970635643348
75 18.284480438862264
76 -30.313713310706618
77 -0.12329623422551975
78 -9.431445289671167
79 -63.45974121262302
80 0.5945755195634036
81 -45.093345200515415
82 -19.394430104733292
83 -15.868418092652176
84 -22.900696157141365
85 49.34367377325456
86 -69.77282969562087
87 52.94037472341363
88 -28.739471494233236
89 -1.5277718601967623
90 14.598959101999652
91 -63.85251888176606
92 36.667413592909625
93 -72.0343479947246
94 85.6186874145503
95 -70.9530530618489
96 52.12158487918969
97 3.50308550983401
98 -7.0837258415434
99 19.288784567270884
100 17.80979357179142
101 -10.582836038266905
102 -23.279673890635287
103 4.925668569757878
104 -16.271568044265624
105 -23.987569252561578
106 -16.98779998636588
107 -25.702382270849746
108 -9.421646854672348
109 9.1650207738553
110 13.566626258467844
111 40.851971379629106
112 -61.708762565902305
113 68.11130112701471
114 -18.772182841149306
115 -4.11512777957158
116 -5.263217587966285
117 37.71989215392828
118 -23.535509432861012
119 40.49555736875371
120 -13.560736419947384
121 16.900109322249225
122 -4.516874710136085
123 29.8187494355277
124 -12.05917037084976
125 17.799640290968803
126 -0.6166542204066433
127 0.0
