0 0.0
1 -4.157784895950727
2 6.799853235863022
3 -11.339991238864945
4 10.742001468090294
5 -46.18031933123204
6 40.12511413041523
7 -74.482485360323
8 61.680453139613775
9 -71.39346310597439
10 25.228795927236277
11 -58.970203452002494
12 -1.16255952031691
13 2.958274350334315
14 -39.58365542759977
15 18.04470630674951
16 2.4082480412623566
17 45.24099703398163
18 -59.98189616148862
19 40.87170387569948
20 -50.57499928670093
21 6.100283095279002
22 -55.496105972099826
23 -3.7263274822392924
24 -30.00184992356026
25 -6.217865855131323
26 22.20045246191926
27 13.19748110047896
28 -11.142006063340096
29 -7.282691874026018
30 51.6611012252162
31 -24.462019565639917
32 -1.5537125800613307
33 5.416658547849747
34 -28.490735094891917
35 15.505041062306384
36 -45.25156995296081
37 -0.4169456832130178
38 -7.617997944922164
39 -57.26639902215038
40 2.0977591235996416
41 -73.0232898481432
42 -26.45300698890995
43 -38.08234809151601
44 -21.756923471455423
45 -9.71737322759168
46 -61.08854784191901
47 45.68483858730765
48 -18.946708031890587
49 25.532858890708393
50 0.9854781821001772
51 -6.167643297556474
52 26.346343481045015
53 17.9433914684385
54 -9.676843890603648
55 38.47294100168206
56 -23.317222109985664
57 -13.137280772076542
58 22.488645037270658
59 -16.489862405333454
60 -3.26771933954733
61 -7.915514559450016
62 -10.44081180569793
63 16.393349993975633
64 13.220830382456606
65 6.593644993867365
66 29.220038744400245
67 -11.748441888419967
68 36.582492051642156
69 0.6481503595096931
70 21.892995625974617
71 -4.598500379838214
72 20.056670007774727
73 -3.191042530971091
74 -11.255241179006441
75 1.3833887990934037
76 -13.955009347650037
77 6.0987325160668195
78 -13.916440860112132
79 22.617898832793703
80 -31.266020873380413
81 44.25615916049957
82 -9.616718942475083
83 -0.009440876205400055
84 22.200607023570115
85 -35.23457053155089
86 2.034455442770966
87 5.772073430893758
88 -12.907462460024679
89 -22.77570875445392
90 7.233783240552643
91 0.3970886045123343
92 15.596444206445081
93 -13.449843442716158
94 14.957696779421196
95 -4.123502731316041
96 -19.46631205945775
97 31.435966429310405
98 -10.00476154925624
99 14.745149621107558
100 37.60846886785754
101 -25.17601368624515
102 40.90865388887828
103 -34.078362235523166
104 41.65378282230371
105 -15.85376217834137
106 -17.082627659217454
107 16.626677480224917
108 -38.959886819978756
109 16.318852901712685
110 -87.35089372657852
111 14.697676044415307
112 -45.56540340179104
113 -4.157537435247271
114 -5.317134899748136
115 10.248944916986305
116 -0.7559242049747282
117 -21.272953153879445
118 29.124802562670848
119 20.491317549117863
120 15.018585741755215
121 55.31299993127207
122 -13.310155602532397
123 57.55418651248776
124 -14.17433451247926
125 14.671629503500855
126 -0.45237869775167877
127 0.0
