0 0.0
1 -2.903001604774236
2 6.708047038691981
3 -1.4751163960595615
4 4.034618267446283
5 -27.18899580786779
6 -5.803138596976821
7 -50.980090312151745
8 -15.65434577758094
9 -44.53519463445785
10 -31.380342045876723
11 -7.873355709194172
12 -2.057788245590711
13 -7.424977098954128
14 3.782869731507468
15 -19.920179873415712
16 18.35203881699161
17 -29.719222873490047
18 -12.633993728976794
19 -11.190580736549933
20 0.516399943514128
21 60.65344153773852
22 -26.056248956158367
23 13.44940806902176
24 8.526959141159631
25 26.76941774898624
26 -13.643080305233534
27 16.60002958474916
28 -66.63141920383961
29 8.6173771685714
30 -47.742675648096494
31 -12.140039740011684
32 48.36851621313169
33 -8.929465695310569
34 22.824643653202095
35 22.946072528513856
36 17.331327927808815
37 34.072811882854936
38 31.77334068247119
39 -26.788001435505702
40 46.57743896649743
41 -20.170438908335573
42 65.71325265064405
43 22.621919474080315
44 -5.8581713738170675
45 76.11417349785188
46 -11.116554754563808
47 35.713650396622604
48 3.9307572868555547
49 36.845043242644664
50 9.695103401313524
51 -14.460165973190508
52 15.949626905820567
53 -1.5405263027773182
54 -2.8017604670726644
55 0.951931564819834
56 -69.49971803702708
57 -12.065022276524953
58 -22.44718556978426
59 -31.452182875844663
60 32.05872575674973
61 -49.466381418292194
62 9.99272827149078
63 -51.00219907861206
64 11.268095727950902
65 -32.55481824181498
66 -30.51705140969003
67 1.1070870104398436
68 -80.30084313083344
69 7.152251976496297
70 -16.51325723714563
71 -83.62765247162717
72 47.67320060683031
73 -55.03814626373617
74 -0.7318235367127998
75 -26.603528069244852
76 -12.917376814703214
77 -11.1425342112498
78 3.902321086869953
79 30.848140071236575
80 -22.63032156414628
81 40.78683630347927
82 -30.25940214201841
83 66.90617658314459
84 -18.50630418989054
85 25.739968634402505
86 -2.532301044900067
87 28.168554266594025
88 -18.550640570177393
89 35.33661285489852
90 -11.264964217630817
91 23.379939678822907
92 21.784003520246063
93 7.9344530033908995
94 51.06089154353882
95 18.50635904046012
96 21.733059715692583
97 -14.61403780771974
98 72.44272745690982
99 -4.157165744827449
100 17.911645243408564
101 23.649209096303974
102 -4.743997909846633
103 16.42328472701501
104 9.03311179063236
105 -1.1270190943460512
106 -15.772022040687741
107 12.862969779008743
108 -26.660281491915473
109 -53.24194473858198
110 7.168672204229975
111 -34.28765111530154
112 -25.022228264818395
113 -25.46015037813283
114 -28.191401454649498
115 -17.354666625358544
116 -40.001094572491084
117 -14.318030063998082
118 -27.936188921408927
119 -10.32491381418835
120 -7.9732116306578655
121 -0.680602372851899
122 -9.701502797757984
123 14.132936588233312
124 -21.008402854899725
125 13.577710448048096
126 -0.758151923822111
127 0.0
