0 0.0
1 -3.739188018137221
2 13.22605441908682
3 -24.122743449295736
4 31.840571765443162
5 -45.536817982894064
6 -14.69256241725512
7 -14.513604462376582
8 -63.86862604167452
9 3.8563671510688837
10 -45.1524609287205
11 -58.288420088963086
12 0.23895297884399594
13 -47.47956863728187
14 -19.69437716011792
15 -16.21692893776903
16 -48.122484529111354
17 25.553024402892746
18 -82.20960196949297
19 55.59710693929655
20 -34.70379997499302
21 33.19450316448967
22 -8.71232395302651
23 12.697815817554826
24 -62.09662873119753
25 65.54464860081538
26 -39.51848742837511
27 -5.288255508528931
28 -3.849362428436429
29 17.389133601486233
30 -7.155683331211526
31 42.16920541439754
32 -35.48951271190571
33 11.872120665204017
34 13.426488172153848
35 -28.628330009604024
36 34.49215887399726
37 -59.80913028728577
38 54.784689447690184
39 -41.224585859348174
40 17.7478493517044
41 1.8426701724944858
42 10.641525587567507
43 6.0303050627661205
44 47.21246957092778
45 -29.899465737591395
46 58.758932875812384
47 -16.761135787628522
48 44.80889474071702
49 -7.613632285011686
50 19.263831168385057
51 49.16758657046851
52 -62.880439201140305
53 69.49801924824294
54 -55.11730401201019
55 36.489831272915765
56 -39.49647427058452
57 32.64282663909826
58 -23.395004402349358
59 -35.814459883126915
60 41.45519995693084
61 -44.19768671991351
62 3.65600485480667
63 -34.182327337746955
64 10.695552867832335
65 -34.80085628831368
66 -42.865389225632214
67 -7.676503579760045
68 -66.85706192978928
69 21.222942714027702
70 5.539852450011854
71 26.228602867148293
72 -10.434381179339836
73 4.851349025139861
74 11.028166825340847
75 -53.208403675885975
76 -4.863850136523153
77 -56.98894100115539
78 -5.497384819527205
79 -9.296315727886027
80 -19.43643039283917
81 54.131172960770414
82 -33.452223934111636
83 18.30974713495313
84 20.313432125141414
85 8.123227973206857
86 -6.941867786660125
87 34.449433318594544
88 -37.70875721249817
89 46.36292565623762
90 15.603576686440885
91 32.89610003389434
92 35.520239054312334
93 38.25723971958854
94 65.83227321518547
95 -39.87185817115812
96 56.60590479762946
97 -53.197183393050715
98 25.103721992189723
99 -49.002112110300054
100 49.22458708115903
101 -56.94625117867565
102 43.16013756716347
103 -8.345900090106506
104 -6.303306797735046
105 57.97448463055485
106 -31.049644591892502
107 58.88904896103157
108 -17.31772097818798
109 22.39439411129011
110 -37.68109671685857
111 6.034643179439967
112 -53.019190792847965
113 22.844108375593294
114 -38.21059652922809
115 15.379418770874077
116 -41.55730994970443
117 16.323129996204017
118 -43.89986188940364
119 29.481093781953877
120 -35.555884577403866
121 17.096904696988474
122 -16.995551608529205
123 19.01427542116381
124 1.979635828161351
125 6.005868592266392
126 1.3392723412529448
127 0.0
