0 0.0
1 -5.378938046795064
2 11.92459365635278
3 -23.888123596538893
4 15.61299989542637
5 -36.24378977556134
6 11.641985312093375
7 3.195345677456713
8 -43.74289644272599
9 37.81062314764534
10 -72.79482695138927
11 19.390899329107246
12 -22.79490294576198
13 -25.76292887091534
14 -43.85699337477368
15 -57.45494570233992
16 -3.522603390699883
17 -73.25671523533713
18 -12.001298134130101
19 -37.19222487691436
20 -63.13093460853401
21 -20.488681081743447
22 -79.12529720707856
23 14.615154656346402
24 -55.18944874823858
25 31.974825225567077
26 -81.78566598179346
27 6.054408173969916
28 -10.683559668079022
29 -51.347456502274326
30 65.90828197535986
31 -5.042441775053336
32 77.63184277213965
33 15.139820379003197
34 61.4548803018337
35 42.41128505613826
36 38.75797726110153
37 48.44327574710382
38 -26.930552308971937
39 66.55226807318752
40 -41.943006358727686
41 -16.049438488110265
42 15.198278540366863
43 -53.17654900248585
44 17.052701551569253
45 -0.5504385945684752
46 18.623240212817652
47 8.501784672828169
48 29.043558593519904
49 25.443414857979892
50 -13.21386153922039
51 50.94948573964504
52 25.504217292741235
53 -61.90344072358728
54 12.53738374043376
55 -29.254688887966587
56 -6.328767075331803
57 1.1782149815292122
58 -62.708664914484956
59 39.57041551762401
60 -57.912856055997814
61 36.32078980143848
62 -52.90039655677478
63 26.564331927180724
64 30.420751047438053
65 1.2497150895892064
66 52.69086068952861
67 -20.7790710088639
68 85.07989908561773
69 -50.09743309358434
70 34.5273625516662
71 -24.22030036771553
72 -36.15536833681239
73 51.165871243833756
74 -52.00940163159584
75 38.45313214186448
76 -46.9481897695247
77 23.85219617252257
78 24.06673463539292
79 -25.08197080711683
80 36.444256262823174
81 -50.66491485889265
82 20.46706474590832
83 -10.74123046699861
84 -4.1216243247302
85 -6.312646068988434
86 12.815483594578218
87 -21.693881843550475
88 4.792854524402088
89 1.7337200044985424
90 -26.0289688651454
91 -10.991171269305703
92 -28.05372838993266
93 18.370598057076226
94 -34.270937009399766
95 24.665254975015515
96 1.7509442938391273
97 -17.200018677520216
98 9.703119631446715
99 -25.553457825625756
100 -19.887332867081355
101 2.2265678451351816
102 21.48636391987062
103 -21.176383886735913
104 25.709275237661217
105 1.1924422407228474
106 20.25222061265308
107 2.965971355012323
108 -25.883789312242715
109 2.3552968766879374
110 -51.91183415543486
111 4.984427945543772
112 -46.32885041170942
113 25.754410301281222
114 -28.41050017665262
115 22.70597715467262
116 15.011413034625273
117 30.98406616123032
118 9.964572627001269
119 39.9674890380065
120 -1.244149769899157
121 60.65609753864444
122 -19.450284835321977
123 33.38523330023971
124 -6.611293025782109
125 12.047200284700214
126 0.31365552423157933
127 0.0
