0 0.0
1 -4.969854554890477
2 20.223813183377114
3 -29.12225720930876
4 23.952291341571144
5 -23.61719888968325
6 -45.01160811606607
7 -0.4611733181173654
8 -53.865413806882344
9 -46.33943559508715
10 14.310872880366373
11 -84.45148395091628
12 -25.68803296289442
13 -22.811921784817965
14 -38.029844331095134
15 3.0037369620910526
16 2.6115753574823817
17 13.638306019712578
18 0.13687517637491617
19 30.18720953669745
20 0.2115225634935604
21 18.222187785457184
22 0.27398391243021375
23 -22.931293952996178
24 -9.51843948698247
25 -30.383944178030852
26 21.591305206592867
27 -2.997466837447615
28 9.46508435151866
29 -25.353755676854213
30 10.120604796951495
31 -36.36995743007668
32 -25.628846453253715
33 28.053012526444622
34 -12.572787017689137
35 -2.442676593827337
36 25.21440829207409
37 11.307585884683574
38 18.688887233802657
39 40.075746794998395
40 -36.55278400703639
41 54.8862998049316
42 -62.66634846631742
43 37.57024884039764
44 -36.1896456294085
45 2.3005706435466537
46 -47.84153213235832
47 -6.123550594316347
48 -6.178309089779245
49 1.4759000866186767
50 -25.23212207770498
51 -5.246498748670429
52 -20.789448776492844
53 45.36603918457192
54 -14.173524527963737
55 -14.800926703881329
56 -0.3783154461925709
57 -40.797616843678284
58 92.1380788165826
59 -110.5486332200606
60 77.8937667065302
61 -14.301250585762624
62 -8.959055112035205
63 39.6771796295688
64 -28.46493355741738
65 21.16513072842077
66 5.0713729195298
67 -25.165972787105968
68 -1.8932340787735729
69 28.712948432709315
70 -49.67230025905741
71 59.45597191898475
72 -3.5424322453937616
73 -0.2839969804834546
74 43.97405065072985
75 -8.651442653226692
76 49.186180109615144
77 6.279404657955655
78 2.6993819018194483
79 38.69892632551055
80 -63.65412139750594
81 51.21607358094488
82 -1.093565349732345
83 2.512413266640217
84 17.50874055194457
85 18.528142078458124
86 -17.591818737625687
87 -20.463193194119942
88 59.975364559481356
89 -86.10520795403906
90 63.204463315597216
91 -59.992160887351005
92 31.146385176027433
93 -33.187639302491604
94 -32.82251671890111
95 -11.737182879704907
96 -12.377657417883707
97 -39.627817322286134
98 45.779693603476865
99 6.671147264131732
100 -13.041237936391614
101 61.023940119497276
102 -77.62595384181819
103 89.05461425610804
104 -58.91622790081389
105 17.976282457841396
106 -65.74059237280407
107 15.496937104414526
108 -93.26698181490151
109 -4.368288385924912
110 -24.600297502755318
111 -78.1419586902868
112 -12.995700152710189
113 -52.623358909339856
114 -79.3642077991992
115 14.638396508656358
116 -58.40710226090177
117 29.139056972532128
118 -1.0786566610920756
119 47.206355727553884
120 13.589237825198117
121 56.14619852874502
122 -7.847405787429221
123 45.052588495781144
124 -3.0603440951874212
125 14.086861124238428
126 1.3013815970330196
127 0.0
