0 0.0
1 -3.8437032525742065
2 12.676859435540173
3 -10.9294340180278
4 13.955283586725301
5 -15.064039234175858
6 3.2237764804616105
7 -10.810695709480555
8 -26.84527011992855
9 32.062110414358735
10 5.428826782507881
11 2.300286945511526
12 36.0591037322815
13 -5.339001457445856
14 -6.950291044520404
15 18.554134098310502
16 -41.22215421498165
17 14.554316156247129
18 -42.08840121844505
19 11.849539218754797
20 -49.483918069939705
21 -1.0427535377434225
22 -8.068362838418675
23 -51.627249666089654
24 4.220885212029711
25 -18.3764016928295
26 -12.00139758723172
27 -15.9479614939538
28 -4.001551887760968
29 3.6180360399763827
30 -45.29313437181912
31 10.295396756114092
32 -18.160673820373567
33 -27.488787241757358
34 -30.528798650072847
35 -19.262809573542878
36 -19.360707091491626
37 -16.96535139765574
38 48.219683821039744
39 -17.870029674338415
40 35.31638689490347
41 -23.401176162611698
42 30.859707974577322
43 55.28664035314097
44 -8.072545875710743
45 98.21174266706204
46 -22.11809998143431
47 53.39333791160872
48 22.69890327062031
49 -18.785701437780848
50 13.272993597132652
51 6.256084701669368
52 -28.798401157272302
53 23.6437558851951
54 6.108747009248848
55 -10.823931757451033
56 -5.411721650723948
57 -26.74046864410645
58 13.682675100570547
59 -22.185576837487428
60 0.23041808935708763
61 7.69243011512177
62 -11.315393314085371
63 42.39220838252443
64 -36.05221913128484
65 5.273158856238328
66 -11.941689261912314
67 -16.698386793798917
68 8.869681915516415
69 -67.64180756009058
70 2.1932204221943072
71 -23.236343581803485
72 -2.0897305555723147
73 -10.840226091010873
74 46.04428060004869
75 3.3176038874923
76 -8.085504540202102
77 40.15502430443893
78 -13.656378140711684
79 -24.02627219290692
80 14.42149248236689
81 -18.56679768285776
82 -5.102115388781207
83 -6.601786123442435
84 -26.08851784269461
85 -13.386570750727286
86 1.5321539465454113
87 -9.536035313835558
88 -38.23159227100527
89 35.51672831954208
90 25.615492269021484
91 -34.98403545558746
92 62.57535637344918
93 -2.681823299554102
94 -13.78072921541233
95 18.357859134298767
96 3.6303413242336577
97 -5.745901834429718
98 -25.398683014310155
99 15.574192910850384
100 -22.659885248107624
101 -8.288651407030505
102 -28.42457711618982
103 7.970305043842889
104 -53.22320901475044
105 35.36741150072651
106 -13.653304712035732
107 -21.695526932290562
108 26.66564564202264
109 -59.2194225141157
110 5.40141234737382
111 5.990358665450435
112 -67.17514662837245
113 22.541597219704087
114 -74.08997368490496
115 1.9679243967830924
116 -17.02258756049756
117 -39.00783108930243
118 -5.306726415152594
119 8.930770003601026
120 -35.697807411905906
121 54.15462751663695
122 -8.300586680814602
123 30.77578064632343
124 2.609256743266479
125 6.467525496207665
126 1.2896013502346393
127 0.0
