0 0.0
1 -3.0542560807765438
2 7.948036093847531
3 -16.29528320817561
4 13.599245449709679
5 -22.256593025265538
6 -7.181986198661847
7 -18.08280850703237
8 -6.847094605029335
9 -61.45023657035408
10 -5.1789649950933265
11 -5.759289987525083
12 -40.478955303065
13 -23.487470613848807
14 9.090718227500368
15 -61.43629776860691
16 30.633789843189543
17 -61.67313108852903
18 11.92064168648606
19 -40.32329960846685
20 9.707266540431348
21 46.32869633344245
22 -28.939254725850414
23 28.183916460127058
24 -17.81063281375169
25 36.15198962747737
26 -15.029482829963722
27 29.226051765000257
28 -38.15360302669093
29 21.931292235927344
30 -88.16424446393528
31 41.81017032824132
32 -75.18178173006376
33 31.328977560246333
34 -31.734179235674592
35 4.721382158365199
36 6.128676514008701
37 -10.333679872322113
38 8.291809103554554
39 19.18748477062686
40 22.33178617230427
41 -9.418260582481397
42 7.527145461902567
43 -24.538075318358857
44 56.549024653356845
45 -35.58491181383354
46 54.022697847319954
47 -18.470275866311994
48 85.11225802624148
49 -29.43869795857023
50 20.20474382813596
51 42.04544103834185
52 -17.551253520573926
53 10.941207871011109
54 -36.0615806977692
55 21.61036616970101
56 -32.34167484784719
57 -1.42650857086549
58 -54.550999281972814
59 -24.40228251603388
60 -32.72935557236117
61 3.99139109125243
62 -24.794648736872148
63 5.1642595998194825
64 5.005581004748414
65 -35.89522376525069
66 4.075251091807535
67 12.616076815381193
68 -5.585477005569229
69 2.171205036570161
70 12.539130053920028
71 5.111456288171714
72 22.026308841689985
73 1.2369343922819995
74 67.03872286927472
75 -44.525532240190664
76 74.61924882632081
77 -44.504375869488555
78 24.94889242943942
79 -11.85587191307399
80 -13.526090277592607
81 -22.855708856110525
82 -32.77985714258737
83 -32.9591900565968
84 -6.539037033816088
85 8.834045270060793
86 -46.989640124590814
87 46.94324220815875
88 -58.4172837172301
89 34.10859291785986
90 -48.278842833402805
91 -0.7913696326135178
92 -1.1734275028202552
93 56.7073106808402
94 -68.37481003367073
95 130.90001225530625
96 -75.80316899409242
97 52.157461515825844
98 -36.6164581933789
99 -27.26158241507005
100 57.52686697833339
101 -66.04325716091562
102 72.8623872423205
103 -88.66444691532102
104 35.488422834335566
105 -7.9071677952615325
106 5.658966795033396
107 -27.783677351634978
108 -36.360987707289546
109 10.439731054124577
110 -71.67232397652147
111 44.50786592798183
112 21.04518154416842
113 -17.7218398333332
114 62.974144583914025
115 -11.609970693093242
116 12.331466855630023
117 -14.165474905321632
118 -21.433440636651248
119 25.75458606162391
120 -35.32117924795182
121 44.01200358264596
122 -14.145086833521976
123 39.11606660217484
124 -0.8710753608248017
125 9.389191290137777
126 1.1086237547569828
127 0.0
