0 0.0
1 -4.839553660888575
2 14.562338622694162
3 -29.755995650382545
4 24.52040173600082
5 -57.10197048112659
6 4.403378740676038
7 -15.60666473232055
8 -46.56899340725752
9 12.009597392521163
10 -76.21409020260168
11 50.2470034689562
12 -98.61188841195802
13 23.32940276139357
14 -54.43148139251765
15 -43.322763056225405
16 -19.501681092865887
17 4.437436179676543
18 -33.630945610299065
19 11.289262144751342
20 -46.28519991025518
21 -3.495884892969344
22 -24.128902055870235
23 -24.573523180380842
24 36.98842426897487
25 -39.96536362825333
26 41.607096052159505
27 -30.627141882534172
28 18.195558270612185
29 -0.6748942721214096
30 -17.243032440682548
31 35.09876942762612
32 -42.28233314520144
33 54.184748713061964
34 4.307327461070586
35 -4.797488307179123
36 39.975358026338576
37 37.788087846892
38 -8.31175415227248
39 52.990045189554934
40 -20.301521225019012
41 23.157803693161785
42 -22.73086314711608
43 21.392455223493823
44 6.697434998629429
45 -35.1825578695847
46 44.54937122841496
47 -12.62409609776011
48 -7.815326105972194
49 34.58260518310528
50 -18.47345301594211
51 -10.595142383942697
52 27.71112818627214
53 -35.04560218422732
54 19.503251317114888
55 -32.33983363591349
56 -1.012057672645715
57 -60.27456453828473
58 24.85394614543986
59 -74.38415704316266
60 14.954735043244229
61 -22.268300210970374
62 -2.670948591381046
63 -15.04692439721644
64 25.534913975926134
65 11.587721977577981
66 -9.846507921581559
67 42.442245017994196
68 -46.00973108961703
69 65.91235289181614
70 -22.881398934107565
71 8.594777190266571
72 -34.105669957670116
73 22.27588220093237
74 -69.486413388813
75 49.31718973845916
76 -58.82625656569934
77 5.547067871307341
78 22.102006195499314
79 -54.768479002318784
80 96.884611025399
81 -23.474304573018888
82 23.091487808285628
83 43.065997242259904
84 8.227425964769562
85 43.66813639487267
86 26.45925802624943
87 28.22235066500926
88 -7.799330114882024
89 7.79013814861646
90 17.760128810976287
91 -31.10870006414437
92 38.970622193826074
93 -47.37312608048773
94 17.41895879142071
95 -42.48495547274903
96 -73.76709137946476
97 8.636308256483666
98 -44.65679258306798
99 -29.52866459890496
100 -19.137781781602534
101 -24.256868248275453
102 -54.734715774825574
103 61.09940172444654
104 -90.91394749462836
105 36.49263213805446
106 -28.413999243961207
107 -5.789481448423675
108 -7.361171723972928
109 0.6848243213027865
110 -30.973814104677437
111 -6.439869039993358
112 13.33595561158841
113 -52.02212515608141
114 79.31667936621474
115 -83.23236880621093
116 70.75739886935033
117 -28.745244860174086
118 24.114733504349985
119 52.24765898073948
120 9.688045920060587
121 49.30843542708773
122 -4.7415998653179035
123 34.97790773553954
124 -6.025945316122336
125 18.745319603135652
126 -0.9127701589493104
127 0.0
