0 0.0
1 -6.955090967696958
2 17.754688422595812
3 -26.41854426631985
4 11.71976787862661
5 -26.017829533421082
6 9.583462629977712
7 -11.627612477546348
8 -34.056049719049604
9 -12.192613026535254
10 -57.61801942699415
11 -11.076193394991249
12 -40.05201907058098
13 -38.221976553203724
14 -45.54706516474116
15 26.750500200732308
16 -36.48885818713009
17 62.06609726278203
18 -17.77092122150078
19 70.63349672322146
20 -15.683956484551583
21 20.517156751632157
22 15.033789491237304
23 -9.824245729111386
24 -10.57348611927612
25 45.73213286247107
26 -35.764572104996624
27 39.11634035183823
28 -30.621383694713387
29 -18.89812148966756
30 21.884004276948584
31 31.702719329607756
32 -5.757502724149323
33 40.47373284730176
34 2.087491662353499
35 -4.355347543715701
36 -37.27898915817832
37 -36.80060802833879
38 -25.72838215387583
39 -29.607231281058176
40 -10.961622881775826
41 -40.106420885763676
42 23.048804591580268
43 -69.33855702002641
44 48.11195169291676
45 -50.04630850751428
46 42.52146107811067
47 -9.021304829232296
48 37.74782698307126
49 6.207038175814283
50 11.474818782049077
51 16.55928742872125
52 -13.213888392194967
53 34.84066250136702
54 -3.179906210299889
55 34.5945219953579
56 -9.354163718278498
57 46.36141682233276
58 -31.983492741183504
59 26.294513707932662
60 21.598320325299895
61 -26.51684375326873
62 29.055616344544656
63 -8.555760353539409
64 -46.08022461307818
65 27.291126218794897
66 -50.779245596316024
67 2.057735616110869
68 -115.72020741707247
69 24.849054082307173
70 -46.13442322545439
71 -12.68701451734436
72 -8.501021997970387
73 -4.727614717005186
74 16.52909422278594
75 -26.77673473378428
76 64.9132399418967
77 -59.06672369110366
78 21.66810208369076
79 1.8713053374500488
80 24.303016873267385
81 16.2012687238634
82 28.768927340571754
83 1.7962307411426794
84 7.576434128310322
85 -9.402314842043923
86 4.331451036286254
87 -4.158065908736428
88 -27.433605044055458
89 -18.31950435099766
90 4.452778900094363
91 -37.322536809234904
92 38.26934179971451
93 -21.4995132695999
94 30.733598955700458
95 -20.283585710025992
96 11.160214000927784
97 -22.470148939539182
98 -7.353120046757465
99 27.740816362488122
100 -41.41727809352487
101 -5.50574001642885
102 5.176426175510523
103 -8.140764020920727
104 -3.581271035729277
105 36.3395115665795
106 27.253327873700258
107 -5.740796862628519
108 36.18939651240408
109 -0.5200034762106801
110 -23.413976860195696
111 -1.3817442545081045
112 -35.560459312723864
113 32.283951694593746
114 -56.0250256625948
115 64.91031329698326
116 -49.53657583748225
117 81.84903770475694
118 -104.90498916225313
119 114.17577164730302
120 -116.18654360709264
121 47.67176949110852
122 -11.035807290390292
123 6.317030768541138
124 8.830935371898395
125 7.063819186151685
126 1.5160292566021623
127 -0.0
