0 0.0
1 -6.352916299502047
2 13.393477826937309
3 -28.564556893420615
4 3.6852709443160747
5 -4.417014871782398
6 -31.786397001951155
7 16.497181253444545
8 -74.51404682844202
9 64.97145554291544
10 -97.40008665044604
11 97.4095039356335
12 -62.16650805911969
13 24.752961997571955
14 -0.6368321836358213
15 -9.479916218948773
16 44.52396661411243
17 -66.64658765250908
18 21.00079380124859
19 1.2595762412846678
20 1.5846404960382778
21 24.915934928127864
22 17.76769115019314
23 -18.781387461433894
24 16.319832768541914
25 -61.9924355626143
26 34.53922176646921
27 -49.24044588657574
28 9.402870364542206
29 10.530489000307172
30 -53.96601706004381
31 30.40598966992871
32 9.277362067791444
33 -0.8932107755423225
34 11.409893337129645
35 3.6468865114752225
36 28.28693751556268
37 -8.263672536821813
38 -1.5719032760580074
39 24.205331457749377
40 -12.331537202180423
41 39.11537555764193
42 -4.910132953997875
43 12.271703914106315
44 -23.481776279923977
45 23.489169363478187
46 -12.513031301265139
47 -44.15309768928936
48 4.691006528187531
49 -29.556000489780015
50 -29.503553641708738
51 -17.820155625381908
52 -90.77158968980838
53 49.396934331193805
54 -25.891674260291776
55 -9.037997474637457
56 17.19409558625194
57 -5.8429836525847465
58 -47.752300243374
59 12.10779079782377
60 -20.103994758207495
61 -26.863370639263746
62 5.724519306231308
63 -28.028123391236324
64 -10.730211867234164
65 -28.087993812492552
66 15.382455145710724
67 -27.588877275963046
68 43.176239486866784
69 -1.7015333355314137
70 10.650784399117445
71 12.632523240097248
72 11.521433833185503
73 15.758170092266774
74 38.30775661125544
75 -12.864804265829019
76 2.1366567525615885
77 20.518714356179284
78 5.821607127904215
79 -0.7603073385693673
80 11.103879257334306
81 -65.2266045715924
82 38.657646088065526
83 -51.69291427185021
84 23.27444409891839
85 3.0146462262198703
86 -15.701487843106497
87 59.352967022701684
88 -3.6435193024146555
89 90.11714693105077
90 -8.623528313052798
91 15.19116568191597
92 -5.250576704158207
93 13.691831425040583
94 -16.45322795268025
95 21.27304624958227
96 -7.3881538749392055
97 -34.94145193949071
98 35.69049378963885
99 5.476417964598528
100 -48.193616501050414
101 10.036767678582754
102 2.9848790015495266
103 -57.50363050250293
104 35.12705121134604
105 -33.17322986418242
106 -18.334942411676977
107 -7.415637010540743
108 -9.59511715357769
109 33.373887220693966
110 -42.79229225773518
111 41.29615177230137
112 -35.30558938651659
113 8.977524595698995
114 -35.32501014538025
115 45.355728085057635
116 -43.829607669490784
117 11.572346638526211
118 -13.780975051677268
119 -3.2172850275619203
120 27.562069477413683
121 31.878236312341837
122 -11.794684679985135
123 33.806135786241796
124 -2.3939034881808063
125 10.730501146529335
126 0.16926893762220632
127 0.0
