0 0.0
1 -3.51814746155614
2 12.434811158498132
3 -20.44377856816273
4 21.217132805651147
5 -10.448269647627459
6 20.83181473397328
7 -48.21773976519739
8 -38.309503633862015
9 -27.690429614967265
10 -101.56667675580177
11 -2.077323924782868
12 -60.37939894624804
13 20.35492072377386
14 -29.246992288751706
15 20.762660592746823
16 -54.83229921886148
17 54.84185283550414
18 -41.084381314746544
19 53.83557145255536
20 -64.94496297908996
21 66.62715315825557
22 -11.527374135519965
23 -25.16642919456833
24 23.892360990298837
25 -39.74150593922095
26 26.02979259715194
27 -82.77946606543037
28 -27.685119774115737
29 -67.59789729733721
30 -14.09393938359322
31 -38.91969515750693
32 15.703160751064834
33 -5.180662015203861
34 -0.10158782071271408
35 19.006908284595383
36 -52.46199886390736
37 56.16828418475293
38 0.6988162871886371
39 31.604805237927717
40 36.67995263355921
41 -11.990619052155607
42 44.88883223563894
43 -16.52766831890232
44 35.08688770263279
45 -1.7710148247864528
46 -24.544207603394717
47 -2.663640595306629
48 4.690843303382265
49 -33.11452440989705
50 -4.83099122607849
51 56.937555792032185
52 -47.77742487837488
53 66.4804915774033
54 -11.88546099124197
55 -4.786609518989444
56 18.91496164189061
57 -57.794101815184355
58 47.61060627436366
59 -66.66965259209873
60 20.44003118843298
61 -29.85702222872838
62 -12.269457727315054
63 -4.060577650963038
64 14.483270356347479
65 -17.55766741983633
66 19.185830537610585
67 -17.105039788610856
68 4.042492051357625
69 3.723973489768795
70 -0.47971631300841516
71 39.01071995742802
72 25.03161651272701
73 67.315202254754
74 26.373948984904384
75 70.02173308694655
76 -13.118074447279941
77 32.456996279278464
78 33.92092163451358
79 -19.52452406063428
80 30.174877476777205
81 -60.75991400925646
82 12.846953186985795
83 -33.53608405038907
84 -4.992185911407228
85 -20.519486457323552
86 -64.70084245703163
87 31.95051473029181
88 -57.986437890302845
89 34.891408285812744
90 -38.758723248071064
91 -24.84394973039276
92 13.632814007822667
93 -68.42643791703098
94 -15.473832842328145
95 12.7461044696271
96 -62.35867443897679
97 -11.68096701681595
98 -28.863045113611452
99 -7.288196449950716
100 -28.73399969984219
101 -0.23403808928933512
102 -27.03029557903504
103 12.225763339756218
104 -8.368027948754325
105 25.565363974665033
106 -18.087995495669368
107 33.79166063255357
108 -38.94589880237027
109 31.486338043381373
110 -30.086080912207425
111 -11.951625981789244
112 10.196549929652523
113 -51.04417814101559
114 73.14439253819279
115 -8.220865090202922
116 39.44005459657675
117 -25.79186060409516
118 54.71141600982289
119 -39.214774821534334
120 20.148802427517495
121 2.700267715195281
122 7.652840906447333
123 34.67942575307506
124 -2.3183195361265265
125 17.648094983970466
126 -0.4480023923382886
127 0.0
