0 0.0
1 -5.650888355380932
2 14.190909450432965
3 -21.945399343644333
4 13.337105469579672
5 -31.71455857181511
6 0.9447378738738696
7 12.086902525684135
8 -10.485450680901058
9 36.54867710119989
10 -39.600725743737826
11 79.8410653849788
12 -100.80811637611487
13 77.43918250097909
14 -118.84412960065599
15 88.47165394132567
16 -85.3571284570404
17 12.925962062183165
18 -10.849239762860162
19 13.289862342575342
20 14.704594890264366
21 -29.249291807833025
22 19.08219059931994
23 -42.918146847013546
24 32.491247251953055
25 -53.8658588494184
26 19.140852797463083
27 -105.96988358418503
28 44.1816310435586
29 -65.06620436866005
30 -13.392062971565915
31 32.44231839212929
32 -35.73632692260996
33 30.803874853470884
34 2.816751387366261
35 46.820200886890085
36 -23.220091937905167
37 48.9964463441316
38 18.572308388259838
39 -8.062183724256393
40 86.39704174596824
41 -34.28266445003008
42 46.51282778769395
43 -9.580586111442543
44 12.77488866233573
45 -19.65172762631485
46 -19.865307040387417
47 26.820299151225534
48 -14.102166982374385
49 9.974319187986369
50 -29.959746831397673
51 60.57526339636606
52 -46.87947419970362
53 68.0766893649131
54 -26.038887576725806
55 19.307334248479865
56 2.046883475338225
57 -37.62579723192148
58 -44.941773126591436
59 -49.797484196720546
60 -1.499504721764566
61 -59.62282573338896
62 -4.722708221434839
63 -57.27205041931629
64 17.068595032753393
65 -28.989971837758873
66 -25.51968074841526
67 -13.02147085666687
68 -7.663214200030052
69 -57.61166196367793
70 -33.892917764990415
71 32.34963512891294
72 -64.02483547767865
73 14.604868122934594
74 40.97462904528467
75 -57.092023079348664
76 88.63223852854205
77 -33.99416707453447
78 34.22443830710057
79 17.59070415226261
80 -13.779746687010759
81 58.21704874832823
82 -4.181830914671123
83 2.4238197308455596
84 22.82258621785614
85 22.791212477827493
86 -10.036472296288526
87 23.699179156352287
88 2.02160089723723
89 20.235029092959707
90 -14.754073280282148
91 13.448151381931206
92 -12.140683491787929
93 26.218228197792865
94 -60.75922297745349
95 60.97233949091324
96 -26.51343686505676
97 -20.61123626312665
98 3.9144991611367588
99 -23.764714413248853
100 7.510435772768693
101 -58.59829345414537
102 41.994326049647285
103 -60.690993352788034
104 7.615131567896132
105 -64.68702681622759
106 3.7878702036257894
107 -49.82236677070339
108 -37.908933176905705
109 17.401010296568792
110 -52.30110128593545
111 56.65743557423716
112 -51.93702655650729
113 40.19581588701511
114 -10.279467256526171
115 46.8755556348145
116 -16.28181941016883
117 49.54527600759433
118 -4.197223658195248
119 22.980810578902073
120 45.54276191611189
121 49.245560200532076
122 -2.8214343265957993
123 26.2208811911944
124 -3.8698679192909187
125 8.103326585530525
126 0.6883841347867778
127 0.0
