0 0.0
1 -4.759200130737663
2 9.359753906898337
3 -16.43739186323177
4 -4.325470741969057
5 -38.39365083393353
6 -7.888856348839664
7 -63.41889559562162
8 -12.613433061046816
9 -10.95925285886604
10 -39.825964265995694
11 21.1056080219181
12 9.511094615767453
13 6.92631295121042
14 -4.434572164231068
15 22.899736312640016
16 20.763128307289385
17 -19.263888166057647
18 71.52798576286797
19 -4.647704483811671
20 16.31343894015281
21 27.730155234394275
22 -35.58258166135378
23 51.38687975550605
24 -24.866446483994807
25 14.85947750435343
26 -27.515140803958733
27 43.10511860632735
28 -53.03627591345209
29 7.297737463464284
30 -60.623504376812384
31 19.64791060725896
32 -43.45752474086042
33 20.26768641475328
34 -24.79299472087709
35 -19.043852595434824
36 17.2086404651734
37 -22.736485102059095
38 4.3046735112883345
39 -33.4252263923111
40 31.281817551588574
41 -0.46517912956140345
42 28.98434860617148
43 4.848879741085583
44 45.85211433434704
45 25.753221026960684
46 -11.211190761089824
47 48.48493872051195
48 -38.98631318985934
49 4.728672378315963
50 51.56168443156142
51 -83.4402296188335
52 66.64874913461382
53 -75.50139732515574
54 30.95358377395755
55 -19.564637020642838
56 -11.52284727357795
57 10.435225717419911
58 -18.636854778920284
59 39.74233951759408
60 -31.377291945604945
61 36.45253183439277
62 11.43469714309814
63 -11.74296089624033
64 48.07147524858437
65 -51.79943594189762
66 62.02631436430652
67 -44.88075395198466
68 10.110551538284518
69 -20.430931450520237
70 -73.6998878549298
71 46.6985232485358
72 -102.30803000086779
73 24.901522447515134
74 -70.60541341928443
75 11.178200164661579
76 -69.45521005595728
77 -4.4274384296127325
78 -21.473699406422906
79 -37.62671252792371
80 17.9134931281232
81 -73.86171380328443
82 48.46464766186171
83 -17.417254887839015
84 -2.336944552579924
85 49.97439323977945
86 -54.46111514404681
87 78.13760733602817
88 -35.37017817896715
89 31.64410241821822
90 17.031957750797986
91 6.375973946856479
92 42.178111866637195
93 -12.706347640210657
94 87.34512182509134
95 -60.79158102889102
96 83.19181120954391
97 -50.3619751877229
98 24.133844474379902
99 -7.171339674261657
100 21.48134263032948
101 -13.620004198842581
102 -11.954297089414526
103 -30.722662121003093
104 -16.717902126920333
105 -3.161937148625448
106 -56.31412455655429
107 32.20217388829447
108 -34.44695756206471
109 39.4728625432983
110 -52.010995583822094
111 54.75543780029648
112 -37.606987348353414
113 32.01457784948523
114 40.085170963547235
115 10.74952773443556
116 43.79637819678134
117 -12.11353702300616
118 -16.078359870973152
119 30.064171352698075
120 -40.74146379278828
121 38.857300902698896
122 -10.136348062215928
123 19.79408234504794
124 -4.022495276489651
125 9.54135348314126
126 -0.11455327716372779
127 0.0
