0 0.0
1 -3.8614751066140403
2 16.4211240307789
3 -12.345205248258129
4 28.053050761595145
5 -24.692989247423206
6 15.62628095692946
7 3.807482119445833
8 -24.239493009331067
9 49.40560347184284
10 -99.66421437297171
11 42.17557206994781
12 -128.93830681517755
13 17.35508997245545
14 -117.60337944356365
15 -32.45474260112194
16 -56.20593436135097
17 -71.7978487708402
18 -18.9857236269281
19 -29.407177345310274
20 -28.509973270239332
21 6.278791719798068
22 19.45629764355956
23 0.5422598010364741
24 63.032981416657826
25 -0.5645943925388168
26 44.20420312876169
27 34.39493152629085
28 -42.81274634249062
29 69.82248377298222
30 -25.197383560148715
31 29.96256524750912
32 26.3961144199007
33 -63.21135577737514
34 65.43910804317952
35 -33.07370364301541
36 4.5663910162819015
37 1.0648722321856168
38 17.117599222045726
39 -13.51069151539799
40 29.515691173394337
41 -36.478493699704714
42 9.66611901778188
43 -16.430939151730705
44 16.43502640620153
45 -13.287129438094398
46 -22.921828008639057
47 -14.128508408876282
48 -18.092886610359837
49 -9.58761955201324
50 -52.61206793687395
51 -6.159927399933178
52 -47.042588934957394
53 2.5697321668512347
54 -54.27146061814181
55 38.65525784130113
56 -82.46573075356513
57 22.220424499725702
58 -8.475001348349702
59 6.684544379797951
60 15.731759939499934
61 10.585491894761335
62 -9.090103678979961
63 25.340759631887106
64 -30.7761357268085
65 4.539731838593226
66 38.190877767936065
67 -11.70756508505733
68 15.23673411654364
69 4.998275233438428
70 22.81066834517674
71 6.446367088427212
72 33.56155510024199
73 -38.52475869939637
74 43.70841089062855
75 -68.48816282563169
76 40.991364886407794
77 -69.02591174028218
78 7.987827347661612
79 -23.74844673924024
80 -16.52506111306015
81 4.445793403099308
82 12.267842061938303
83 -4.136919442277425
84 24.933083454893257
85 27.795808467865204
86 44.33681981503446
87 24.0598584376959
88 45.70931645477215
89 18.24230046352506
90 16.349175867758515
91 62.05079724758891
92 -50.35133728783941
93 88.22721497611019
94 -42.50882308486445
95 59.835363429839596
96 -34.964606279189
97 45.01672015368613
98 10.52146868463982
99 -21.452287652339315
100 20.256880570919872
101 -6.96025835174508
102 4.283643959078319
103 -28.61033531760758
104 -2.6172110353712084
105 -31.932684962350425
106 -77.95474069382809
107 -41.26082416144826
108 -84.46711358593303
109 -53.41062293770077
110 -91.65793226473721
111 -24.71649021318118
112 -76.31540385623424
113 45.17054688097617
114 -84.21265544788893
115 10.476933877936066
116 -22.69279314264686
117 -30.455679207557267
118 36.37826516473272
119 -24.479157462843112
120 29.707341859750052
121 25.759179691486224
122 13.602639993448648
123 17.119866889551652
124 11.531904429842129
125 12.657407173694033
126 1.2326810739044023
127 0.0
