0 0.0
1 -4.226743214207953
2 13.55138451517142
3 -21.80253442874333
4 14.79571391469807
5 -46.61119479782775
6 -15.280592939399467
7 -5.096780720332484
8 -50.60165041628043
9 45.85972499884818
10 -93.0824079221384
11 79.21344036270165
12 -105.45856029018263
13 94.16796557130247
14 -42.59448980355138
15 21.22054386368893
16 40.54171618456657
17 -31.018642927009324
18 16.809043020596896
19 -43.82739827472527
20 3.158353925874877
21 -14.070176690371012
22 -19.603951447824944
23 -62.36845380794796
24 3.6873134897635995
25 -80.19849577660518
26 2.3026797070803315
27 -39.01265773465411
28 -48.15993902035114
29 -26.67304021049297
30 -60.794204197262744
31 -34.30683064066331
32 -36.23148053141127
33 -23.145938569753742
34 4.091365371238242
35 -14.114877582114865
36 31.699311288306795
37 31.730526037852332
38 1.9484930365729258
39 61.53073786951225
40 -3.782286251313646
41 65.34867500567704
42 16.794663771852356
43 36.47375591526628
44 20.59206070047711
45 41.68427751133748
46 26.233863159066512
47 20.401385127457598
48 -23.753858382376045
49 -46.23777710097339
50 -29.767841295842587
51 -7.745708632734212
52 -67.65151296400393
53 48.50100862676363
54 -2.508636464863947
55 6.748296544115497
56 15.345709476500497
57 -17.77015212128042
58 39.544011505507505
59 -37.340990390476065
60 77.81713373348273
61 -45.66873212671794
62 15.891535295333409
63 15.5284930597354
64 5.696501930203324
65 -14.248649918091745
66 6.957667230262346
67 -22.56619545300109
68 12.246974896001541
69 -8.223288696405783
70 0.016631107870642474
71 -0.13006221476267163
72 -43.38056297209992
73 -18.07328887691024
74 -35.50001720819566
75 -12.881400509192998
76 -25.685032695931252
77 17.83479175014724
78 -48.99126466050223
79 63.889011863763564
80 -20.9979943742472
81 15.539436243847446
82 68.86959133407908
83 -11.257246360355987
84 32.74496129807927
85 31.284723931744455
86 32.07427440925309
87 22.580634150093783
88 -5.363209618797483
89 38.88037942895941
90 -17.501622506321596
91 6.3446588184744
92 22.972070658839424
93 11.720570161283094
94 10.742672384976252
95 -13.992968690128844
96 -6.3832133379260805
97 -25.11537296381622
98 24.43936569126815
99 -45.83778109157365
100 61.093176355336496
101 -52.951874182708075
102 21.80581470574141
103 -51.77551348531896
104 -11.769587163863147
105 5.899389857578381
106 -90.1173481383146
107 22.841363169552338
108 -15.595075831336448
109 -5.652274842154593
110 -13.615032052593783
111 35.009744333373696
112 -93.60561656659479
113 49.57072736838843
114 -69.30586204798645
115 32.593658314688
116 -3.6852234342829115
117 35.71254723653355
118 42.64553548752768
119 14.461220731870943
120 39.09793103602295
121 -1.9468543500822535
122 19.950551729072966
123 17.92762363545889
124 -0.18065431349179822
125 8.383616928150587
126 -0.2659948038569664
127 0.0
