0 0.0
1 -6.375965906675125
2 10.580246448405186
3 -23.12746324166066
4 -7.093429533751805
5 -44.89884615975319
6 5.668735505143663
7 -59.04032784691103
8 -56.421613489668594
9 -15.295738600905382
10 -35.430042721381845
11 -79.04241692000019
12 -0.8992851520461428
13 -61.01624720291839
14 -10.422962415910481
15 -48.79121727587999
16 17.47598291790446
17 -42.86234686160649
18 -8.535060392085931
19 24.649000563218216
20 -11.11025954543002
21 41.42744173871451
22 -20.12021567058612
23 34.843283269938404
24 -17.039515185599505
25 14.689546420704884
26 -10.354881761978538
27 -21.074184732785017
28 -6.593034292205528
29 32.527223906187096
30 -52.296439745595315
31 98.55523215840934
32 -71.8332874591456
33 56.42664874541372
34 -37.171133766766594
35 26.92961331241005
36 11.230456032361777
37 1.3468677003341298
38 20.63597054963603
39 -26.407858774578663
40 22.42187750824369
41 -14.539265697069865
42 2.862485071812946
43 23.389110609288114
44 58.75539842448861
45 -13.839945526698436
46 41.31855251178546
47 3.6758269956694356
48 20.634610359373657
49 -34.294258078352584
50 16.49627142845712
51 -47.63230304630777
52 33.2078640986901
53 -21.023233626083496
54 25.33058620261323
55 35.24111640774798
56 10.23333255988697
57 54.625199514788875
58 -53.86619764744934
59 59.112313334600195
60 -2.8658152437976425
61 -19.093740373180083
62 2.86159654958878
63 -59.81123586033292
64 -30.343711018631943
65 -10.574073252708944
66 -37.58154281726827
67 70.95609885391356
68 -55.96497761780738
69 53.57783567028155
70 12.582206846117293
71 -33.81441516960996
72 21.034841838415055
73 23.550115259781325
74 -30.045079336605138
75 13.886127606905891
76 -0.7807812584728935
77 -6.700335988126593
78 11.59823096445763
79 -27.98089287678725
80 3.162893720326872
81 -23.67366531388408
82 19.949239727151472
83 -13.000872534617114
84 31.255316641729443
85 -34.69922897253952
86 6.544988987542279
87 -19.595577941447722
88 -4.095734890498781
89 5.694305553596043
90 -11.45064524709857
91 15.398639530382155
92 1.3697447697578524
93 12.172304387029211
94 -3.056290278892094
95 49.99034513466596
96 27.24833135370127
97 -11.870652575299776
98 11.74559268903113
99 -19.757412270067984
100 1.5417412874874188
101 -60.11716969390949
102 35.56442359136758
103 -105.29562630526276
104 19.675870882920254
105 9.479363583462622
106 -98.52762201722784
107 40.359245682143644
108 -28.108517033267393
109 14.479476759173838
110 -41.390857347360885
111 50.32178483488446
112 -10.833492376015206
113 6.341772988348823
114 10.086925563182287
115 -39.26179692842865
116 27.907330810020767
117 15.53285045648597
118 -10.556712536529881
119 44.72267066041366
120 -13.604441831542415
121 89.39440420227491
122 -15.726534056886333
123 55.61494225442729
124 -7.202077254595426
125 12.776329006186641
126 -0.047601645895603194
127 0.0
