0 0.0
1 -3.8439474361537926
2 9.909683312552348
3 -11.093295529564815
4 -5.3446413325835005
5 6.3982800760973495
6 -54.139426908701054
7 -2.720136143763935
8 -23.4604359278127
9 -18.598851781183946
10 -8.836151450179099
11 -29.052119532668918
12 -16.21970858044143
13 -26.257125000271834
14 14.208319675716162
15 -33.12742628635783
16 -0.8134384861091986
17 -58.648761027902296
18 8.533406210520889
19 -54.523613311183325
20 -22.25256884955014
21 13.491367133076148
22 -50.811550616005114
23 31.158091017563752
24 -50.348777265318674
25 69.18119131055236
26 -69.65875329096842
27 46.323816548962526
28 -49.667498568598894
29 -0.07919425258571428
30 -2.929254844525927
31 -62.04351686396597
32 43.03316972506343
33 -61.244039951586736
34 36.43195791712327
35 -5.608503258865041
36 3.281832325648426
37 37.624038112338276
38 -44.692690187880224
39 59.23919165500368
40 -55.433692358200645
41 27.163670557134317
42 -7.073198305610101
43 -8.925182389822117
44 25.742690517026556
45 1.0495876208399046
46 -4.79143337402081
47 -1.1767930344465476
48 10.954568377765943
49 -13.245861442267021
50 15.637615743861048
51 -12.26374971121219
52 -40.61329122009167
53 35.69326843917595
54 -18.215910902844975
55 -10.51364863917112
56 -7.783194071661477
57 -2.497998836177445
58 8.088959643057317
59 12.951590840718108
60 19.775566316003168
61 -19.15352869294389
62 27.034936144854505
63 -18.222164233942337
64 20.719003378810175
65 -44.48830677091096
66 57.388538582602415
67 -69.68232641168814
68 38.51216250405484
69 -44.717613074950926
70 12.54962997345127
71 7.936822538408813
72 -19.59684639904858
73 29.59006950194215
74 0.5789756293531145
75 -31.61452447259446
76 -23.992421399639966
77 25.502793718406405
78 -32.82553057488155
79 12.512435932460637
80 19.237483456390677
81 -35.563660616338645
82 50.337579877002725
83 -4.060800005462311
84 -44.44034306108472
85 65.7007586417743
86 -56.84328794971932
87 61.83765286758795
88 -32.37918331316158
89 18.7909919698106
90 -33.594992872441395
91 29.456318998939487
92 -3.0912500541686874
93 7.36356669711021
94 65.30242787655884
95 -61.99693900987664
96 77.51152404344143
97 -31.614555064460784
98 -31.190575941744893
99 0.2959327070575549
100 -35.64943543210935
101 21.74559153503575
102 5.537923262476948
103 -6.9670460963561025
104 -6.064623179453075
105 11.496867238646075
106 19.70759126151818
107 -51.160660692154316
108 -9.105208705033185
109 -2.250263068271659
110 -10.067873298263228
111 15.148906951882289
112 -34.7844260798111
113 37.943723257588694
114 -54.91562032201528
115 48.29097502047844
116 -27.107527206395496
117 0.5650460080923423
118 24.11587434367093
119 -10.753939494672824
120 17.62831925946874
121 7.954570876174726
122 -0.10243759207511942
123 25.737942946204797
124 -0.06569796158126495
125 14.665749433429601
126 0.9224227504079562
127 0.0
