0 0.0
1 -3.3606531907856696
2 11.919162905699979
3 -12.103205868712621
4 15.685516704597331
5 -32.06788452865198
6 32.17807479800632
7 -53.163242977890064
8 8.597711363308235
9 -47.23801548683309
10 5.154090103705614
11 -62.76960651130337
12 -24.846211465766437
13 -13.959782294460675
14 -39.36579709936493
15 -10.852297181254807
16 -29.50432375215469
17 18.0680404972881
18 -39.483254194412204
19 32.657844550504656
20 -45.958387632945616
21 41.350057404166556
22 -1.8045723444360469
23 21.854130935127188
24 9.935056137775094
25 7.658591895780313
26 -29.170699698898016
27 7.268778554960866
28 -31.80474612169197
29 7.1200192654823065
30 -17.235238365280505
31 -12.27431590849186
32 7.26673603946974
33 -57.01721828191357
34 -1.0797098932662335
35 -42.41772492703775
36 19.338239622860403
37 -34.53756559100195
38 -13.739167177103152
39 -23.853135623016897
40 15.53508560985141
41 -47.38360848658156
42 -32.48045361668115
43 40.57089063504419
44 -44.12226941862338
45 69.4689029735953
46 8.501175561412433
47 65.02291948648273
48 18.319603513382557
49 43.693522802927454
50 11.652350144791432
51 48.463444014968886
52 -26.038516226138047
53 56.06336589419894
54 5.164334498305905
55 -9.523352723269042
56 24.119970364007116
57 -23.177080550776154
58 -38.153554775117904
59 -19.110591835213622
60 -41.47306753750703
61 7.6211312916042
62 12.589033585857498
63 -2.1147145496305497
64 -3.314723204438757
65 -14.543236045580782
66 -0.1753822514774028
67 -52.54098736509688
68 19.366310182512844
69 -46.8700936976926
70 13.069157781316957
71 -63.40097039912153
72 -0.07595134418870371
73 -31.13242684751499
74 -23.21312813256726
75 11.037598112396127
76 -59.89982677740905
77 -2.975760353185717
78 15.24124471410686
79 -11.44523202999976
80 1.7851272820588873
81 2.101754737736572
82 27.079428256680057
83 51.88015844441867
84 -16.04762568860905
85 25.746786536700753
86 -1.1386099189254482
87 31.99060074389148
88 13.19357265920413
89 -7.041689761636784
90 33.74716491187222
91 0.5971052512580881
92 64.33048502275145
93 -55.70103566719432
94 38.421104386057856
95 5.702695201014122
96 -2.249550330506179
97 -0.869624011284557
98 -3.516779103907334
99 -21.02228049473873
100 -10.966933322176581
101 -12.933952563554291
102 -42.2891971747193
103 -1.089267930875546
104 -13.763710481312557
105 9.631301658714714
106 -21.10556739689958
107 -11.321303895222597
108 0.7106792885882619
109 21.482219734055434
110 -62.08428516035402
111 41.609824826803894
112 -58.313106843065235
113 -5.306076309445679
114 -20.317018148754688
115 -36.09587179271388
116 -53.245817303311156
117 8.063577287076711
118 -48.13582390110168
119 35.40662761612279
120 17.60553597541172
121 36.63899670139651
122 -0.4244194041835402
123 25.743752475931007
124 2.190913828441518
125 13.218659941063734
126 0.8366452589130887
127 0.0
