0 0.0
1 -4.564060973749825
2 13.072639593265178
3 -21.212393958210363
4 -4.483589896663045
5 -2.4385522051990507
6 -48.0895566471615
7 26.021839456207704
8 -61.96645667551972
9 18.92468510754532
10 -68.05861220247095
11 19.800711979056665
12 -42.571074227173845
13 -19.804735350611168
14 -17.84896513943949
15 -9.914074782285928
16 9.961485180625404
17 7.2083014135898384
18 9.853694842018058
19 47.15138527614427
20 27.2794737285822
21 7.251865660144217
22 84.46358261619993
23 -26.753748616867853
24 68.30592026161939
25 -24.53415011896243
26 -5.478536463671432
27 5.784554870746035
28 -9.079418522496747
29 40.80326862476371
30 -52.15995199114041
31 41.16988950670182
32 -52.72765858676182
33 34.93733919084784
34 -43.419853532966854
35 3.8152991779439436
36 -40.995651127395455
37 -4.75058441589593
38 -22.488220121689906
39 -60.292070210101365
40 -1.2356495927091646
41 26.652781197199854
42 -69.36043606520089
43 4.018506515324848
44 -31.693572105180785
45 -54.62441985907723
46 -2.754963060475917
47 -70.84030593282634
48 1.881924572874077
49 -33.60409930612427
50 -39.50977604300571
51 30.554087843614926
52 22.28792681510653
53 13.442515847416328
54 40.16028176783637
55 7.7947267395480795
56 60.087940779855685
57 -14.430750415630033
58 45.78652704727548
59 -11.404155460674184
60 52.719725445719895
61 -6.9449872492818
62 36.21480185545807
63 43.47413206156836
64 14.072614451039243
65 19.096399889099672
66 1.955182555263158
67 -1.1919087528852264
68 -11.082768932216577
69 12.690575122189827
70 -35.53988344967369
71 -20.250196378582586
72 7.848452537129824
73 -77.4436075751794
74 6.330706455729467
75 -6.401482186410465
76 -17.0841488532803
77 3.256628721783999
78 -49.42370086466364
79 -19.572279974883326
80 -7.590652925819815
81 -34.01640767148048
82 -37.45936333660046
83 -2.0510615427861705
84 -25.188885339359537
85 40.493914760152
86 -33.0718514074634
87 33.86206233195963
88 -8.747247953782091
89 36.80428178052591
90 0.6461395496554277
91 39.98262391215865
92 44.56908669445384
93 26.945796076891064
94 28.403409249749455
95 68.28855085781554
96 -24.823654480876133
97 56.44361452529488
98 -16.300380972367222
99 51.87323823674796
100 12.76040601184418
101 -43.067111458462165
102 -14.823883257373723
103 -43.386466257081445
104 0.21064167346779383
105 -43.99188399932566
106 52.40773406276946
107 -71.17467639704073
108 48.34833454246415
109 -5.521530135499298
110 -30.80903237846528
111 38.43837915764461
112 -36.65833429575792
113 17.833557543532546
114 -25.897140345111957
115 -34.11824016978368
116 -17.71223555766424
117 -21.242445441509112
118 -39.33467431449304
119 27.38378026474755
120 -41.015331042481876
121 26.477341942306854
122 -1.2965260938121093
123 7.669488061321893
124 1.7039531632115006
125 6.791000331850455
126 1.4920226648633121
127 0.0
