0 0.0
1 -4.022284340220576
2 14.931861980123724
3 -23.265277290084835
4 21.722827159264913
5 -30.95166469925691
6 39.132717964466345
7 -64.016381156762
8 4.426953108815491
9 -15.163697726614028
10 -53.21468650909027
11 16.292671474463123
12 -70.31985957706587
13 23.132744517921648
14 -110.68087496029943
15 18.8165323390913
16 -9.611595010534423
17 -21.263330467283104
18 52.749780418879325
19 -67.8618258933734
20 102.36528960968167
21 -21.676606409492255
22 34.322705885419516
23 20.12502443075679
24 -5.388903921531678
25 13.017930236863819
26 -26.846487222674742
27 -1.7180011607563295
28 -17.683448645752694
29 10.083749386305218
30 -6.525618677329272
31 -29.681748835509225
32 41.73649001776548
33 -43.06164073479971
34 -15.50510635052228
35 80.94767480671936
36 -83.1834939540826
37 61.65101736162944
38 -24.67184314438613
39 -23.396387135666576
40 7.035448303887987
41 -27.505819280834253
42 8.211634603831188
43 -28.6276428222928
44 -7.084007891347584
45 -0.024342333565258827
46 -77.13655230969493
47 53.17292896923979
48 -49.29312377618512
49 -8.558303537714671
50 -8.701487944779124
51 -65.94690333724675
52 -16.39407214038564
53 -70.14063193941276
54 -30.037845179731303
55 -24.803279226592807
56 -9.843249496838574
57 12.644632425746233
58 -14.029433513819418
59 17.900026956820934
60 -28.30524468439124
61 6.547922979440826
62 18.95660212942843
63 -41.19393895732618
64 65.87057202599188
65 -8.262489153501981
66 40.10171024369309
67 58.347453835318696
68 -13.965139825682146
69 84.56161679689657
70 36.23740098107862
71 -7.960705345794021
72 39.24720720294599
73 49.0705867749479
74 -37.4032626844936
75 10.977112342401142
76 35.914581232929926
77 -25.696434416052885
78 65.19572232601391
79 7.41846266736763
80 48.39387727155309
81 22.35967055100539
82 -0.5661924853480622
83 8.763119627093829
84 27.446902646611136
85 4.660253769853521
86 -5.8408472148904265
87 8.908511100898755
88 -2.5122046438687686
89 44.85127556535443
90 -45.14843600203067
91 -17.194421058250118
92 -18.171749136858907
93 -47.11528777594202
94 -9.721541133482395
95 -43.878284358446614
96 0.08368182331051471
97 -7.887642939701421
98 2.0571543095958673
99 9.265991760572385
100 -1.7178337268670465
101 -35.823699052816956
102 -16.065277045499215
103 -9.581630821934382
104 -41.83706879505236
105 -32.98211457291201
106 -45.499538791419745
107 -29.065399829797478
108 -9.180505754376492
109 -34.94906599340701
110 29.384931645026597
111 -16.75578531912442
112 30.90928339543303
113 -20.46127550668874
114 27.468597610693234
115 56.93534121566276
116 -43.0760095769259
117 75.50144093156862
118 -10.052482737556044
119 29.13169100434666
120 -37.53401797530041
121 42.08099732581676
122 -50.00167029128488
123 55.45250699522655
124 -21.071629330415487
125 12.313720054850279
126 -0.694506336115434
127 0.0
