0 0.0
1 -5.237918362619437
2 16.384585096880233
3 -21.795599982376064
4 25.660303135338026
5 -21.41572337045383
6 -2.109614411657571
7 15.255304223694075
8 -46.88430777895164
9 -35.76499525844416
10 -41.730450746921825
11 -40.2455138755541
12 -61.968425522171735
13 24.167469036767763
14 -52.69767602244319
15 -10.054849389077141
16 -48.73733808709025
17 6.855302374100459
18 -78.21962323075469
19 -39.83849709124279
20 -33.7235911132601
21 -57.73404714392984
22 -29.466698421574534
23 -53.575081159138456
24 0.6244494719242166
25 -48.442680639089815
26 24.547107414722717
27 -10.9643638051355
28 -35.00111200680518
29 56.38060816839267
30 -38.03250220617651
31 10.939824714090769
32 12.417004026347502
33 14.506213354254468
34 -27.99247012825379
35 41.19943373297206
36 -11.49020782948069
37 71.22625761245534
38 -4.5729043381630285
39 26.17449719121922
40 33.25990961431099
41 3.420699825577434
42 71.94818826287346
43 -4.933157056378701
44 72.19828597826323
45 -32.81057959210422
46 68.67145364354714
47 -20.065972333628437
48 35.250138760837515
49 -6.350403993573409
50 19.00169193130466
51 -3.797392038614585
52 -13.80907548264128
53 -20.797531425595974
54 -14.306746770193786
55 -7.44314412899742
56 -68.44374837065182
57 -17.800575287671155
58 -3.026447695743274
59 -33.64791706275675
60 44.625155317557514
61 -14.6933391847971
62 31.506352112302878
63 22.079933566992754
64 -25.272325745890996
65 35.00133649791001
66 -18.10298189105513
67 43.82380724655477
68 -35.41851061640308
69 43.90933243138799
70 -18.6077711195978
71 -14.24674281794057
72 28.500350332707963
73 -12.371131992699617
74 -32.439811622785776
75 26.332057688653162
76 -76.73274640243247
77 19.491200196064334
78 15.571635856438405
79 -36.16340461202013
80 10.310923052840284
81 -31.397551886322017
82 0.43948008143693346
83 -2.8181409743875516
84 0.23863212129169575
85 -21.81770897152413
86 36.046224365034725
87 -38.79127868484902
88 27.424396964931862
89 -22.096003630206173
90 -15.287927057610897
91 -8.748124172461107
92 -86.36592092154227
93 28.517303700632727
94 -109.49565181256152
95 18.826652799560115
96 -23.648132928356553
97 -21.687774120512806
98 29.349745624800462
99 -6.618009585928328
100 101.95678223680892
101 2.202374404943247
102 62.99714550794522
103 13.812917794417645
104 58.06780040740748
105 2.4980601486143024
106 41.395763458105385
107 34.867436483386705
108 -2.5303849285881053
109 42.81056262138611
110 -58.122134633172124
111 31.26724325522606
112 -81.25940683846285
113 48.615149834853284
114 -80.47306455646147
115 -1.6333222276518133
116 14.528046100519115
117 -45.35539092794118
118 57.67107262488415
119 -45.29938601083216
120 -9.536386372406481
121 46.76399139237184
122 -24.92950860545372
123 33.41604104064374
124 -6.390385763972584
125 16.080036646869893
126 -0.9460942965562747
127 0.0
