0 0.0
1 -6.00937050129243
2 13.432153026274708
3 -36.01440225658594
4 9.745394550232772
5 -43.20812952275385
6 -48.11882637372071
7 -13.208583976999073
8 -84.05277957242907
9 26.119321350590354
10 -92.41957284323938
11 -3.8271374635405913
12 -54.41143655688353
13 45.57888094591718
14 -86.7864921731607
15 51.66215458195431
16 -48.67229328223903
17 66.62236697869572
18 -24.631955753570754
19 27.64812311935689
20 -17.041963979529736
21 77.1236821554782
22 -1.2934600966263836
23 78.36414134137333
24 76.41442391871655
25 -57.791047725897656
26 131.0535146230675
27 -78.77432460720274
28 94.37107207432415
29 -47.18349412750535
30 100.18789708151142
31 -81.55326713246207
32 19.348203975387943
33 -27.947793172879845
34 -3.529145396397605
35 -7.500245515494184
36 35.29069269968409
37 6.064462366132919
38 9.958897780454796
39 1.7423315391133805
40 -21.36890504806126
41 20.687385437081247
42 -41.74108464473189
43 59.44249354452482
44 -39.962087846950546
45 53.643647799716305
46 -17.69993521428298
47 24.82060698329744
48 -19.166713087284734
49 7.6952356791516365
50 -26.514459474315508
51 28.745546494596184
52 -29.974305344207014
53 -17.048077785058183
54 -0.450155055150691
55 10.13674450888524
56 24.455232792000867
57 -42.22791742893651
58 65.53629042277001
59 -48.88152686571303
60 3.5121351243637826
61 -20.74536379534336
62 -20.610696545033573
63 -28.734967890778357
64 -31.45053262027973
65 -47.56520688248607
66 -1.5386802432892825
67 -65.13999613549932
68 -16.318030160792482
69 -23.522256584844076
70 -13.522841657797393
71 41.76055144360292
72 -59.01768529650679
73 38.95438293161222
74 -6.61759554785526
75 10.82526804195338
76 9.3641667153093
77 -6.251251364933092
78 60.3429865092194
79 27.926678418028292
80 -15.224497635678114
81 55.24946025246411
82 -75.45309083431943
83 37.44588994902754
84 -39.85677241764627
85 -19.856573046750505
86 49.625065856518894
87 -64.58978857324978
88 71.52458118260813
89 2.1672799591567387
90 0.5018300836724842
91 -12.119208861764642
92 14.065261162408206
93 -11.726877052138972
94 27.457479528601613
95 -1.7994043868015022
96 29.99821655382413
97 11.833396203889837
98 -55.68732330090921
99 49.347956535890184
100 -54.30216513616504
101 71.15770163125529
102 -17.90943476490722
103 30.275471802342246
104 -18.81976797497327
105 47.92684327191275
106 -39.93572067802955
107 43.83652717976325
108 66.03614719304332
109 -42.26846948098544
110 63.01050880589997
111 -33.2252694308702
112 25.443349510965742
113 -46.21491193122396
114 33.51031149005872
115 -19.607492922200816
116 -28.194393870007417
117 -0.5025740638482771
118 -26.16913804747242
119 18.61519397075382
120 -20.000711696020034
121 40.35096047126585
122 -23.206430024947984
123 25.126040289898054
124 -13.196367367502065
125 10.78853228193061
126 -1.3732285229968817
127 0.0
