0 0.0
1 -5.497659406804934
2 14.872887637467942
3 -27.77945531042785
4 0.3501592701176334
5 -35.58958651230152
6 -14.66246154276561
7 -44.48088485948495
8 -26.28539704690536
9 4.0263159332448115
10 -44.322815371689366
11 -0.8777920026940652
12 -77.14578830041837
13 40.667946653967434
14 -60.97243532498931
15 2.5093135459953477
16 10.438937421217855
17 -19.649521579052244
18 42.38361544714128
19 -34.754140120554545
20 27.767584033958418
21 -1.106721116309218
22 -24.013214702542005
23 41.32196433315726
24 -66.41648911060754
25 48.472293797969364
26 -32.18428555830985
27 16.840914911486873
28 -25.892519953095608
29 6.624917692295287
30 -46.600782490553314
31 -24.383123093365185
32 0.0739994907774303
33 -21.068106435772002
34 18.97796978144547
35 -99.17703613749032
36 72.94367391822288
37 -101.179988913966
38 -8.960208201385184
39 -34.343820506101586
40 -33.784678228871435
41 26.667736172459325
42 -39.69232694647211
43 4.015913633857794
44 34.32915060253493
45 -49.77595257391539
46 46.536243807365175
47 -31.21726269068117
48 22.855090731911154
49 19.219040101746582
50 -30.84774736713232
51 34.38803900229391
52 -14.6293843368069
53 67.3941613486316
54 27.828496039192068
55 50.093887388286745
56 -10.494639949325187
57 37.19762831568814
58 -51.26509257007341
59 29.101853493660094
60 -13.940019234098562
61 41.747901123225105
62 -21.67450074372513
63 38.29239313348828
64 -11.488979751325974
65 4.950197659608686
66 14.925481584334952
67 -25.70288717207767
68 -28.46345040130633
69 15.628338363808613
70 1.5493126404027173
71 -32.86537487235679
72 35.48739630626968
73 -38.202941757229645
74 33.048221496855014
75 -27.339804643442353
76 -20.53729640255899
77 19.947421354733972
78 23.46091614299478
79 -34.94540646366492
80 12.270410463986792
81 8.989393124663167
82 -45.11455021450957
83 17.418387419989575
84 -35.353367589154445
85 16.75836968325752
86 -15.412079837856558
87 -5.551679810343873
88 64.09227921878187
89 -73.0581387178963
90 63.284380285378234
91 0.9322432205794614
92 7.067196763533666
93 35.2874892768117
94 -40.411040147901204
95 24.488603954073547
96 -59.462375422691395
97 1.9091402758373002
98 -7.725970426542705
99 -25.120713849403746
100 40.45126751285375
101 -92.60053263504706
102 69.34347152922892
103 -69.57416376684807
104 24.15413016769493
105 -33.45410972975222
106 5.677413871875834
107 11.38084811467948
108 -92.2049927985932
109 38.85315898132647
110 -82.4894612939155
111 30.355049720437233
112 -35.08211468825568
113 9.121855317901531
114 -11.62724145811592
115 62.55212236703853
116 -58.34458847699042
117 100.79238299032437
118 -16.96257091328561
119 71.01960758495055
120 3.440734291035588
121 74.61823931816798
122 -4.847246062273317
123 39.74191208439482
124 6.56282704093053
125 10.27381386832253
126 0.8378891023827941
127 0.0
