0 0.0
1 -5.08143533480007
2 18.14499684130058
3 -35.57581053291377
4 16.789995978396732
5 -20.156674269240895
6 -20.974002170427145
7 -10.712092839199247
8 2.31150647140406
9 -46.07611752263148
10 -26.649024111807826
11 -34.55399916223582
12 -33.11725156107592
13 -36.231551538974465
14 -1.9921302622544375
15 -50.04350146008494
16 -27.45668915245237
17 62.910570622906384
18 -82.19592906140096
19 112.739135333485
20 -49.274674260434935
21 41.98776336443827
22 -26.26453424260486
23 7.965420278402571
24 16.155987220072202
25 -75.4278374461231
26 59.975728768122785
27 -55.76363396359685
28 13.662838134197232
29 -12.33209833020493
30 27.665603094684702
31 -24.601960490563677
32 7.450294798792623
33 8.789671718928844
34 -4.646208193839929
35 37.124732659744225
36 -14.566235456706146
37 23.422182610809404
38 -5.37385687898167
39 13.517492995853662
40 -37.63627720289823
41 26.454875892035712
42 -76.73385615119412
43 -19.071126801328298
44 -34.17051483014707
45 3.6199051848647197
46 -32.96789042748848
47 -11.651370435542782
48 38.98981529396904
49 -18.185791432066132
50 22.424352426697055
51 8.957036432587795
52 -1.5372679675956558
53 -11.025186281081
54 31.705409578196413
55 -18.182813877319067
56 15.630914738041842
57 15.776140840557767
58 -23.725564652927336
59 20.44332935807181
60 1.5975288272704167
61 -2.1889452940835024
62 29.758434572982335
63 -20.5623492108983
64 22.9735938321074
65 -18.335799992409743
66 23.657419802280028
67 -31.72710311814688
68 46.72526573340836
69 -33.41836188488199
70 -19.60622575738732
71 54.04205456304518
72 -77.74898966202637
73 85.56958653525774
74 -19.3652847563951
75 9.229887873207126
76 27.9158459678766
77 38.63465216768776
78 12.623264625914778
79 42.60680233125281
80 13.78440253982285
81 -28.799827887715363
82 24.860797568894295
83 -24.334198065164177
84 -12.982345707088069
85 21.525514715524842
86 -4.434592275308346
87 -9.399197433026968
88 6.511029893656538
89 -29.330447933719554
90 12.569240863864866
91 -53.3425849678866
92 46.59615948718878
93 -16.61364513890375
94 -23.109518935032664
95 -4.030187654702648
96 -38.43378376906362
97 10.95543997784693
98 -32.20689905325282
99 -25.47134545256563
100 3.954376031802985
101 -22.9063554687751
102 0.1791036476570423
103 30.056217181031496
104 -60.91292937978853
105 9.190957394851246
106 -16.040971725752264
107 -43.7474472969504
108 28.242911452681593
109 -57.1661502851392
110 3.208429453045089
111 -12.99880706079525
112 -14.578193344673151
113 26.147318687807307
114 15.081438770892717
115 48.606280788886544
116 -10.880935874750651
117 26.999667202404293
118 -34.745117858518654
119 67.3616950376905
120 -70.87625698959702
121 67.80872375867976
122 -18.34682220461217
123 34.791344741364846
124 -11.394787490862624
125 14.497741903722885
126 -0.6665839777342973
127 0.0
