0 0.0
1 -6.660119697247843
2 14.301523218477316
3 -23.115762847125374
4 -4.974798498596028
5 -10.084773249307174
6 -32.20898110745096
7 12.971715929436831
8 -68.12726023684395
9 95.78756391760238
10 -89.95148403254481
11 80.36763947745969
12 -62.06772380392961
13 28.8586651932532
14 7.0571170094364515
15 -34.22437195224781
16 29.40136550934212
17 -8.632287236015584
18 24.203767560650284
19 23.454859456830597
20 -4.908021954162186
21 31.445445964308337
22 -25.536223270373323
23 -29.562252495527375
24 -42.29091746762559
25 -35.58198745738314
26 -67.76022950417092
27 -3.4622391346802086
28 -14.428466795677151
29 -25.247356323448592
30 17.744932986580658
31 -13.905562459010639
32 -4.860459217932433
33 31.35028272705377
34 -1.9377775878837593
35 27.296803532195682
36 9.655076062310926
37 -17.431095777745437
38 49.434416981222505
39 -4.3141819353403505
40 42.891943428202815
41 -0.8034487767412392
42 19.42010764360736
43 17.31919336426911
44 -21.715734998963377
45 -39.81124881030979
46 39.76327094721356
47 -56.53464499803661
48 -8.382078341507688
49 -29.1917526370541
50 -10.523127932962623
51 -20.36883134485196
52 15.632161917105975
53 15.117479802447553
54 -38.077526588644645
55 -26.310452992145375
56 -8.291040516576345
57 -10.078653671697461
58 -58.676391625401685
59 89.41866953405551
60 -62.343165398106066
61 68.9400657244256
62 -19.903331100507145
63 27.985666067340855
64 0.4568838220999239
65 -14.644939913647088
66 62.0326100520295
67 -32.653590769057764
68 54.230673689431775
69 -6.620498782220922
70 22.193424352971327
71 51.837885069384185
72 -10.238720860630032
73 27.26131834750916
74 5.498171451780919
75 -19.64472081580624
76 10.93658416805278
77 -26.171189310980697
78 -13.660376952092577
79 -49.049799635188364
80 38.42985066157124
81 -74.57927046140026
82 28.687993278504553
83 -42.916055517962036
84 23.83184743774597
85 -16.959549316403404
86 6.640945353327767
87 4.292761542720628
88 -36.68813189950537
89 19.19944678295623
90 -58.97812628453992
91 46.33943726028701
92 -73.20276710281661
93 37.632285965618614
94 -31.85940248445769
95 2.3181697482543484
96 -45.23550635231633
97 5.456151536075791
98 -30.6464852682747
99 -36.32271646058184
100 26.26247594229772
101 -36.84303163193321
102 22.464268232585813
103 32.39892103477138
104 -7.2053282025495315
105 14.680000048062627
106 -6.381051068690608
107 -1.2124519364166826
108 -51.14902393399992
109 28.76243592345634
110 -3.5943583321590897
111 -41.307778233156384
112 20.13925489489796
113 -23.146885560151926
114 -5.289990011584056
115 46.645131177170256
116 -33.21874238251597
117 98.20609512296966
118 -22.634913482626565
119 66.97007112442107
120 -20.20252832012483
121 40.23102535189214
122 -7.958369921428594
123 29.01506399749717
124 9.460570749799663
125 4.115824578892505
126 2.5572402983152487
127 -0.0
