0 0.0
1 -3.539524795266825
2 10.53882146603449
3 -17.31431740324681
4 14.523533410677484
5 -67.76458097937822
6 43.16007611598386
7 -103.30490189495686
8 21.796466744568196
9 -26.407489993979794
10 -32.88924967397892
11 -15.964973673236008
12 -73.77245669146853
13 -9.019068719941055
14 -97.710540018348
15 -5.963571816502195
16 -80.76944055272759
17 15.58770969964165
18 -81.65173877295739
19 2.8608820604396406
20 -58.349543714720866
21 59.64936473696674
22 -93.4035639850933
23 66.96385259835223
24 -42.854045368871205
25 49.91200717494434
26 5.975164695269182
27 4.170134014358093
28 55.23848697569557
29 -44.07574538978847
30 53.342651002098094
31 -17.449814569365284
32 8.838331180800324
33 9.868039639018994
34 -2.8986991620329534
35 -12.651914696524141
36 22.33101748739514
37 -9.003725548189625
38 -8.467875211580068
39 0.4180673829498753
40 8.031669562091782
41 1.9851554124842343
42 30.149005007241605
43 -5.3945717943906875
44 15.24876301557222
45 6.413485862843321
46 -30.35562579718271
47 -7.29898875081736
48 -42.27293152599984
49 48.67684577206189
50 -58.591195929718126
51 -4.667312589435447
52 -30.886179335711446
53 -26.79973151159291
54 -32.05133455598464
55 -11.190292188422696
56 1.3627346945878405
57 -21.148680745222755
58 75.43530060623081
59 -98.38206953136056
60 52.76813728763678
61 -50.79530414832345
62 23.698487165669047
63 16.956158873869324
64 -28.867658043996006
65 23.320693733780825
66 -14.491065592619913
67 4.549651504371202
68 -8.63916816435402
69 -11.864673925523721
70 -21.751228868201217
71 -35.24070801186071
72 15.799714164190476
73 -65.24976938817757
74 10.011140765268621
75 -4.802848850202421
76 0.5821710580270221
77 15.417984526777785
78 -7.604815358872655
79 80.55386211881108
80 -33.35242804848702
81 45.19955023344794
82 52.83300594530877
83 11.297471818336586
84 -5.135794188852426
85 -18.232717629103604
86 -15.146943039833785
87 10.491031057152208
88 -15.212559519413064
89 43.38145164073908
90 -22.16394603312036
91 -48.38541236984945
92 78.16262344928663
93 -60.194479461682654
94 79.23273351176961
95 -45.592493863286016
96 26.656660265118493
97 -40.66264391778895
98 1.4747030370770364
99 36.02299131775349
100 -35.74927292893845
101 67.91889438245572
102 -98.93217300132581
103 119.87687611105393
104 -82.17989484260309
105 72.66034708496976
106 -4.696795115614095
107 -36.08038437907588
108 65.04737393927569
109 -25.71226261754059
110 77.9621190516317
111 7.882826986772668
112 5.711041718829437
113 15.294058634115506
114 4.5211123591832
115 31.05205996675066
116 -24.342849612478528
117 13.87919682356722
118 -20.27139298002309
119 24.048752940037218
120 -21.750677758055303
121 11.98733512550074
122 26.566965958514512
123 14.606740897995731
124 4.930367275214049
125 13.149910942414007
126 -1.1914674303805308
127 0.0
