0 0.0
1 -5.159292006684082
2 15.644367738991795
3 -28.752344045867233
4 22.7393900361548
5 -80.22536984878744
6 45.493792138522636
7 -65.83435903413859
8 -5.286211547675992
9 -22.774197474667464
10 -63.023303813864985
11 21.617552363833852
12 -66.90003045038081
13 33.955656857927764
14 -58.718115719272916
15 6.816276795738633
16 -27.847023724299113
17 33.94515252687816
18 -46.48911610715382
19 64.1182371721203
20 -40.231839353576284
21 28.904635447360242
22 1.6412583985908686
23 9.0363573710123
24 13.212564160912311
25 4.5963682869521785
26 21.916711632526916
27 -52.325839737941536
28 75.23227056925457
29 -54.78177541469907
30 69.4523503739353
31 -21.185155520690138
32 25.44010901027961
33 28.105105279113793
34 -1.2713928437102018
35 41.519878203434686
36 -40.53339053438611
37 78.7222722405312
38 -43.98061891915311
39 50.630345440626215
40 -45.33942729845356
41 49.27354406723041
42 -43.35515836439569
43 -58.49784268148857
44 12.983719339566337
45 -71.23596483482874
46 19.032220969345953
47 -3.6753161585954666
48 -37.77445711489423
49 -10.341982704444533
50 -16.159420986099995
51 -44.11703269275447
52 -30.548552133375505
53 4.085941691958003
54 -22.889970402082234
55 -36.709269004705355
56 35.45422919436158
57 -51.462420952251755
58 64.19038526987399
59 16.6773510333431
60 64.55754674568131
61 -6.418449584560794
62 44.23991789687018
63 44.167092993955265
64 -34.95070922097827
65 69.62522532081549
66 -35.49453744513735
67 4.220414066604349
68 -15.807963398937902
69 -13.646280927099262
70 -6.655678903886844
71 -20.88479501544742
72 -16.788322575214515
73 -19.43187696849945
74 -25.942593218647467
75 27.080760799205486
76 -65.91238316080661
77 41.21100041068886
78 -44.49800152924069
79 27.236409238109516
80 8.112355857866815
81 -9.222973496530432
82 19.904772832723708
83 16.5789501103279
84 38.41937569241138
85 -51.5488263448867
86 46.138613414815836
87 -15.76922285205791
88 24.611810455968623
89 -13.27778752743398
90 31.743556164781324
91 -15.446822536695683
92 7.962464930364057
93 -56.917095087973195
94 39.01507739633124
95 -32.73478238678187
96 15.627500759158062
97 73.41395559911352
98 -101.69239247995549
99 82.50308970710444
100 -80.86179330200233
101 -10.86612875655415
102 11.915094686631878
103 -44.78927269713957
104 33.0110044293639
105 -54.92449851210888
106 17.438406047396192
107 -44.59294413847803
108 -13.392376029004776
109 -54.94099226496694
110 17.62329964314768
111 -63.56652026567788
112 -15.661071487798607
113 -32.08506827053231
114 -52.07303569238365
115 36.44420733953671
116 -43.43003493861551
117 63.857842225804596
118 -33.93359416948484
119 84.45981328729353
120 -10.71475877824446
121 46.77372067043542
122 -19.464254718715065
123 42.06643813300407
124 -12.085006510894127
125 20.308946785630738
126 -0.6617376049360423
127 0.0
