0 0.0
1 -4.02907376026597
2 5.7510218573121135
3 -7.589808318329077
4 -27.363843474986368
5 0.6502139199652589
6 -26.747151076988448
7 -3.4901017226755213
8 -20.26274858235269
9 -23.057839103646113
10 18.70279546553731
11 -10.276275698917825
12 28.032254282662674
13 -42.34962303453639
14 88.60394604432254
15 -110.7664304836781
16 59.93256124098445
17 -99.80791084914675
18 38.987713997022475
19 -28.285967415064
20 -65.69915824404288
21 82.98171874632136
22 -118.65881373414246
23 94.25629511079117
24 -85.57504943183555
25 42.20055016451186
26 -32.65591686953329
27 12.358699639061985
28 -2.091073888018276
29 24.064600900937123
30 -18.2141659372725
31 28.247946609639207
32 -6.594446678079006
33 25.324448581573495
34 -16.714706732590738
35 -33.35394237334282
36 8.97024227674197
37 11.873569747332546
38 44.99783374728623
39 -36.01571819098721
40 62.7388562049797
41 -8.373561072018829
42 -10.127918570524459
43 18.152975438637704
44 -8.455198196938246
45 34.35093752470678
46 1.6617843891041075
47 31.208381205768937
48 16.191974580649287
49 2.7715640872558964
50 -18.17060632649137
51 -6.775603364882922
52 -13.290114903704689
53 -47.57463656311471
54 12.431422854734945
55 -55.89472088663906
56 32.1507894539353
57 -15.636785514547336
58 -22.45421413195633
59 -6.483008091971688
60 13.267482161330047
61 22.64493329533263
62 -29.81749233745953
63 35.54684812628323
64 -34.23783829693906
65 23.143069657653086
66 -20.098291846846163
67 -19.398208642827186
68 -26.44003388352833
69 -55.14804576787884
70 31.10661488685732
71 -89.42247286240965
72 69.40965423564278
73 -27.59862111072096
74 -1.811739496564516
75 39.04319097480503
76 -11.228217151924355
77 31.731124109281748
78 -12.972235371906125
79 33.34458164748162
80 -15.192258396877117
81 3.571260881709812
82 -27.12676341943658
83 35.59670120234917
84 -23.974418385447976
85 3.271463639474513
86 -1.9477103880949707
87 9.342787797631834
88 1.5264250875099672
89 -9.139664837083746
90 4.739754284916036
91 -57.27261291256001
92 -8.036535810131925
93 -47.00595013884418
94 12.816361230461137
95 -56.13111386630959
96 41.45806053481106
97 18.224192561718624
98 -34.39969849869578
99 32.83587782972377
100 -17.480203561352198
101 0.32572555137170855
102 32.71525075860868
103 -53.4943866404521
104 -6.7355461641087
105 24.607063027784147
106 -66.23535613277024
107 21.770440781328052
108 -14.931429321400321
109 0.3373870244048356
110 -6.4356893517740215
111 13.706924425728262
112 -23.4313477834279
113 48.15783024220354
114 -17.19452377509755
115 18.046593973457615
116 32.13882026381353
117 26.727150728869635
118 23.19134783699209
119 43.22441893174541
120 9.368699582473369
121 53.39936553026103
122 0.6188713083046846
123 20.33092150172656
124 6.6138394637149425
125 3.360872643734304
126 0.10685742580908751
127 0.0
