0 0.0
1 -5.467110510900291
2 13.691733727689593
3 -14.475843854112737
4 7.382147055442748
5 -22.72195576924727
6 -15.113925704483353
7 -35.80828640791131
8 0.5791505164533572
9 -22.607402076871264
10 -33.824337939305266
11 23.59015979408062
12 -17.600452209772733
13 -0.935715168810948
14 -25.19958988266296
15 33.951524373408304
16 -43.15514151501467
17 0.580486796874014
18 -31.844496051833495
19 0.16863050755436274
20 -10.779390078590241
21 5.949974352643538
22 -4.599280558256023
23 -13.174477567041302
24 -33.1390612860557
25 -35.700474690269566
26 -28.676133424282344
27 -11.018056931251241
28 -28.754889108708955
29 17.07141016703559
30 -89.02575497904489
31 21.566588044443748
32 -50.5111936215482
33 -15.004948686774407
34 -25.134353063928124
35 8.762503843371492
36 11.097062142340617
37 24.427128201168095
38 23.090580678910353
39 -1.3299397169542602
40 73.0587063369033
41 7.284957762051492
42 51.113681719480745
43 34.734059118489455
44 -24.0719153492518
45 -34.66746402774197
46 26.298084337874084
47 -74.55316273041399
48 47.13651341091952
49 -27.833124349157767
50 28.2889969923899
51 -3.347981037968446
52 -25.169530948226303
53 0.06784323792070529
54 19.71274863023662
55 13.418052048034218
56 29.0805109639454
57 20.885311818637188
58 -23.77019579476662
59 35.50522788486756
60 -27.343969440996535
61 40.73888488827781
62 7.478639831071486
63 3.6804683840309966
64 -40.452268376085044
65 20.801448520850894
66 16.103726277508926
67 -35.53912892657388
68 57.74987492613262
69 -21.01861704826944
70 24.23377779345657
71 16.58867034423947
72 -15.294018676956213
73 -37.74542696885356
74 -1.3613732355473775
75 -18.551725106199005
76 11.334047392654186
77 23.842716392717247
78 -1.2300775599128402
79 21.74636781295808
80 15.582007864098049
81 -32.68889658100792
82 43.99024434381064
83 -33.3110955167153
84 28.07912070948606
85 -9.023384310202925
86 -8.298421157502377
87 27.713940972187643
88 -27.708653456489273
89 48.41619989418679
90 -55.18971338422433
91 50.390204430762516
92 -39.62046200377028
93 24.305975588936956
94 -46.37757327935849
95 41.28868058346555
96 -58.79106465955031
97 11.1469081296606
98 -24.142712591722162
99 -12.133384401182884
100 26.39380415093017
101 -47.939127636973176
102 38.7690597042159
103 -47.86155797230719
104 46.315761680029354
105 -22.156823936567367
106 33.84337349660226
107 7.514971688142473
108 19.067173180842488
109 -10.377078305432848
110 12.952279342661056
111 28.99729487876541
112 -4.144565203001557
113 1.6635347633639708
114 -0.22159820966022423
115 -29.510799378565405
116 -17.577877396040446
117 -1.6280509467276871
118 -36.76383032081487
119 43.98548543551684
120 -73.48711326029134
121 80.0224373547882
122 -64.877121948496
123 27.439196730949966
124 -12.167563998539856
125 10.991426567882526
126 1.372182456113234
127 0.0
