0 0.0
1 -5.301694671158112
2 12.545949311292961
3 -22.064273966830076
4 22.134749613432525
5 -43.59727694809234
6 8.279265405464097
7 -45.143772551926745
8 -34.96664857755449
9 41.409949850768434
10 -72.76372147335539
11 -4.465937778851479
12 -28.528123665814718
13 -13.44242039504569
14 -44.150634862344305
15 32.43908135217244
16 -40.80325129971042
17 -9.311073986565724
18 -29.94075386444116
19 35.15793931892532
20 -9.622383232946706
21 1.3026585203104706
22 -11.376722180986988
23 25.23682078193118
24 0.9874723652807617
25 -7.257978651462874
26 41.08685535899114
27 28.436193017061317
28 30.21200050516102
29 27.003553738103037
30 16.874825197530072
31 17.73118177540313
32 53.1234119913638
33 -16.337558629180805
34 48.72981277421561
35 -23.426549307287114
36 35.09335202556803
37 -3.6198988641659797
38 9.924698517646487
39 -18.276730754928806
40 -9.543280956105805
41 -19.262178420421083
42 -40.21531831305159
43 -8.231256430718739
44 -47.970274188968084
45 -19.255007277210886
46 -8.586828401839346
47 -12.795261562555567
48 -0.7906475960828159
49 -8.248168400197859
50 -6.309399604408055
51 66.65164739660798
52 -83.5747311661661
53 56.942820064006895
54 -46.94963299332131
55 39.5766173787089
56 -41.47497041576182
57 15.467034919235022
58 24.255927936448497
59 -25.60842898960973
60 21.89289869912244
61 -5.904637496451412
62 -20.282663630139336
63 31.105733362117697
64 -29.679348142788566
65 0.13430348008480514
66 27.157069569275134
67 -16.229712443476647
68 42.78946068548223
69 -49.842625903242464
70 65.05323822423634
71 -11.289860789768982
72 42.13634285157444
73 17.239650309032235
74 18.311297967030367
75 9.174634722700983
76 -3.6785142716361996
77 1.2969735161424085
78 -14.714056160314025
79 -0.39422612737872326
80 -21.910714044445907
81 -12.3239957758301
82 7.8392198145491845
83 -11.341102439319087
84 -28.111891225875393
85 15.758904967443145
86 -17.47552552187582
87 -8.214139399319455
88 -28.280516268603186
89 11.225880502792652
90 -13.982973439679464
91 -17.39094807541205
92 19.914859646689283
93 -10.505688146638972
94 4.419031510851246
95 39.08784253284115
96 -32.78735777799211
97 -0.4731983926758089
98 17.535637849261985
99 -59.995984827811725
100 15.28733974846115
101 -26.526710087579268
102 10.916727010330666
103 -34.13151840575878
104 33.39878229346702
105 -54.37957116500087
106 53.287723502070804
107 16.236030865648424
108 -16.796669727040943
109 64.52725228375077
110 -31.687837377577754
111 44.43082358699867
112 1.7381416844340627
113 26.09107504136577
114 -41.12739234743154
115 30.26328567403806
116 -50.67726051877055
117 44.398574537203515
118 -71.49783046107127
119 84.02832823386514
120 -45.00893792382134
121 3.926009446583199
122 9.490431604508231
123 -1.8876088021261503
124 -0.8137835449891563
125 9.669964860146521
126 -0.8716166449646643
127 0.0
