0 0.0
1 -6.1559028640740205
2 12.742276095678356
3 -30.093698541357174
4 3.2386577070666562
5 -18.953263757550005
6 -19.37776849547409
7 -32.52843013658059
8 -27.934357899748495
9 -56.612765682592205
10 13.960965911429914
11 2.2246919111923438
12 -44.67735716874984
13 30.17971712325001
14 -41.50876928306518
15 1.7363957221318116
16 -38.16125721515692
17 61.88547166540941
18 -57.274297824766016
19 56.067065711154044
20 -61.191655269296845
21 51.73264508604297
22 -13.319902952850942
23 -19.439484598663658
24 89.2965997194927
25 -74.18424446675725
26 58.6254698755221
27 -26.70547123761469
28 2.0983081276267663
29 22.34861851038377
30 -41.26645677618862
31 13.28887726932734
32 -20.195930115689926
33 -7.48498349123189
34 -29.085360658464168
35 3.0557674064319094
36 9.831566336333049
37 -9.07991023692067
38 -30.298611583479804
39 53.18931377413838
40 -8.17413903993085
41 -28.134716449865785
42 91.8395663868425
43 -64.92547462374145
44 101.74833290898552
45 -21.71585437437355
46 23.22668182884289
47 64.89991540699941
48 -30.244174071811123
49 29.23178006680465
50 6.523996861977391
51 20.87424941603039
52 -1.2397431280403781
53 -4.845348381541933
54 -16.08818069182161
55 25.05294269030018
56 -0.8735598906627658
57 16.186063033046583
58 22.660023240689856
59 1.041875155036081
60 -4.721045093961161
61 -1.9401254426525028
62 -10.95471665317828
63 -10.922952027610961
64 -7.123832814827052
65 -1.6119327856508647
66 -35.31040376699989
67 20.644957737648454
68 -5.968296782150607
69 13.253436045196318
70 24.92964758039176
71 -4.830357213357882
72 -10.32194068827378
73 -60.0641395961276
74 17.478975769620583
75 -8.086658945214335
76 -3.0919098805455376
77 -71.40155707348944
78 0.7254521213607389
79 -12.451236352749287
80 -24.70201246506189
81 -10.266708598020784
82 23.18016184422963
83 -10.756408993145017
84 -0.44015453244842107
85 3.566389340719816
86 -29.929260760086457
87 -20.0154191182373
88 -31.071306358995358
89 -18.842781963295
90 -20.785613268182303
91 -12.721070965954405
92 -29.69672902252529
93 25.211654577219786
94 -43.00259925773325
95 0.25783918858289756
96 -14.132076979078482
97 -11.523080548120856
98 -55.64151698959804
99 30.289981601319422
100 13.002771769605483
101 18.54395562097052
102 72.59464192696372
103 13.798963490321123
104 77.91846767520231
105 40.57661607802974
106 45.47539333626501
107 50.37961100258691
108 32.16906681743951
109 -16.080777669058115
110 47.45268492458652
111 -66.68670086073595
112 -15.745143576225518
113 6.9612779618559095
114 -51.38358283178246
115 44.45970108526748
116 -58.52439955053544
117 62.58702088126371
118 -65.30507742818943
119 81.32894151967459
120 -57.9660348115939
121 68.95390474273351
122 -32.99047245069518
123 35.83137956232168
124 -2.888311890559066
125 4.268553640336247
126 0.484421562603908
127 0.0
