0 0.0
1 -6.09803833217805
2 20.047861373138304
3 -35.33302439591958
4 7.783263038553679
5 -16.077222575057807
6 -21.56916359573101
7 5.771352859591119
8 -75.83009857234337
9 61.23394661072516
10 -121.26906414841754
11 59.71138650244898
12 -72.92912394979099
13 -13.033715050580453
14 -31.460511146480435
15 -19.549249448004932
16 -22.870805125492076
17 -20.756518012066557
18 44.29677183882845
19 -30.277952327975054
20 56.25029702196673
21 -16.174130192324117
22 65.96986956483421
23 17.664985852350956
24 5.720446856173931
25 19.592728769461882
26 17.144894779961948
27 -4.0226760723590065
28 -7.41805184261326
29 15.30368204999067
30 -15.53162771897512
31 74.34313606503545
32 -8.785301549928276
33 62.06970498301198
34 -32.15376661063791
35 62.03451352160165
36 -11.84460503765565
37 22.98015234285888
38 -5.4058763588342575
39 -25.010603339911178
40 43.83894745517726
41 -60.045174403217956
42 18.359033490383883
43 -62.74957773184215
44 -22.69109416881966
45 -45.70455947963219
46 -43.82613013142527
47 10.614634078314634
48 -95.83774010128951
49 64.26525768992381
50 -50.36777439216662
51 30.684194003257108
52 -5.277528972924839
53 5.857650948195287
54 40.769911952733835
55 -25.918886490785276
56 68.81635868807167
57 -87.14199106880017
58 80.62258492439801
59 -47.37456928380189
60 12.302153265283152
61 23.921227602171502
62 -61.52723203803586
63 58.371525783883364
64 -89.3619012036465
65 17.563168889437925
66 -46.42591080797268
67 4.1449243349874925
68 32.56778910223629
69 -52.647833506528315
70 31.970672399503282
71 -25.854019537893322
72 42.61966330737571
73 -28.818307818578578
74 9.679503483469313
75 14.47199599970776
76 19.374481263868923
77 3.159890627130627
78 41.53520412031954
79 -2.622877606731863
80 41.045461521121354
81 6.557412429225626
82 34.756102023062006
83 13.74607378177106
84 1.062520398226029
85 22.386305752438727
86 -7.979025851815004
87 44.56719428571829
88 -43.159909627313844
89 19.6988076186329
90 -22.86291148646073
91 -6.3774688773133335
92 -46.17958023223717
93 -18.198359292731855
94 -24.147842725773256
95 -67.82686642429373
96 21.054973835437398
97 -38.29252133692128
98 4.26456895944103
99 -0.8874930747267764
100 -37.48716341957155
101 11.433427714605136
102 -34.66216194234343
103 12.670855403239736
104 -40.222441236545485
105 -15.327365709016457
106 15.362186884783165
107 -14.12520663318575
108 25.93616016262322
109 -41.364217846015904
110 41.33252602673281
111 -3.0807746931150843
112 15.546413459931244
113 15.97173099762235
114 -3.057342414880393
115 23.472264139825672
116 -25.76514043630349
117 31.67927222275441
118 -33.10083188814079
119 49.447186131637196
120 -46.824603189465876
121 62.64682963312645
122 -40.78897102273111
123 42.335186567045206
124 -14.82282847904713
125 8.67430997374304
126 0.6827333467148358
127 0.0
