0 0.0
1 -4.391286982644252
2 11.373764266612975
3 -18.981367287554583
4 11.065123100396704
5 -20.530095857312446
6 15.881399114659796
7 -25.830200987501296
8 -13.405364346614931
9 -4.287953191496276
10 -46.25678438883721
11 22.22356643497094
12 -23.480753991453568
13 24.535257441357828
14 -4.11768153515837
15 31.41250168595143
16 -35.67084466051852
17 53.14484509010863
18 -25.516915128715766
19 38.18488604070867
20 -11.992240419819943
21 4.607627945378157
22 -26.989047131735447
23 41.51441841797381
24 -46.46698370910265
25 7.895040597968966
26 -36.19992137143404
27 -22.453004759514904
28 9.061183027744764
29 -63.51997155818477
30 40.46581772402026
31 -85.46417619332581
32 32.086451853107924
33 -38.464136042494864
34 53.481851877842296
35 -41.07881009464831
36 16.928814818781134
37 -12.433976405316487
38 -22.126009181567802
39 -2.7610975491034893
40 -24.16507044275873
41 -31.20609769048117
42 -0.23195987255641687
43 -9.875547187611936
44 15.132753636869387
45 61.188660477098665
46 9.120261475211514
47 72.08293612182378
48 -38.85508179583521
49 43.21295383360159
50 -5.299213196615963
51 28.949643503570833
52 20.050969853139787
53 -10.666175943468078
54 41.2568595403533
55 -43.386453621066124
56 38.43302884886763
57 -17.942645802528585
58 -4.414790741696523
59 -15.361188083324317
60 -58.53166681367907
61 46.387936896573386
62 -139.79799275993858
63 61.06694523076877
64 -68.9157244191222
65 -9.286580488039595
66 14.845428721429652
67 -49.876938612670024
68 35.002496570498415
69 -31.88057316356574
70 47.5624527650158
71 -4.579086167934669
72 10.284334126207098
73 23.541567357951497
74 -0.1779090593592779
75 19.99738259312714
76 -16.800813309441327
77 29.77848294961761
78 -21.847400718366963
79 9.77421537008099
80 -4.032535593735445
81 -42.80780215580517
82 18.629287571559445
83 -14.126798946681
84 -16.94277766740944
85 16.572464023843583
86 34.78668600730589
87 -46.8212062644298
88 42.729249893864825
89 -77.0174654511602
90 90.30844830041278
91 -65.06552477823179
92 67.19630099303232
93 14.374229519359568
94 -16.494721961973635
95 48.097227551629466
96 -34.774779343041594
97 0.20738410612418265
98 -10.109682809811131
99 37.546546936608294
100 -65.66307828368336
101 54.19094965876779
102 -53.796956473538415
103 16.39906937549381
104 -29.166303733914823
105 4.197757220818192
106 5.595143961671464
107 -15.884963607412324
108 15.381480960290938
109 -9.05520342663951
110 5.3276519609821955
111 28.596942099306315
112 -16.366061252841977
113 5.909001446576976
114 -2.331540357491996
115 28.278702749055434
116 -34.253837208218584
117 17.928863094737505
118 36.42714006586946
119 0.9442299162644294
120 -19.843876888655135
121 44.998341349427086
122 -35.44623955938105
123 34.681610457897214
124 -12.26728220504101
125 3.905535701592338
126 0.5129192659863742
127 0.0
