0 0.0
1 -5.8217415155041525
2 15.313723957479159
3 -32.90660351717393
4 28.233111131102078
5 -43.095872267210716
6 27.493243749904494
7 -28.101272274883904
8 6.117988336567333
9 49.27920573147164
10 -29.03549345962027
11 36.23784919924644
12 -41.710059894349804
13 68.09373772781484
14 -50.43246460200821
15 68.15669496881424
16 -54.875050077308956
17 33.43799900964515
18 -34.63206572903581
19 31.44842401272839
20 -59.36690513657153
21 -28.88684461652242
22 -39.0080566114147
23 -82.92908496851592
24 -32.675553090131594
25 -68.57819278905481
26 -49.488664690174616
27 -13.776330829203676
28 -66.72464336434597
29 3.9178118713380914
30 -34.366855189717654
31 -38.52293410732262
32 -2.9000443801861273
33 -28.195174160403962
34 22.50972058337757
35 -8.473872627186775
36 -2.6556394198436126
37 -13.698156718285235
38 74.15756977998507
39 -49.44170213595789
40 57.346468439875814
41 -8.724296898971762
42 -8.692691668706496
43 -21.695893065321815
44 3.566642212065787
45 -8.76895664897711
46 -3.608524180923555
47 39.909209145535954
48 -3.295869161029537
49 31.553111867054625
50 28.370430243949667
51 -22.536100084939896
52 8.696012127554756
53 -38.32457972683844
54 25.924786452600127
55 -14.980137377630928
56 -23.852086771356685
57 69.18245406659045
58 -53.9200046132274
59 38.44499246926648
60 -30.810462595062262
61 -6.01994170730317
62 24.012033695229594
63 3.5890012766023367
64 -22.428718944182986
65 83.42262216180518
66 -68.90636493270537
67 31.776412918352122
68 16.151486363760846
69 -25.90995027884903
70 33.96537441333423
71 -79.11000017513416
72 37.82873680934918
73 -74.04785674552637
74 59.74212471741215
75 -40.744857499630264
76 21.161418790932437
77 31.179576037106596
78 -28.920520572536887
79 49.965399291130105
80 -55.52254639759308
81 1.393572106073932
82 -27.71636691744001
83 -11.46111066389374
84 44.684610558349696
85 -33.41667722102578
86 79.13078013906127
87 -32.701109952692704
88 13.394597868363507
89 18.38517707505633
90 -34.987081106763014
91 17.94701557597979
92 -74.71106821293132
93 55.461759556475705
94 -99.59214350064889
95 -24.09504561680318
96 -56.52039106414228
97 -24.827218515414387
98 7.734706197075892
99 -15.607442397077277
100 -1.5875487667035573
101 22.526558769619133
102 17.522310621470925
103 -2.6020571971540503
104 27.614700562709302
105 -8.209025820077432
106 43.08216343186767
107 -22.960644810417538
108 90.99322903135813
109 -72.2687882343613
110 78.35051678532834
111 -21.13916318250434
112 2.44487637787995
113 16.801691718404165
114 -21.7063955699388
115 19.88361523110111
116 9.832666641243025
117 44.04532291513457
118 -48.860243658075774
119 104.9119228282551
120 -74.32391224123975
121 107.52052998129606
122 -33.914235765299786
123 44.08153397914163
124 -12.005072307743394
125 12.924470893069165
126 0.23224272247679972
127 0.0
