0 0.0
1 -4.333328303734428
2 13.116138555471709
3 -25.029564058492333
4 13.681417585933191
5 -27.58994348852119
6 -14.398838064427023
7 -1.0412459234193148
8 -3.0511508188855507
9 -17.446926780249125
10 50.48360453549838
11 -26.34528438378517
12 17.39836285211618
13 13.177903231379418
14 -11.2926947667243
15 6.379698502649236
16 -38.45035099798419
17 55.867679160112694
18 -38.184112497566566
19 17.599256968589152
20 -36.7068914728045
21 14.315164378212884
22 -3.7906254681662768
23 7.691112541119508
24 -4.240079858049623
25 -1.72310636918604
26 3.346791525621875
27 -26.516377635484982
28 -24.78245460515507
29 8.566442986530483
30 -19.171209905085906
31 -37.12858071106946
32 28.43101615239184
33 -75.06439944602488
34 22.853359592275734
35 -54.07934066186913
36 44.08212727465744
37 -7.411437294666312
38 -32.17897726589228
39 41.4588424878927
40 -74.22154351325233
41 18.367056330364143
42 -24.099911808322126
43 3.2600884878214083
44 -21.60499669246649
45 1.5538806468011614
46 -11.76654237618716
47 -29.6093169732888
48 -4.883286709677675
49 -10.280787059791418
50 -8.406605632535628
51 -15.323573855878934
52 32.917808628389956
53 -19.35555092192249
54 24.048252761900994
55 -5.254559018493263
56 58.025335845877784
57 -23.66144344756964
58 57.47886382652139
59 11.85921821448844
60 10.711555815035672
61 33.092489105540324
62 7.143161030938173
63 76.71706138878247
64 -14.972851072858298
65 89.37433980433876
66 -3.8656700426772983
67 -21.285583037313486
68 28.302959599246048
69 -29.458907695498
70 9.2239817166739
71 -33.18643195523536
72 -15.012371834254873
73 25.902116701682036
74 -38.8890315311291
75 50.66004610206435
76 -68.64317833334361
77 33.59266889764908
78 -39.4807708701609
79 -2.774695611985734
80 -56.79653617290526
81 18.69962059242398
82 -25.169121255911154
83 -26.92831264573897
84 35.929468828976866
85 -87.52011283194646
86 18.013330264638917
87 -63.16498949081073
88 50.59471863368009
89 -34.87393972393159
90 -3.9239005981249573
91 25.75531368745606
92 -28.381331911659274
93 -13.975563220676548
94 9.359182561596821
95 -35.79044902712935
96 43.434890400418894
97 -28.100114494138086
98 52.06291680988322
99 25.648725812212533
100 -9.70109931749143
101 72.2540524120237
102 -64.5403162785612
103 42.195052745820036
104 -32.185092731596896
105 -18.078143319392534
106 16.06071693125557
107 21.195970590124425
108 -7.8503828807834815
109 25.001323753010382
110 42.23021475957299
111 -2.4800967056695646
112 22.04634921153851
113 -40.74192606317607
114 67.34887707176448
115 -57.95151442984681
116 25.75765519002149
117 -12.716136201409755
118 -56.32310705687222
119 86.48885009082049
120 -62.056951463451874
121 68.24198353601449
122 -44.74970240676315
123 34.71534008159307
124 -21.09098412416615
125 11.620418532429527
126 -0.8769067662683897
127 0.0
