0 0.0
1 -4.126572183787241
2 16.523795740994743
3 -20.719470840675555
4 10.19333910585099
5 -4.484411849993515
6 -31.059609230531258
7 53.15040816336223
8 -85.20153991445582
9 19.22657954147114
10 -36.175539501623156
11 -45.72486163255672
12 3.686768964974652
13 -29.564436921113966
14 15.185254088074236
15 4.613244348767987
16 -10.007535960907465
17 -37.13404025433092
18 25.99046286564804
19 -62.44355134851967
20 -40.44389972741994
21 27.44709636462776
22 -131.51039558649376
23 3.7062139004669774
24 -56.885774939633244
25 -28.563967953496938
26 -84.94774436343398
27 -4.654282046355321
28 -41.00802468675663
29 7.466452292635983
30 5.915666672432592
31 39.141140523177235
32 -19.958407840845606
33 41.89786802799951
34 -18.77733166651456
35 43.15881470101937
36 -4.011600645250348
37 -2.0415743717531867
38 58.51997622025774
39 -73.52410202843411
40 71.55959161732362
41 -65.35976374487863
42 54.250422076078635
43 -44.81561091110861
44 41.331955115399694
45 -38.09427768526443
46 19.724456176019718
47 -1.3660228765214324
48 -7.572382041638491
49 17.719630971891437
50 -45.59059684690852
51 28.17223631343372
52 23.48928970217003
53 -54.243019183352224
54 31.723881802500657
55 -9.165977035602992
56 -14.785952797216062
57 32.825539450684424
58 -26.654652902947483
59 -1.1971230795874015
60 -28.71540318345916
61 14.012850017840307
62 -27.058523284144677
63 40.807200615967126
64 -60.69063445075525
65 20.132305113998928
66 6.96184588849394
67 -16.603518574820527
68 71.20257485333508
69 -16.57540173817649
70 33.1685344023448
71 38.089466652393384
72 -5.657768997426866
73 13.77097331856526
74 25.93240436343812
75 -50.03155684053752
76 36.149645543024604
77 -34.40930077937887
78 23.401019456252342
79 -49.18018636262984
80 3.512108168691699
81 -10.14001543246159
82 -46.474798111319814
83 15.286388207534442
84 -91.96148606265987
85 24.482212392410826
86 -43.27645201455836
87 21.157326831681495
88 -28.349202440358397
89 -10.950399326483764
90 20.419497545459055
91 -6.542044046547187
92 25.869182658716824
93 60.654505859501135
94 -28.26194294046146
95 69.67542073901058
96 1.9310302333192433
97 -22.32002739011765
98 29.4952582826439
99 -20.982749213696845
100 1.5532456264275873
101 -6.830169244180452
102 53.989604428661686
103 -50.22462412241424
104 101.05710926353315
105 -37.905065296361244
106 3.0975728052556284
107 19.052099014606082
108 -39.92331174339107
109 -10.270085443747679
110 -30.778839322262478
111 -24.474620733382263
112 23.79527816433347
113 0.27321646933765087
114 10.924643398086236
115 48.527703536450645
116 -41.267591493721966
117 84.32030409914842
118 -93.70319828832208
119 54.608867918272196
120 -12.330988708448134
121 0.38020323761689967
122 4.742095651497273
123 21.04143645521113
124 -9.622114655677581
125 12.019467788472962
126 0.44847787669449396
127 0.0
