0 0.0
1 -2.6899601483439
2 6.293611678389677
3 -9.767721029165807
4 -3.8114599008045036
5 -22.033478646214355
6 -28.301250083449357
7 7.084787461333138
8 -67.81155914812294
9 25.88953763546464
10 -79.48382922695846
11 9.162786336920286
12 -54.67770918885195
13 10.677954804303551
14 -37.639868581019485
15 -32.69919005871561
16 34.3752057653351
17 -44.9107562641474
18 17.216618145805686
19 -37.62228952562926
20 34.16236053147336
21 -61.69496947761297
22 51.899000540844135
23 -74.70353890045038
24 17.638703250015418
25 -25.429890100338504
26 -70.72417411821337
27 45.15493759298399
28 -45.31638625150189
29 10.557070630117657
30 -10.45215148063902
31 -8.028223208306853
32 -1.0441530925416207
33 30.321046424246465
34 -30.19633797440482
35 97.45021337641228
36 -74.88623868765525
37 67.39297608945128
38 -23.306144527042097
39 -11.755997713080825
40 49.99031309640663
41 -77.1963127216799
42 35.520459355112045
43 -71.56282425736681
44 -1.0382639570495675
45 -9.53369785364595
46 -33.596556376902
47 20.932758651020375
48 -51.4672231175689
49 35.98783688090475
50 0.36099617217277524
51 42.69846786890943
52 30.78211147933807
53 5.5769055638714615
54 35.84458285865232
55 -49.948276909419874
56 67.97462275478301
57 -36.65056956871592
58 32.82206419560068
59 5.590399067302708
60 4.690505861218807
61 12.264784122530687
62 -51.72357971575088
63 20.487784651045224
64 -37.28759920554266
65 -12.081609683782107
66 -2.3443836303326275
67 -2.0111928026708177
68 -8.241946328665868
69 8.72877904597806
70 -18.420237355110135
71 17.389480905230428
72 3.812348991119566
73 -37.05132393051454
74 -2.8953448904130306
75 26.577673467502006
76 -44.90317402466229
77 30.70216520992177
78 -37.27336561853002
79 -6.388859032671477
80 20.277329633593784
81 -8.89481205919311
82 19.447235327950427
83 -26.223523323149514
84 -35.4400900454896
85 43.25973198798301
86 8.793717598146891
87 49.10747556529261
88 -5.454179371432511
89 33.76538933288545
90 -1.7751355453908313
91 58.17431153272745
92 6.525429255792607
93 -34.443563253216674
94 50.57895241023097
95 -71.17665164652325
96 4.3158266200710536
97 -30.65624297336655
98 38.13412607693306
99 -40.53811584396492
100 34.47149015879494
101 -52.20197849300985
102 0.6235130217794116
103 -31.7548936826642
104 -38.70705002590828
105 -25.62719548289066
106 -2.4296086564133677
107 -66.44951919944783
108 35.29159147930457
109 -30.118907778403525
110 12.884913797374725
111 20.63146977691281
112 -8.443496751074932
113 86.94914913041671
114 -25.017701651969755
115 116.35230106008771
116 -25.984301755290474
117 109.46827286001898
118 -64.00567549623733
119 86.90674751433255
120 -17.521343542007653
121 30.179930168102114
122 24.199575446225708
123 -6.380089389404863
124 18.096436269503773
125 1.5342443186487482
126 0.6977880997521345
127 0.0
