0 0.0
1 -5.796192917220733
2 18.300919303160768
3 -27.25615578141906
4 37.277246510202154
5 -30.26506971338528
6 5.233708449943896
7 -14.587106979933337
8 -0.2963586862336937
9 -13.121005130129662
10 0.7000582054855906
11 -42.9732255424819
12 -37.290510481341265
13 -37.00983705391922
14 -21.453093363010396
15 -23.674274293638096
16 -24.121007053512212
17 7.172713474594911
18 -46.51143619433109
19 7.030982244675772
20 -45.54345192703867
21 18.452035602713085
22 -24.081742801142035
23 19.502092046701645
24 -9.693983189798306
25 -49.99536258492801
26 34.579745885998754
27 -52.105833274135655
28 -15.045267158957175
29 -17.463598295917844
30 0.39173204531240263
31 -0.514919763858507
32 -27.70943012010749
33 45.831218300671786
34 -67.21627778299761
35 61.48232925148451
36 -53.32326030229162
37 57.20190797873308
38 -55.1148651033259
39 26.206191556768676
40 -25.559635268474256
41 19.341620833288093
42 -18.01692552062886
43 -15.89344098667427
44 24.86574594827355
45 -22.115084942080742
46 70.22727947175305
47 -38.07205452402901
48 33.45592866666429
49 -13.279591901961627
50 40.15908410661087
51 -22.290610918701937
52 39.57883764406535
53 -12.899060464905242
54 0.9146258231565263
55 -10.533589574130765
56 8.209913615062232
57 2.1250254249772635
58 -41.42174619508475
59 -22.59058621903037
60 -2.634187153517124
61 -15.78317452704966
62 -6.291258642359517
63 4.784623593140349
64 2.2783744746622974
65 -0.024423674487470338
66 17.667924089025327
67 10.74424309526318
68 -24.858904870235275
69 7.70896611862363
70 -1.2566340305144366
71 13.32177643534597
72 -20.093933592995516
73 47.66234994279906
74 -24.780975470117845
75 17.225896382860842
76 5.123566940224565
77 -22.633616273962375
78 4.9423017136764695
79 -31.359060460920922
80 39.15308202000619
81 -35.92608515652194
82 78.89101654199042
83 -6.829968144824367
84 12.38256764948629
85 34.901466891226384
86 -16.171181222270327
87 20.37857929889371
88 29.06449336000689
89 16.837020059064958
90 0.6771055215292472
91 15.16176368840765
92 9.765622380543949
93 52.79908112032083
94 -4.943555107607474
95 25.94701277892001
96 9.883208734623926
97 33.46200664237667
98 -38.41031558114737
99 28.436783592669094
100 -77.86535033075452
101 1.8550555759780003
102 -97.45742867740616
103 -28.17625830464948
104 -11.55533630094955
105 -111.62096881536672
106 45.52363765599501
107 -87.37685472625468
108 60.760484708593935
109 -41.88616529072872
110 48.284515859459226
111 -5.506145301133853
112 -4.143968047443847
113 3.784330621494582
114 10.234364860424506
115 56.24288637358371
116 -26.163452161529406
117 44.616538101384876
118 -41.16481142961011
119 59.89326402092037
120 -60.39785565752883
121 70.23193338539055
122 -58.306227792857065
123 53.12586537331106
124 -25.32975989138722
125 16.077102249308385
126 -0.028816604577265495
127 0.0
