0 0.0
1 -4.883780647663698
2 16.36586116938047
3 -22.103884557557766
4 5.974297228123809
5 -40.064382674725465
6 9.526114459112843
7 -66.99972169682765
8 -15.67502108961484
9 -90.39908997048497
10 34.66192458951277
11 -71.79787834020827
12 10.039499766692368
13 3.1210197992474096
14 -33.04484852985169
15 34.66417576663693
16 -24.903931610618216
17 29.145060107072748
18 -59.04198169991844
19 84.92191353791169
20 -87.22029070691335
21 79.45013770247948
22 -66.90436002228545
23 48.986709858224074
24 -43.37726120246572
25 22.51187407828148
26 -26.826508296851344
27 -13.317279329183743
28 20.745902051268278
29 -20.662631950670672
30 2.241588859418343
31 18.881432821877635
32 45.8605817292471
33 -7.692870963805295
34 86.19137552619036
35 -18.84541648053209
36 34.537814877415386
37 -2.8019386617319038
38 -5.643514766048645
39 14.786177007026309
40 -27.58362974479329
41 39.212007445488844
42 -5.026161431539693
43 -33.77168287280185
44 31.75370974583608
45 -59.17567711730219
46 23.917334982463743
47 -39.84328441910412
48 -13.123463201287008
49 -7.265964872635301
50 -87.75488071255134
51 32.808515496308694
52 -82.31026769949935
53 23.715662622066986
54 -24.662713602139725
55 -9.954296189167062
56 6.965236332697584
57 -54.46313203038989
58 19.836373412527
59 -12.531205407495513
60 17.446855185822415
61 -12.983237369329167
62 29.463736524818668
63 -1.5272761423361376
64 -23.899090182861894
65 5.869754455803187
66 6.829924419332891
67 -36.17353859304173
68 7.5941933528357595
69 -0.6534497666234921
70 4.385476696878837
71 -22.323629023856043
72 16.226919484965627
73 -16.23173839429729
74 25.947158139070606
75 -25.518510249193287
76 2.5812148412923
77 37.014729425060494
78 -15.536572166878237
79 62.83578077285973
80 -14.36789359458611
81 77.15128903535489
82 -26.080284069616418
83 73.18611907748
84 -9.284924396339314
85 14.76595623207274
86 29.39701551560348
87 -48.85389289293189
88 32.83553632312313
89 -28.591108780601402
90 26.604714236090302
91 -3.567827349246231
92 -33.99138293317162
93 0.8879274096884293
94 -24.950099404408043
95 -50.02694985642697
96 25.966967997302305
97 -49.53169034187936
98 55.34896348999266
99 -37.929713405488265
100 -3.6967841204052623
101 3.788549928794549
102 25.448915354660407
103 -15.73010938040378
104 -8.670170841475702
105 8.940066588006092
106 -38.366234380641515
107 -6.409068848401474
108 -40.87399282511846
109 21.50241589626774
110 21.99229682776807
111 -53.950937171547245
112 34.80335443846873
113 -1.980399353252747
114 -68.2095184915877
115 59.504572307335245
116 -58.64827809307766
117 39.41434536103642
118 -42.56504805860873
119 40.12566431151684
120 -52.60622061850319
121 45.42788086153242
122 -20.735049802668808
123 40.54967267613228
124 -5.008006991363734
125 13.621654686649743
126 0.6164472463579115
127 0.0
