0 0.0
1 -5.98836612062166
2 17.551886107762957
3 -32.01694406313201
4 26.03312089449288
5 -44.55747650734009
6 32.48023939114381
7 -5.835346751647658
8 -9.033335550040244
9 19.688533619647732
10 -22.489018026587935
11 0.3288478148261035
12 -56.954147392978186
13 -3.214844575732123
14 -85.05876249341185
15 23.377737087677698
16 -109.10314952001694
17 53.63527541963973
18 -86.26779511502862
19 17.126634841772827
20 39.11242255188874
21 -46.97785509440324
22 88.54504056495003
23 -39.01124842899971
24 18.590427362714085
25 28.349030285679987
26 -17.349802358288084
27 6.537306096711925
28 26.998600706301943
29 -45.873857590969514
30 9.359115400107315
31 -30.461922583630482
32 -38.68015678876723
33 13.271069936336987
34 -23.37777323926028
35 2.7222268465344373
36 -0.4104118510478193
37 -32.55626773036015
38 5.86904104268743
39 15.023134564682605
40 -41.09240401686272
41 34.980950817653685
42 -34.163784782910774
43 11.9032962906104
44 -13.992442272081929
45 -1.594945489800325
46 -22.624055124878307
47 -7.312241163146032
48 -41.26053337319626
49 22.862379553922768
50 -45.63630573576267
51 -25.19870794206636
52 40.79261367271067
53 -20.357384275573263
54 35.751125522150204
55 20.288928010779664
56 -5.975158702907441
57 31.687034933665647
58 27.48615039466598
59 6.526742903853927
60 22.615078185750914
61 -0.5881315178698133
62 22.07864132083585
63 -6.146367483945712
64 -19.449487515861588
65 6.578434279581064
66 6.001661429998466
67 -8.588974455114352
68 46.16139179593497
69 -31.320707568068343
70 75.94980236357497
71 -32.04397645490327
72 84.55138385629115
73 -9.458130629893896
74 5.465147885380728
75 82.5129158846484
76 -50.83228783847502
77 22.165904260791297
78 -19.348084481423133
79 25.476920808364287
80 -17.51110575780028
81 20.508429193656777
82 -15.810433106535141
83 -23.57462563708661
84 -5.8491414872208844
85 -45.47027003773551
86 12.870154429105117
87 -79.36792007813773
88 40.73481792436783
89 -45.15526025366821
90 -53.18310406729812
91 40.59358932086577
92 -81.07774989473296
93 2.1029240813966736
94 -37.31328564566808
95 -44.63875962328115
96 -46.00430870852037
97 24.438464998143992
98 -35.20888254275085
99 -32.21031458001848
100 18.3759416803613
101 -32.65965372084389
102 18.699886243381513
103 -17.661683362123348
104 27.785595589462567
105 -37.31124026817291
106 57.68114870327766
107 -37.76699362215337
108 15.185236722298765
109 -6.128171212193495
110 -30.502214964409113
111 13.372472539875043
112 -54.06311773614473
113 40.87293084806416
114 -94.41754291588369
115 58.454941182360244
116 -60.45174591730473
117 56.76909369226668
118 -67.37645651448837
119 79.75167303818378
120 -4.495639981910864
121 57.28213139455204
122 7.494329445881413
123 35.16624905325371
124 -1.7567927869227682
125 15.000598263789508
126 0.04441391718197827
127 0.0
