0 0.0
1 -7.191948064472682
2 20.977861692417694
3 -30.409565890347913
4 1.6569810872810251
5 -35.82206172571474
6 -17.59410736964075
7 16.349249213345892
8 -68.26916277774123
9 14.611309933237463
10 -59.389295165374264
11 19.347151415451595
12 -50.93828874749106
13 28.777835693308592
14 -46.25577127756485
15 31.307310443101063
16 -79.14901177943466
17 74.22384404088503
18 -62.1995224936571
19 54.140057160470775
20 9.228332007179192
21 -7.73576780366983
22 32.04589496886432
23 -71.97737562450928
24 32.65185385537085
25 -97.0258284227918
26 64.3769973225891
27 -57.60275045171642
28 20.671776097469984
29 -32.0732791694426
30 -3.808285407695883
31 3.804031368436067
32 -20.145596687888588
33 24.44649612312237
34 -52.35974902183663
35 45.74394960519105
36 -18.01908352576041
37 6.906002074430354
38 -5.27837814621686
39 -15.734363899262394
40 47.085862095266585
41 19.779563982906865
42 20.555920802063213
43 32.34240966091283
44 -50.938175667134615
45 80.77284682503029
46 -15.91236995104533
47 32.02950234171315
48 16.65794050690363
49 -45.2330232491129
50 25.982568351731633
51 -22.149461875952806
52 -28.13131726635449
53 42.57165056831166
54 -32.4587685693834
55 9.714721506008756
56 37.28270728445915
57 -36.01199811949728
58 50.441072956419234
59 -30.112808188212007
60 44.37808489463804
61 -30.243684607468
62 -3.8399532983181213
63 -48.40123884069074
64 -29.88513423405574
65 -39.3331357990961
66 -20.04354316623626
67 -13.58920799269428
68 -20.187161624971196
69 13.854356630970365
70 -47.81029351559734
71 25.536476382984524
72 -14.956585829909079
73 -53.936023413343825
74 52.984927184061526
75 -56.96871658315395
76 25.18514876853008
77 -6.23228145716422
78 -60.96266992958136
79 45.31864737933973
80 -18.08808155415949
81 -8.494956273184439
82 -2.855657822576527
83 4.084202369315377
84 -1.2117048001197486
85 -24.408105886770233
86 9.598918855915288
87 -24.063217078127135
88 -11.591327741462669
89 23.40739245659676
90 21.297808563243606
91 -29.889282329445308
92 30.426258233829156
93 15.031213889781197
94 -56.19299818866907
95 50.93100623929558
96 -50.73912826358746
97 35.63656440663235
98 -49.470498628769704
99 -18.281251512149687
100 -31.04991924196464
101 6.917461713092836
102 26.73176662783618
103 -18.238993988983314
104 48.19932070355216
105 20.670808335789477
106 -13.533115067430016
107 34.36136086410727
108 -0.2447104208618306
109 7.359878053563373
110 31.706453861932456
111 10.33493039938525
112 65.00791212672333
113 -12.987537189064023
114 23.94605734236132
115 49.85356667615291
116 -25.644641322083256
117 82.9458678485444
118 -5.3172837370627075
119 51.69799476552198
120 -39.79398987572378
121 53.80650263387071
122 -41.429166327540635
123 35.42734473714002
124 -17.468006248171143
125 8.692446730787978
126 1.162756942141245
127 0.0
