0 0.0
1 -5.981836294407664
2 12.040384786599747
3 -26.298367241484677
4 16.211802453622642
5 -27.41645829236908
6 -20.141505635855726
7 -31.432007865864268
8 -46.19370037611869
9 -2.8155144495302964
10 -69.41439107770358
11 -13.317259169470852
12 -48.71859957866813
13 -6.399741016565143
14 -46.82451435912447
15 -25.053189814104687
16 -64.11989190657933
17 29.020493021907868
18 -54.040323958651626
19 23.57379526389229
20 10.599891354375256
21 27.628373572102863
22 -4.846049354885324
23 48.40128113696694
24 52.466485030182064
25 -31.906725189294022
26 48.75423289548398
27 -40.68265899894269
28 13.021920616732404
29 -5.422528437736721
30 6.693597464755605
31 55.808929946154265
32 -11.608720821354034
33 14.819703684253385
34 31.91498269305365
35 -42.4022788947725
36 63.77649849975527
37 -47.017016527818164
38 50.21053458202202
39 -17.421743859615436
40 -29.191669259339513
41 18.594161513893813
42 -50.949055712034465
43 10.353120857465067
44 -38.83594123534127
45 29.30953144969471
46 -38.69588841149796
47 -6.264641720618826
48 -28.71498147096301
49 8.823638591236662
50 -49.30689261240742
51 30.984507860708185
52 -13.287126292774223
53 10.987273168031997
54 5.311541886212223
55 29.872138604968928
56 -51.71017401385712
57 26.52635111183267
58 -9.917452040375942
59 -14.4254765222717
60 40.873689211460054
61 -46.284584598889154
62 34.03137444310474
63 -25.822896757997388
64 49.675831794727806
65 -36.35024694009651
66 -13.980203818275351
67 7.935404170094729
68 14.899985790089621
69 -57.93794853821208
70 55.47605146487346
71 -32.821807329429916
72 37.73582422356214
73 45.08751341104207
74 28.536687275379816
75 -0.9771253354683623
76 62.06900521680081
77 6.004010251019929
78 30.9911288693386
79 25.96760992069719
80 -41.59080797625435
81 48.28487685158062
82 -11.383843005427023
83 -19.79502811672115
84 -41.99443687453734
85 12.708561147401523
86 -68.06239169442532
87 18.1563012953454
88 -71.45173374683058
89 30.236716895361887
90 -27.31289376237896
91 22.27347102666842
92 -50.65576276154633
93 10.5918730028223
94 0.30892642753586735
95 -50.8304843263318
96 9.514182560104183
97 -18.517488515533678
98 -2.489202663529217
99 -49.067810403126025
100 8.485415809238805
101 -37.02874896637279
102 -15.252727512076989
103 10.182086812178815
104 -2.8425469787233455
105 -8.726891883896059
106 -2.1404961643488516
107 -11.47550057215228
108 17.885071971003583
109 -28.367494625384065
110 55.076375558043054
111 -10.2630839986484
112 74.95801160236243
113 -47.7155887681307
114 48.64448847816508
115 6.530352248598832
116 -32.386432220833306
117 40.14228689901553
118 -60.81506961781048
119 42.706717430943435
120 -59.74868284719013
121 71.71226274597971
122 -21.307539869123325
123 49.862995185482085
124 -3.9437720620038537
125 16.12478743477788
126 -0.1310565062756197
127 0.0
