0 0.0
1 -4.846292035064573
2 14.025592281177229
3 -10.09254174147351
4 -3.231212963654087
5 7.256071046619952
6 -18.019210454401563
7 6.142508152053271
8 -54.607577981772174
9 30.96171206671275
10 -55.8157036380864
11 15.061838623285405
12 -40.3320885205234
13 -23.413175000383617
14 -15.974209356203911
15 -11.766698589261578
16 26.119174877736032
17 17.707383139814695
18 54.725855080715256
19 -4.12211891550178
20 41.01423184190748
21 23.321955664583072
22 -35.73757186357846
23 27.15307735646307
24 9.604522586646416
25 -53.2577740063317
26 6.704448637817756
27 -2.9366317755084412
28 -29.99871327654496
29 24.108710159108895
30 -60.17124539622663
31 -0.4557461378937723
32 -12.404853056970191
33 -12.387841030717755
34 -37.53969548017659
35 0.8726109264198321
36 -23.42588731164837
37 -20.460878009868157
38 18.385679176001194
39 -32.58574473037281
40 17.220292536972536
41 -3.5645773433439265
42 -18.629105610388432
43 -12.647165593574304
44 -1.3767546110140179
45 -45.56525938212191
46 37.925830260888205
47 -26.715450795579308
48 15.3799664296794
49 39.26676954859448
50 -24.462475882241705
51 27.934901236346878
52 -22.886038000065067
53 40.05060003531572
54 -36.0598836351507
55 57.232188835049584
56 5.28019025334425
57 -20.249492729140396
58 43.13800941561801
59 -20.21045779625044
60 6.71329408637128
61 -7.516276244034289
62 -26.64356747591512
63 -14.654250819125215
64 -32.6310139321176
65 -5.686152821977779
66 -51.08978607436996
67 -15.991508974244411
68 -8.782687040970798
69 -8.749451070473327
70 -4.4546571451646315
71 3.86205969443478
72 -6.111529549710886
73 1.160198267320141
74 9.01740477498342
75 -7.706334923472392
76 40.685051164178965
77 -56.97348234603462
78 53.302382903869365
79 -30.960125050500984
80 -34.64835718502259
81 13.519425683071189
82 -15.023346084618625
83 -19.637154282539473
84 7.559457856942227
85 -8.543148397698165
86 10.574826273356162
87 12.284167838251314
88 -11.577171001210909
89 53.58906052028614
90 -34.88351014805904
91 88.17115468334455
92 -1.9919967417585651
93 36.16122257633735
94 51.95280423919367
95 10.733898711160213
96 60.32409144301712
97 0.5910552727226106
98 36.22664133402102
99 -64.0567599228056
100 44.295492184828774
101 -46.52334684029197
102 1.7873536248574775
103 21.62627330033784
104 -74.18481570596471
105 41.474293053041464
106 -41.892691712918875
107 6.667124129292305
108 -46.16655725856982
109 -27.394307876058846
110 -27.94526411257819
111 -51.007066266842564
112 30.736959477337088
113 -31.806289997518064
114 11.241095631008287
115 3.075946778186297
116 -20.677503144308155
117 32.428795421795826
118 -62.510078573671976
119 68.63899299016623
120 -59.66900335349742
121 71.64684848486401
122 -27.712485687284506
123 18.44832335263461
124 13.219531676327113
125 2.420638520380449
126 1.4490507277137772
127 0.0
