0 0.0
1 -5.000323594984472
2 17.204091917987494
3 -27.384089744458617
4 23.917366172571487
5 -57.262739994817224
6 3.0465351602436774
7 -34.93245421282914
8 -45.39896695554975
9 -12.904006430256723
10 -94.66803362146963
11 25.9289227250176
12 -85.2924836340614
13 11.373966231934556
14 -59.3573238763234
15 40.365699696646644
16 -3.339833256509466
17 43.91824600382744
18 -10.913497362693153
19 9.745337650509594
20 -0.853552868006442
21 -21.701031237182182
22 22.4972689019218
23 -44.67484444497546
24 9.479809693821286
25 -1.3393099496995788
26 -4.756181796804186
27 19.328729113032672
28 -22.81659760991122
29 -28.009535214095607
30 20.73054707695321
31 -17.836782941292284
32 -9.302977366515874
33 -3.2832302985026027
34 35.016655823844296
35 -66.94933346610037
36 -5.845034552850048
37 -12.175256771173213
38 -5.222402712154459
39 36.59215462299467
40 -28.15369379347039
41 9.608712194593013
42 12.029211499857597
43 18.543949670960025
44 -12.865078661375533
45 15.209419766779984
46 -14.879793145895444
47 52.9972533744529
48 -1.839013616754887
49 48.31175161121735
50 -50.33425033356759
51 48.313858044336726
52 -3.17899117913771
53 -14.850233809659745
54 43.93501572873312
55 -32.38960847761377
56 15.76082493047419
57 15.74173000567709
58 -25.11918487757081
59 -37.681418436327725
60 -5.405969929880531
61 -48.655925748217
62 -34.34678106168347
63 -28.060781337604556
64 -5.820493049276189
65 -54.1394914426713
66 -11.67835690797351
67 -26.873013555758998
68 -0.048726729188815536
69 -9.648239338681796
70 24.765954367458775
71 -17.702541924429852
72 17.63960150931699
73 4.259248059674194
74 10.219437376767624
75 63.04954100237198
76 -12.677170062415739
77 12.434938995033066
78 46.04526787589893
79 9.917034910577005
80 20.560477480881406
81 13.470303836439625
82 -20.863362697990457
83 26.78531190169689
84 -27.75075257710343
85 20.284902588069464
86 -28.175245661456156
87 6.763790006206823
88 -31.73858539371041
89 28.29362672444849
90 -34.86077872369946
91 -21.319028409927604
92 24.24922487283133
93 -28.48423303190571
94 4.802603682039852
95 -8.070263363275005
96 -40.949096753925474
97 -31.106843273261312
98 -67.07016187529463
99 -51.06477674981725
100 -16.706803258302426
101 -40.457477321419205
102 -9.073481246759021
103 -0.0029125159044099333
104 -0.6095949741964366
105 50.51461160122332
106 30.854059197555287
107 31.02958705904709
108 41.03692863386304
109 6.572572678079014
110 43.648368660682664
111 -15.161219391217168
112 21.164308479020765
113 -45.27192801125596
114 1.273424485655247
115 -16.882324285928664
116 18.711775185731607
117 33.67523559113544
118 -13.920685824641614
119 51.93428607781272
120 -25.44408871327229
121 66.39363366578152
122 -28.600315530748468
123 46.7497941539473
124 -6.857811675456916
125 15.391733316227809
126 -0.539062918372486
127 0.0
