0 0.0
1 -3.606914390635249
2 12.05168395715226
3 -18.339893925526226
4 20.244688195739226
5 -49.228684647251235
6 43.29102406884201
7 -58.344438092084665
8 49.62578567038554
9 -61.67555880678935
10 -47.88284670987378
11 36.844724862386585
12 -146.51678755371287
13 44.87761787661108
14 -46.13882603414798
15 -21.500194877884205
16 10.532732481229877
17 -23.97011263465665
18 19.34650252372213
19 -20.141126446737832
20 -33.72069096450863
21 39.89627681786196
22 -63.37380021353371
23 43.2574921703995
24 -39.854429106382824
25 13.295767922952022
26 16.903604301146746
27 -67.45700893247859
28 53.48306139336999
29 -54.15061792127393
30 -15.535320305672391
31 -0.05577515622472138
32 -35.94803571457321
33 -8.175079730789864
34 -17.393203289045104
35 1.098110908108013
36 -39.91505520914026
37 20.26387397755745
38 -33.0739215022083
39 -6.659508371290393
40 7.4711086369172035
41 -7.607057215405288
42 44.6285028568069
43 54.205473300783076
44 3.080413095013182
45 50.87117106800778
46 -1.9111786008336147
47 -44.180390161425954
48 25.98069762320537
49 -19.922286782698798
50 21.40050218099295
51 -30.66440801125299
52 -33.330892555641704
53 -37.09324727300618
54 -48.28384019794326
55 -11.166855186297568
56 -38.65930824238294
57 44.58418017632918
58 -66.23272630230099
59 37.27607639169014
60 -23.035101235203438
61 10.531816544972912
62 37.37312635716547
63 -20.305011754167094
64 41.421002815272416
65 13.664727645165017
66 17.58841481439587
67 -24.197559117807995
68 44.380185097412415
69 -39.95621587423424
70 27.818598511047615
71 43.095294060481756
72 2.1982545948374175
73 24.831057275033245
74 27.719626280873793
75 21.70910264244125
76 -28.346633663510094
77 36.693440795932766
78 18.934337831353748
79 -30.344150327525426
80 17.638278478271427
81 -37.09918611692836
82 20.946623452862298
83 -22.207207367469405
84 24.308921871454903
85 -63.18489224023269
86 -10.721809692275688
87 -41.23623310791689
88 -56.568890563828305
89 -7.0440565372971475
90 -63.810330324293574
91 18.85606183324697
92 -60.401690883993304
93 15.41600227992672
94 -7.1779844385468365
95 12.166786979946588
96 -42.17590938781742
97 19.825313317604195
98 -16.582812783208432
99 -7.462435157084455
100 72.76848670084732
101 -30.940742136938102
102 78.74117844955755
103 4.08323269654902
104 12.434457634681248
105 2.1952924755870207
106 16.098293575852207
107 17.557015543691364
108 9.083600112360061
109 1.6480310964471419
110 31.11959504144382
111 -14.094525845323538
112 0.8269841667822565
113 -23.378572065936716
114 -41.689652193772446
115 13.052837409014744
116 -17.60236370139172
117 38.906699485952494
118 -15.387460077661617
119 65.8043882240542
120 -29.797737929222247
121 69.29351033415027
122 -35.05987680967971
123 34.573532795946726
124 -7.10912763551056
125 13.626511263448739
126 0.446381480628869
127 0.0
