0 0.0
1 -5.398726034426873
2 15.55767288396009
3 -29.903930282383307
4 36.484756494435814
5 -64.2386511882367
6 67.31391500828747
7 -83.34740227418828
8 34.48419082758175
9 -22.07764149267169
10 -86.17497493081727
11 76.37481613117778
12 -102.5164827584292
13 67.13532260253514
14 -82.968312054137
15 5.803748328519573
16 -45.352783129087584
17 -14.030798323746447
18 -42.102506442692274
19 39.94917218069112
20 -46.69120831567122
21 24.935203657772394
22 -27.2255646607125
23 -10.665487611895529
24 4.673885099812287
25 -67.5236767052427
26 51.94523255501064
27 -45.54718622564766
28 15.885177805222062
29 40.505597262201825
30 -15.322380849381569
31 67.53370910903912
32 -3.222033239744014
33 -20.054010790043424
34 49.66815816313978
35 -46.275576411531226
36 52.71293414865936
37 -16.29258593237198
38 6.6831475000197935
39 61.84612548317243
40 -33.842554833103
41 49.993278315953205
42 -42.31385530414806
43 31.05597759130562
44 -11.549306578959548
45 22.02357641402062
46 -2.7340535202864737
47 -2.4019957532511795
48 -6.152723770857626
49 -25.701215380819203
50 22.40356156621505
51 -38.961847629092176
52 30.990491744203283
53 -39.63794390402325
54 62.961700699671034
55 -52.45703846369053
56 62.779043687145005
57 13.687809146333235
58 -6.162081431892983
59 30.92814209288955
60 -21.476013084451363
61 36.85345890181082
62 -20.090804720649498
63 27.669500523791665
64 1.5639409199573802
65 -10.844179331435491
66 53.791671885122675
67 3.0326234406770087
68 81.49677240996503
69 -42.84453520417295
70 68.35058649465643
71 4.179432195392948
72 -17.528873347549386
73 35.976012979083706
74 -74.92529232268889
75 31.606938765917548
76 -24.232566771274545
77 -17.545075760832468
78 -61.609593941659554
79 26.70304578438388
80 -67.69699868006876
81 -20.585501599636764
82 -25.298469829098124
83 -66.14053829642143
84 27.45425313769144
85 -61.62835902391265
86 26.681163276411404
87 -1.9159075235067096
88 -16.91743903828272
89 7.4308346578840485
90 -16.691141493922505
91 22.367730663039005
92 -12.912174712000583
93 -16.228196787035007
94 -28.559624818133482
95 11.514144607692895
96 -35.944895317931056
97 37.82425485048326
98 -36.18145545851071
99 81.95363971137851
100 -22.508428901415144
101 30.205584223478585
102 51.04779147538334
103 -27.779485212357823
104 36.31943239468127
105 -17.610682546880078
106 53.49381000032978
107 -33.47694374334105
108 49.29805296935331
109 22.169889207858446
110 3.2750911780446335
111 -1.5489804011635822
112 34.61561748943288
113 -87.61260573375883
114 12.962219639102448
115 -35.36899551914695
116 -46.482852710376584
117 12.321883719812488
118 -99.07477222899227
119 54.67191885316024
120 -70.92978787205095
121 60.99478905996159
122 -48.687653135131434
123 46.35383765370596
124 -20.437588452102624
125 14.717896641552711
126 -1.0865414073660573
127 0.0
