0 0.0
1 -3.849287231111918
2 9.88991808653159
3 -14.945062517199782
4 21.869110824692985
5 -34.00857341209467
6 47.115574296333754
7 -23.438790258191606
8 15.311507485850358
9 10.895083800580561
10 -24.866050021848665
11 -17.915860166489217
12 27.223336478752106
13 -42.39899657181962
14 22.288723164029133
15 -5.492522511604477
16 -18.591405199009987
17 -33.79435738449796
18 -30.305844356133917
19 -3.475348202352145
20 -47.40236826568338
21 -31.50530935907747
22 -21.556061167820953
23 -22.837459284396015
24 -31.724637035284694
25 0.6751820145126898
26 -35.518147440431
27 27.468801495698248
28 -62.140067473616654
29 32.52690815119467
30 -32.9833434062085
31 26.54166803548832
32 -65.27636150147877
33 65.32176645621819
34 -63.54375207491047
35 66.7626266445256
36 2.0461440475303365
37 13.983235793914742
38 12.858086855288395
39 3.92125368802251
40 22.742154730999687
41 -36.868732001257456
42 21.915048182459362
43 -34.65794060285314
44 16.939828901665894
45 -16.364303100351883
46 32.33385044759504
47 -39.63960815933408
48 -2.3277299910367613
49 -48.45185699787084
50 -21.001531423178243
51 -28.466953345490587
52 1.5450943015368845
53 -2.4602138705333645
54 15.39409710632026
55 -20.683271579340683
56 10.697997219775594
57 -37.34016048084025
58 79.91328372041302
59 -96.59227563150843
60 45.72486537381387
61 -4.534267952542557
62 -44.60561855828552
63 81.82319479919155
64 -59.166789452110386
65 93.80186073610939
66 -33.6747292739768
67 32.94580567745325
68 8.546374092997276
69 -33.36513552248663
70 5.748768663607016
71 -12.754253184116154
72 -12.908799725410665
73 27.758793207134666
74 -3.2767153576052683
75 6.732465894251175
76 34.49815936269585
77 12.757730911181005
78 -5.199763768301505
79 7.864960938819976
80 8.315445936989256
81 -56.24038092153747
82 24.979471462671228
83 -16.786916704422286
84 12.027395686214055
85 1.4682857217352039
86 1.159394267300752
87 46.413769124940515
88 -20.955421670834067
89 -17.221697378310175
90 0.8336619443682558
91 -49.676340801584615
92 -7.660130320577938
93 -3.294983193734582
94 -42.145564342254794
95 1.9939398821843504
96 -8.2362106333519
97 -19.24204103779337
98 -30.69997339842277
99 24.978588075513663
100 -15.360017437689248
101 -4.247380833413562
102 4.8331659136086955
103 -14.695534025670675
104 -3.8883239391600113
105 11.116604859146609
106 -29.327615573044643
107 0.9855327969789109
108 -15.976064838660308
109 42.539549135858636
110 -0.36099590339812304
111 40.35457745937062
112 73.78848595962127
113 -15.136703292759544
114 86.16881257900954
115 0.29492625014442364
116 41.04506560458914
117 18.476650295835185
118 29.059607289255464
119 -28.373502788499405
120 -11.27098765965369
121 34.38399692186063
122 -20.466695235682295
123 35.70563714245399
124 -23.844037971175165
125 17.668817744418394
126 -2.3461171749630725
127 0.0
