0 0.0
1 -4.940797902822489
2 13.461847220616123
3 -22.449722394986026
4 0.3344981592389837
5 -33.3766957223523
6 -17.25443526586835
7 -34.15773784931943
8 -33.083059186583476
9 -34.97074554444795
10 -54.25177086868736
11 19.959061442699056
12 -109.15913789909125
13 -23.024389092352145
14 -9.66043489457253
15 -59.87428793716196
16 26.137802196565325
17 -54.16010308796017
18 28.971642503184448
19 -27.269667858650497
20 35.38829833401762
21 -17.39406774316131
22 6.291143896904396
23 -20.389187310553854
24 -19.814097032603375
25 -24.640986850767852
26 -50.65103797389001
27 -41.095689169162966
28 -24.01559914444026
29 -22.114057701497515
30 -44.82497709083968
31 67.8778198738528
32 -102.73585586554455
33 63.42249531700629
34 -57.2683997549492
35 50.07264425122974
36 -46.26415352729059
37 21.990106890797854
38 -2.518291632478952
39 25.941257941269033
40 30.566999675823524
41 31.01860884443928
42 14.933809557719785
43 19.595558341556597
44 4.14086358867038
45 -0.6151241834530986
46 63.660848349531605
47 -44.27959606442431
48 75.790862076082
49 -54.73100790129556
50 56.09021568552788
51 -38.75781528512461
52 58.107270728083364
53 -13.92346275329698
54 34.24666988016146
55 11.441211261908183
56 20.872464907194107
57 -40.02083831579784
58 53.803347322608666
59 -30.835867649856112
60 42.14875791493113
61 32.87389353229463
62 -30.765934570017432
63 75.31476835564821
64 -57.32223295394593
65 38.24609550200861
66 -67.34643595940146
67 59.424113043908946
68 -17.692263364066836
69 25.149744744840962
70 -91.81885045802278
71 29.315251718975972
72 -77.90189150168027
73 -6.9850559405154655
74 -13.165413402448475
75 -19.872666301043573
76 6.043503627097598
77 -13.984619579996362
78 25.32552429994015
79 -39.74708646025322
80 28.63546082578032
81 -27.663510432920837
82 31.737889851290298
83 -33.70698926728312
84 26.62382681870625
85 -28.722550306853034
86 -6.254967666223626
87 -63.805664225445014
88 45.10895445699767
89 -104.02566953500994
90 43.23806692545527
91 -32.284912228093454
92 -45.53295038097721
93 35.87282967477773
94 -28.76503552707587
95 -17.697791113231272
96 -16.162460527194934
97 -5.662002416350172
98 -44.76078847640888
99 21.142582276353405
100 -35.25557154226438
101 23.703879725050417
102 -30.749490420203117
103 39.668770970762196
104 -37.40323270743582
105 51.46167779920474
106 -35.22950827286606
107 -21.301943325209024
108 39.61292642831689
109 -42.83283292797933
110 20.651090582659524
111 27.224325754084877
112 -19.984669778398683
113 50.93732289587521
114 11.261916610423095
115 69.06587686851404
116 23.62699651738537
117 55.98733616750077
118 16.223776729461918
119 56.247147867186854
120 -21.962159484103292
121 44.2279513344967
122 -0.5632016903465782
123 35.35751437230219
124 -3.4379261692176253
125 14.41979001294257
126 -0.06526957270281587
127 0.0
