0 0.0
1 -5.597067037979539
2 11.262215199030482
3 -25.847586094607184
4 -7.423751558612606
5 -20.72903063623742
6 -21.596278216569676
7 -40.11922134754546
8 -31.01971128888956
9 -70.68886351332492
10 -21.976863651134764
11 -40.4044420484735
12 -5.265332549039811
13 -25.357587231897497
14 -18.945331929204798
15 0.8023828651364311
16 -6.602657369782445
17 -33.36313453415441
18 -39.51159660682182
19 36.83134709289892
20 -59.29093648577987
21 37.22780576857745
22 -17.587910786140075
23 10.0000113004198
24 -4.734496040882044
25 21.963225140941255
26 50.74166084254007
27 -28.610359424475018
28 45.71742983861054
29 12.07414623954641
30 33.854790054883416
31 -50.377659660803864
32 8.600196542857624
33 -14.013661137698778
34 -27.558109043573854
35 12.410767749764291
36 -36.02257966562765
37 19.770043691224217
38 3.8449894957624844
39 7.901643460662845
40 11.797571646281916
41 12.259854082409996
42 -14.453835443467456
43 40.13617169499119
44 -21.935976901519943
45 36.37269351811511
46 -24.587133102710155
47 12.929405544983151
48 -4.141504611942171
49 -11.145134184519302
50 33.849065419214895
51 -19.173722181237345
52 25.231176241622585
53 -55.016925761951164
54 33.61601854248312
55 -48.35857693244192
56 31.696806075073958
57 -4.856511872735136
58 10.647286716158359
59 30.378712407728127
60 -5.944796348464936
61 22.112028850755554
62 -3.8478295175749206
63 38.54293038826649
64 -28.212055771606494
65 -14.821422515157693
66 -7.188566580581366
67 -1.0905411670277432
68 3.49123796675016
69 -37.056169030937994
70 66.50377866884654
71 -41.04507828369778
72 -20.066078319337183
73 11.081119080637494
74 -34.40864202326497
75 32.24717504202359
76 -75.8461237035732
77 35.59875093451378
78 22.706737434844815
79 -22.92062430835408
80 26.111377294432483
81 15.87934623681843
82 -7.744633909145221
83 15.447454261370053
84 -21.912548597836025
85 -12.995962354569416
86 -13.163200442395336
87 -56.25782670836132
88 10.813730970450326
89 15.044867713465687
90 -25.386992009680142
91 -6.8207165702463035
92 34.00886113338912
93 -35.512384292522015
94 35.77591711798888
95 9.165078909829061
96 -12.354808681539883
97 55.71471295759128
98 -59.012697903062055
99 82.59132293446314
100 -69.88833889237392
101 43.656689601691575
102 -28.991194667585635
103 10.106829857182209
104 -5.614370569027611
105 -19.12599661445563
106 -1.8384232128571456
107 -70.83626456472673
108 54.53627396738799
109 -60.75134644400478
110 46.4741014810459
111 -36.692487543159075
112 42.41639773759662
113 -37.422419341878445
114 9.79023113765166
115 13.812353509491581
116 -28.86052970029615
117 58.76007065403602
118 -23.465376279457782
119 56.011249462295005
120 -22.7920185653625
121 58.79706552945396
122 -16.247123143592486
123 57.682741984551434
124 -11.531230393583254
125 14.944324677441754
126 -0.0019705507948004544
127 0.0
