0 0.0
1 -4.953691392258393
2 5.263980015505494
3 -30.58669556953438
4 -1.5752332936125144
5 -31.417816883369095
6 -12.436942760426302
7 -35.333465034388716
8 -9.702733476357569
9 1.6493426020613946
10 19.78979466108106
11 -18.567307052011106
12 28.90993406963626
13 -7.941261397622142
14 2.8420667985250594
15 38.18681282613462
16 -20.252288099157173
17 19.389642748176783
18 -28.784197440353935
19 35.63614229954265
20 -43.437552434802974
21 41.405450215176145
22 -52.4812491176371
23 6.339214842632106
24 -20.9750477780068
25 -11.360802598226996
26 15.44261042617964
27 -42.90607407399988
28 58.629071735458446
29 -28.382474732467124
30 59.3984357887736
31 -46.59063619147743
32 -1.0916542801413587
33 21.9508991566053
34 -66.49700585393542
35 73.93639037983266
36 -39.533773344854076
37 14.505377717639915
38 -6.8082422359752615
39 -3.22263976372362
40 9.469939816784448
41 30.185334207502727
42 -11.413611034456359
43 34.301672610672
44 -3.3965322610611386
45 25.905201987277042
46 84.83450889512174
47 -50.62386280311109
48 68.39626454543038
49 -8.190054413919357
50 -5.824241763496011
51 33.41594052092739
52 -46.22632823863096
53 -1.745252578925842
54 6.125264343328186
55 -34.38135068782401
56 -21.617517226284498
57 3.364314288626881
58 -26.058534959233718
59 -13.100388037400228
60 -9.54625904451432
61 22.78538051241334
62 -19.141049829145135
63 -10.713514270089082
64 42.51132916068424
65 -43.567078859650685
66 63.094471686866456
67 -44.793801533915364
68 -7.036578115271115
69 -12.247398321911126
70 -28.44899878094472
71 17.034682748380256
72 -85.9498601149765
73 75.07386107373028
74 -82.66652156899279
75 38.222108492236664
76 -18.7211857296628
77 -30.444893905944717
78 67.90337419877157
79 -19.243733766129633
80 19.78166606050431
81 34.711889661775416
82 3.0720115857087293
83 7.1283547218642855
84 34.439947574657005
85 -32.785502878923964
86 2.6863258079979104
87 -30.35358477241314
88 -12.848617698462995
89 -40.250179431628744
90 6.119797678643163
91 -7.05383387529399
92 -7.93324868232815
93 -35.79623916112463
94 -30.637039720025836
95 32.65434675465487
96 -55.115247451632975
97 15.725705506626097
98 6.124394045895853
99 -1.9713233719287173
100 64.27057081892993
101 -50.289422285981395
102 67.78493882626
103 -14.163124146920381
104 -7.444448953340921
105 40.7943426519361
106 23.703628119507723
107 21.594443346266395
108 -7.540470274107871
109 49.14950396837511
110 -15.66851427746962
111 78.9986124377698
112 -41.41391809070453
113 92.06243112562701
114 13.45447565754259
115 -21.70120427651414
116 59.44859258961285
117 -43.766546411209916
118 14.738300024095317
119 19.880949631577806
120 -51.30472293206003
121 28.574519169634716
122 -47.580985104173635
123 23.0460598547575
124 -11.04745760107165
125 7.317772893373452
126 -0.22428367462132007
127 0.0
