0 0.0
1 -4.118938660931789
2 8.6129354066781
3 -12.53618600353923
4 -6.623333518501214
5 -10.30551600714755
6 -15.747568619074414
7 -18.59638518363769
8 -27.49689436689049
9 8.752029653813999
10 -17.258879531892287
11 -98.75403873152571
12 90.20141366774138
13 -114.02867995812565
14 41.324112874790444
15 -33.46939894626884
16 3.34016381111819
17 16.17213168900697
18 -7.824335294994022
19 50.299513152916425
20 -36.56069810812524
21 12.30553770644889
22 -7.874052852411285
23 76.87209223903784
24 -96.46801356567545
25 113.76250835425611
26 -88.4783338943281
27 55.534512315192515
28 -28.11235740114721
29 -6.718830341326446
30 -55.49831468542096
31 -29.08805743869102
32 -29.728449943195265
33 -13.696854985696218
34 -24.2080697686687
35 -49.07543253855737
36 38.26439278639694
37 -76.9400973097504
38 41.16929817643151
39 -91.12294203013694
40 55.578631166611466
41 -64.76823148208967
42 42.61080526237017
43 20.46505479468877
44 -0.6768785686703725
45 77.69934375183885
46 -4.076663656577619
47 13.769215811463864
48 -39.545391345534824
49 47.76874961765094
50 -33.26621224664516
51 25.23484363436373
52 37.56021135759826
53 -16.64270116006107
54 12.002153742575759
55 20.82498442301848
56 -25.71752957305966
57 -8.428747637391735
58 -7.965033542474282
59 69.97297319995846
60 -73.49677488589332
61 86.33168737327368
62 -34.05669063163209
63 -16.355590556436013
64 18.451025575133787
65 -67.18229392057262
66 31.0596319273394
67 -68.26090505045835
68 41.78335724288344
69 -39.76200482253986
70 25.41719073747015
71 -16.800880818999662
72 11.09938390516909
73 16.648377923771946
74 31.086537643491393
75 -17.132633484658296
76 48.23122616230905
77 -0.005196377672811552
78 52.763598384903055
79 -16.89007108214086
80 47.25044280407655
81 -17.17915310712204
82 11.023391247429029
83 46.22881248950265
84 -52.65064734001525
85 82.75224234759534
86 -86.9874458127577
87 65.79431477574161
88 -83.2899734415098
89 -11.265792402104339
90 1.199200194593012
91 -49.32144380636588
92 37.74080688011165
93 -55.2270657509232
94 1.8977416663575222
95 -46.97860284738811
96 16.236026055564466
97 -15.52633308010413
98 9.255176094309018
99 -19.48403910188338
100 -15.22072112346667
101 8.258747005031065
102 23.259680098006623
103 1.183954351497215
104 38.95633455954123
105 59.66280640299933
106 -8.309189010411897
107 62.09459101784832
108 -21.681149510643703
109 18.10822701665645
110 -0.9933053630593718
111 -18.197741397158843
112 -24.977861736605092
113 -30.16274680401152
114 -35.77325393950653
115 0.8909897388441709
116 -40.175822201019734
117 -22.57144837905248
118 -6.0758157511165605
119 7.490509220298869
120 -20.79606275291935
121 40.58816132003822
122 -13.00563212103259
123 25.70606279563266
124 -6.18508771696011
125 11.603886590645814
126 0.18037118151631443
127 0.0
