0 0.0
1 -5.196369488917182
2 16.579179340035633
3 -26.952604579230545
4 23.364718883437693
5 -22.40774336235231
6 19.10626603969026
7 -2.320473515670619
8 10.68505205713595
9 -30.121405882685874
10 14.628905179295316
11 -33.40251510058613
12 -15.915756480568959
13 -20.505518211884965
14 -35.1979734796019
15 31.102286358401717
16 -15.89059206382716
17 27.037147358049218
18 35.66577205465732
19 -20.356767450161083
20 72.7223957540071
21 -22.396842318479845
22 43.75179292760088
23 -27.625680235274363
24 -32.69817994682828
25 27.861411147910932
26 -97.73364268317424
27 5.851647327603609
28 10.352669233364805
29 -64.54212968215953
30 6.503250702281784
31 -8.79117894711694
32 -49.537283543197475
33 55.518746063154566
34 -13.923254834009091
35 18.871423994832895
36 -58.77183365134465
37 51.621118622447966
38 -91.18647748802918
39 51.67365561036008
40 -8.22029014473269
41 -1.6929835103249882
42 -14.355468482802568
43 34.48413072010565
44 -7.78515724518192
45 18.942101658426637
46 -4.979688200214812
47 -17.142387714583677
48 10.416121592701906
49 -8.490289127437515
50 3.4141373792938503
51 -64.61284609347634
52 29.18633337785515
53 -62.602177466368225
54 17.808596841387313
55 11.29961198243081
56 3.2918140423569726
57 -13.355279618536814
58 25.834043802598462
59 -33.24613943107821
60 19.961189536108183
61 5.73266028095459
62 -53.7148294888305
63 65.12229532758643
64 -55.34860692722676
65 -4.801653385470185
66 9.708642799116497
67 -36.32320785091568
68 24.10172666593063
69 -6.108825696885094
70 -13.891351632722813
71 49.06361052312315
72 -8.945493081942386
73 4.195160774484578
74 41.81047969707886
75 -42.76648315184819
76 20.847721279996808
77 0.005474834518633417
78 -13.42817317719675
79 29.241367771886136
80 -16.04117696143045
81 -2.842400140175203
82 20.812469448405967
83 -28.58342339646519
84 10.569079453926705
85 -70.10177188950648
86 33.657529216486076
87 -46.775343187742955
88 18.676941764245186
89 -24.92598422756376
90 13.342106079242647
91 -42.59236105591485
92 -50.53200371685644
93 5.972923581144462
94 -50.08760045025989
95 38.11900579941133
96 -17.606601928402192
97 29.766138437335457
98 1.794148648940428
99 44.61174951200631
100 -23.362165469678388
101 -10.035788225110155
102 7.748853174323399
103 23.84302462238946
104 -27.38971967663865
105 25.749396191403786
106 18.397534907496613
107 -28.502165733958037
108 43.85561789757386
109 -2.5463146522701776
110 36.63988016671497
111 -69.38500135385208
112 59.06489838246769
113 -40.38349697135949
114 -37.312254416631326
115 36.044889490090554
116 -102.49228974973431
117 90.03145145057832
118 -91.89850886701882
119 76.73216152828059
120 -62.05476993207004
121 79.35457787141914
122 -40.208292105585635
123 42.249937229305814
124 -5.5121771833191175
125 9.750098885092083
126 1.0617029720316096
127 0.0
