0 0.0
1 -5.899736222932263
2 14.327253497679951
3 -37.18538348752286
4 12.510021472686727
5 -57.83314617867676
6 27.792402528682075
7 -63.10194396276307
8 16.199518618170163
9 -38.21229767565167
10 34.80297408685277
11 -9.895020013725931
12 -13.98545555119769
13 -4.785410993780083
14 -103.97340912170763
15 43.59265819102662
16 -75.66067263730815
17 15.147547076687179
18 -59.77359417435666
19 55.05517903951633
20 -30.864905329983834
21 51.95885835228012
22 -14.498156129496296
23 46.72502907942874
24 27.997825158581847
25 30.66964778537963
26 24.889103383805377
27 19.1178267575813
28 -18.92799780104583
29 5.8045750728054495
30 1.738488435227818
31 -97.08275547757002
32 55.60089869399999
33 -100.4893742106451
34 15.358092864015735
35 -47.71258974242485
36 -18.44888869623991
37 -13.045765375936934
38 -19.114840648689782
39 16.157720284537202
40 -16.876482044884696
41 15.534343586063576
42 20.752238923789932
43 11.753582868611108
44 -47.655818421884696
45 71.74007036715618
46 -95.35840323354985
47 69.84285377437459
48 -64.87009840824506
49 -17.695320348918237
50 41.65391920843475
51 -29.687401029258705
52 59.711342950429476
53 -23.97070748667116
54 19.726723149796012
55 26.534232525733174
56 21.35469936525486
57 17.234375832681742
58 42.000373187992025
59 24.437180611251634
60 -21.910227209911312
61 45.55611465027931
62 -42.95044161527543
63 -22.82750051616019
64 -0.3275966896522573
65 -66.35962731251134
66 21.044980093181614
67 -60.63626945773088
68 15.389390392026137
69 -78.2811274112175
70 -3.6155150125151936
71 -22.233814883156583
72 -8.552775800648241
73 13.566886769544517
74 -65.52249377836571
75 7.612034455936125
76 -53.10044958929701
77 -19.01162656210076
78 3.61109578825278
79 -12.156772058702053
80 -9.218076250985812
81 45.43948072972908
82 -11.721204582283267
83 35.12958125826618
84 25.635288138101263
85 28.942385171949443
86 31.92871863293334
87 -0.7276592800746152
88 37.74415057593505
89 -4.137649101509926
90 8.534809483097934
91 13.260809071846149
92 57.6916966791254
93 -26.774131194989707
94 11.133603858057644
95 13.469071652584926
96 -26.88609253165494
97 -10.261336337876859
98 -15.347218238073511
99 -14.301691473609434
100 -27.567639098543147
101 37.90765587727568
102 -103.94565709295668
103 39.255289945715326
104 -55.99614002182845
105 4.394418550665143
106 11.34525691048104
107 -53.56216114421033
108 32.70801889927665
109 -44.661742008769984
110 8.060417026861776
111 -9.313513910197111
112 48.25731185409184
113 -38.153603564116004
114 29.647378033708403
115 -23.572834311503733
116 23.547677283967225
117 17.50494131197419
118 39.9228095612044
119 54.608742041099866
120 -43.31881714960453
121 116.11750824510325
122 -57.77877356548803
123 68.05177020013645
124 -20.358176264090606
125 15.774317009190653
126 0.28105141947148277
127 0.0
