0 0.0
1 -4.529259089649577
2 5.273088216372284
3 -25.906352101700957
4 -1.7175804351655817
5 -41.96108717569596
6 -24.121735111013308
7 -0.5600535759797542
8 -54.88542710828857
9 -2.4698949185306085
10 -1.8747969269747815
11 -42.51264897252313
12 37.463804180944365
13 -14.561843559040593
14 23.833720917108113
15 49.15172722094764
16 8.034771323217983
17 72.3190843213802
18 9.63202968222472
19 23.72060378317434
20 24.437306623024508
21 0.34571209645030904
22 30.79400748019816
23 -7.562318641150846
24 4.885598945625333
25 -23.315840058109263
26 32.09682585027341
27 -55.90280219092698
28 39.142110074549855
29 -47.719174686531275
30 44.36083804097881
31 -21.49324133799967
32 25.31977501442693
33 -3.1346511932010204
34 -14.247173564505703
35 42.61702260108265
36 -81.03383377365873
37 90.8561518444417
38 -48.30021913751247
39 39.93454488831921
40 -44.19400267462277
41 19.394901712455408
42 -20.177123670293653
43 10.909573979023927
44 -7.043160513422186
45 -58.50750423531111
46 11.274472795589704
47 -71.06357423063274
48 8.092148685888533
49 -37.45349185199774
50 -24.234850616413276
51 48.47222316398333
52 -73.93750167968562
53 45.337185545634675
54 -20.327788075615878
55 16.311492009279302
56 2.747138301855289
57 -5.614932495171157
58 38.993448373796724
59 -40.680772765672394
60 68.66899414356313
61 -36.69995401442066
62 39.45913516526005
63 -18.528984243420727
64 41.345771771045946
65 5.765551916453263
66 -10.531633005600288
67 42.15360845640869
68 -41.82343613351347
69 63.92482352749431
70 -37.23164547549182
71 18.90235873567333
72 -18.09867327600702
73 42.85745036452686
74 -38.28525309321252
75 30.95239555041359
76 -34.012743800685804
77 15.160804174964591
78 8.31996303125836
79 -54.740903607530534
80 69.12052623103779
81 -60.21098720267268
82 16.003821250859147
83 -22.228789830058115
84 21.58944295889527
85 11.130241418671165
86 -26.33745613649403
87 3.612082156481024
88 -10.68837186315305
89 -37.96181961764813
90 44.9560659738631
91 -73.05810391471628
92 55.95177062197634
93 -28.48066646849452
94 12.84695693229896
95 3.5342891957937272
96 19.94742167054638
97 -4.6067146589870775
98 -10.587901179700387
99 -3.9061330718148253
100 0.8152601880714725
101 33.911657935066174
102 -18.780193273424054
103 31.409742395248678
104 -18.295922108180598
105 31.217881979860632
106 -31.390087612673792
107 20.114131050977928
108 -24.25241491548914
109 -1.0832458271915408
110 -57.8070944822231
111 55.92689721532943
112 -58.274271895819766
113 79.53533946606166
114 -21.084155340150623
115 32.91527236422751
116 48.928157160706355
117 -37.676411906116684
118 27.06187521823222
119 -3.0495151115379326
120 -49.10030482417528
121 27.393588521141606
122 -30.516895726078648
123 23.06665257208584
124 -2.2831620219682702
125 5.8405688459585425
126 0.16606427496506473
127 0.0
