0 0.0
1 -5.990943861339274
2 14.463757765225024
3 -38.41465760919152
4 23.4100175816928
5 -80.96209218862792
6 30.860907869919167
7 -76.7174946989432
8 -17.500941544525954
9 -58.814828840466596
10 -59.504547247053964
11 3.139182382008573
12 -58.125924839752074
13 44.45621742915914
14 -42.82374271226654
15 63.75619657823553
16 11.140746669724281
17 62.03212819151942
18 11.631354972050065
19 84.69218598277426
20 43.071614711115814
21 42.35823553019388
22 58.72095950403451
23 33.01028057443662
24 14.795226565818389
25 15.459621791937655
26 -14.54351134094714
27 12.317315058478293
28 -63.86257642522591
29 18.114079075724394
30 -51.04994749376667
31 -13.634512846312367
32 2.322978757173902
33 -26.275904395528045
34 45.04429104706332
35 -50.55649998726223
36 54.310060131036465
37 25.937741626278758
38 -1.5092083895059074
39 11.625673721956668
40 24.8065521320961
41 8.956650552169508
42 -17.493526431183557
43 37.7828810061756
44 -1.4326274471809315
45 -3.930408637929278
46 39.72277667243997
47 -68.1649819683251
48 1.872354910340052
49 -20.985120935186043
50 -63.57897497957644
51 17.834127945554112
52 -20.53311631951494
53 -37.67857842725087
54 -11.348476285010998
55 -22.831259286236065
56 -18.074121066724487
57 -9.48771812720103
58 12.271485770255278
59 24.290951315803326
60 -21.155768728091143
61 22.191802054253856
62 -35.56303987045614
63 25.35937180072534
64 -1.9861005036000696
65 -24.7978001499311
66 45.585673167254285
67 -24.523529418759534
68 57.97123674546498
69 23.400471713807832
70 -12.60067741980011
71 76.83776093585477
72 -10.45944173686531
73 63.683812828526555
74 -1.1777225196929118
75 12.370234018535674
76 33.63822508735159
77 -34.06760955482881
78 22.35142756994212
79 -11.369321387928057
80 -11.490893426632523
81 -37.260017048981034
82 14.440641083241836
83 -37.02817472178777
84 -20.047533637088875
85 11.721233575193548
86 -27.078744530727764
87 -25.871823082632556
88 -50.47138444474835
89 -43.26189123341346
90 -32.523448402758596
91 -44.020515069584434
92 -20.953415486161965
93 -35.93248665771696
94 -4.4342863215211485
95 -42.26865910726427
96 -14.574614953251901
97 -26.375218223602623
98 -0.4248585215816495
99 -21.01663316175834
100 -16.890154993957935
101 37.882463102336686
102 -41.414599544105016
103 27.754020567465037
104 22.055516852708095
105 -38.320259608528055
106 3.928252042877803
107 -17.357768973809055
108 -0.7325329158122814
109 21.214781105049767
110 17.47315117722394
111 25.780235407876578
112 -9.422509564905551
113 54.69771664117903
114 25.501768301237213
115 41.596196396151605
116 27.361508131043514
117 -7.984259125872278
118 40.71108372705121
119 20.438159085482116
120 -17.9765147561884
121 52.91427439813607
122 -54.12646474876594
123 51.061334026620855
124 -27.96170445153091
125 17.200483929329675
126 -1.9151761747633673
127 0.0
