0 0.0
1 -3.9693657120211503
2 7.764226469561406
3 -10.459480312093115
4 -17.5737972174391
5 14.935650396824627
6 -47.13640966092169
7 5.865730584430162
8 -22.367919599277798
9 -54.69719180056325
10 -24.30694121098743
11 -3.8181027967030303
12 -13.808657291683343
13 -13.644818888858735
14 -31.25472120314586
15 -36.85457485542594
16 5.152308362529719
17 -25.924450138321163
18 -9.100186857872654
19 10.883846146507915
20 -25.23966330925871
21 7.2572265164904115
22 -31.6251193542104
23 -7.416755814813195
24 9.072345256418465
25 -65.01406826835368
26 -1.6186762248723674
27 -28.517049147584714
28 -20.072732538942677
29 0.3868688597862182
30 -23.18252132001444
31 -19.724603421538163
32 -21.14742167051121
33 -10.09548751349814
34 -37.02243413629471
35 13.528720124456726
36 -30.55332119018492
37 14.154281176897452
38 -28.516767701265476
39 23.92271586092114
40 44.270633641685485
41 -44.21769930545319
42 76.04268115742845
43 2.592298559188388
44 22.39262952344462
45 14.775812391544164
46 0.8692371885258415
47 43.86572464765581
48 -15.524002033210666
49 32.76574406455766
50 30.770437537807837
51 -27.80818484282893
52 5.689885285908277
53 14.710413976609304
54 -38.53912323547146
55 17.3181224695198
56 -46.87945290232833
57 12.105391549146427
58 -51.79792342953393
59 9.865733031551288
60 -54.72563598719866
61 43.91790099658668
62 -32.72450629434998
63 0.8678242444200502
64 30.249130667611848
65 -60.428118100637306
66 0.305813802145308
67 23.66742374730709
68 -9.471589391978398
69 2.2645455060719093
70 12.311392344799769
71 42.65227117544805
72 30.026275916838866
73 11.088098674723627
74 62.068958199474814
75 -22.433108354469745
76 53.02701319462121
77 -43.030921124897
78 52.75075961891643
79 -49.231565221785644
80 21.479991658189476
81 -7.858195474400707
82 0.6384226888097507
83 -43.58968936718166
84 27.00489428399335
85 -70.30796937191435
86 16.574974891604715
87 17.069360194300593
88 -86.00497571206726
89 50.315441166134434
90 -50.43296315972318
91 -16.639849900977694
92 -1.7454169309017398
93 -19.447292451171496
94 10.62536761612534
95 21.64201986176097
96 -24.683805829459693
97 60.55121339453237
98 -24.15965360476411
99 33.49369973427397
100 8.025501042680485
101 -2.710215685594413
102 27.87126861748066
103 -1.212543845775834
104 -28.56741328105486
105 23.144901521863403
106 19.950429191817438
107 -11.67393628831809
108 42.905452029725566
109 -19.12170662694246
110 29.517210842016635
111 2.6539280915832286
112 -11.982481684039866
113 24.201711889510854
114 12.43080879872719
115 6.664567941842006
116 -9.649328829602448
117 11.226403416919673
118 -53.993346237606225
119 41.44608068964
120 -43.67061487487038
121 13.212965526312653
122 15.971231586071553
123 18.12660132058458
124 -1.6030032748829386
125 12.354151511628723
126 0.5004080590952577
127 0.0
