0 0.0
1 -5.200243459755146
2 14.065609751858561
3 -30.214661606328825
4 11.67993386586591
5 -30.777954596121315
6 -16.146458185434803
7 -23.242863050083464
8 -33.585181780621966
9 -0.37032039519786114
10 -66.92195396716718
11 77.96470205532925
12 -98.15393316688738
13 66.67089706480293
14 19.205199915807533
15 -59.71251200403677
16 5.426044565535712
17 -36.53172894075355
18 16.691776160053017
19 -15.215373264218972
20 16.74706647810399
21 -0.7555059859932616
22 7.727666715574249
23 -52.80300247112471
24 82.83446504157696
25 -82.93726781761322
26 22.255976494613456
27 30.98343056554419
28 -57.533572257771716
29 -8.422087644676092
30 15.894674570252654
31 -46.32842532116882
32 -20.241389859318033
33 36.74779187733515
34 -68.55088489428232
35 53.686299371657874
36 -45.10102527800864
37 25.44630655954452
38 -27.937705536109025
39 22.163465498965117
40 23.85774975059689
41 -8.947885777492596
42 28.013224082592778
43 -0.5254949212313937
44 41.78192508131026
45 -7.954192289302533
46 -8.404480114910314
47 30.027483448694852
48 7.399766094584059
49 -4.599047944764176
50 17.66735402214804
51 17.72334615483256
52 5.901699630780351
53 26.295679053658635
54 11.128646241473497
55 -6.834771309534787
56 29.94951618956145
57 -51.91585453830231
58 16.004522240073456
59 -67.28059447085388
60 7.9883798086620095
61 -17.396223915873797
62 -22.056575224318486
63 5.4236530209940375
64 -47.25756326753777
65 7.214817545718502
66 -28.836924313415306
67 -25.343119709752408
68 16.43847921404491
69 -22.767259583537385
70 7.315269658224016
71 46.30761608538512
72 -7.665905447069297
73 69.06249198751942
74 -62.912903932128565
75 52.822360017296454
76 -18.391727550360354
77 -18.55013131246311
78 55.124925244418826
79 -30.928515234550208
80 39.538626179681245
81 -39.62739293391676
82 4.633070881042477
83 -20.80448699934299
84 -23.325749030962886
85 -9.016942031949718
86 -53.67216469555189
87 -24.72058500117439
88 -21.78016999159723
89 -38.653875126535446
90 -15.82413699048078
91 8.616202596718598
92 -24.06230934860473
93 32.78985320557678
94 9.359197229941733
95 -11.244634213082488
96 3.074986316401391
97 31.255559762352313
98 4.694510273114165
99 -18.30538995762191
100 39.28730745976681
101 -15.980468003115641
102 55.707946495978945
103 -33.90338892808292
104 33.37368675761797
105 58.167737538742294
106 -32.98853823064313
107 50.12101203649656
108 -16.080105248273473
109 -13.691254569545679
110 -46.21816493208006
111 12.177971091193585
112 -19.611698924681704
113 -51.034873368947345
114 14.398907470665073
115 10.490597327756673
116 -11.773581941533237
117 66.42297939084374
118 3.487156078744887
119 -3.6908008801672985
120 22.542138387723636
121 23.932161522049185
122 -19.950900418268812
123 47.9611625058809
124 -18.52890858655841
125 16.07869021503992
126 -1.2437245409063051
127 0.0
