0 0.0
1 -4.988198127031046
2 19.186869690062945
3 -29.253983902210454
4 22.25588231474505
5 -14.478662688310422
6 -28.76723166182179
7 12.770110381336949
8 -49.04498540370159
9 -30.504479091009006
10 -34.64850149295401
11 -11.090809185207663
12 -60.764241854037046
13 -40.814871747098465
14 -50.498321784483174
15 -70.17103744015934
16 -49.95380007487666
17 -13.672296847414666
18 -54.406510309347226
19 22.462935566964433
20 -42.73534556674156
21 -14.641285406914657
22 10.805803004038188
23 -44.419248889004606
24 16.987854973655136
25 -22.069798180878266
26 1.3540901259836424
27 -3.6391230858720167
28 -25.692002724615268
29 43.38424102445727
30 9.266363801376352
31 8.475219016986026
32 40.344564178315174
33 -0.9459955158001206
34 43.79083909266541
35 -25.510449642700046
36 23.59229290857566
37 46.78219179014423
38 -58.457520585351666
39 41.955169220492934
40 -6.896622110642404
41 2.609411708785264
42 -9.503236338424239
43 63.07716419390551
44 -57.096434149735444
45 93.34095750922936
46 -28.870812194408245
47 8.953885983992835
48 64.93195760751885
49 -27.847502060773166
50 13.065734251615746
51 -35.05829755349177
52 -42.06177518414869
53 -55.97757358398405
54 19.369958541791014
55 -69.65060311899127
56 -25.393417715184153
57 -11.928253851135045
58 13.16488725293639
59 15.943957420762404
60 -5.637447398533721
61 -3.3558915640592937
62 23.824398085365022
63 -36.98689716780867
64 2.241263691171139
65 -9.569790456288715
66 -9.592569706041585
67 25.462046684294847
68 -14.302953314077412
69 31.401506030894033
70 1.8978174348869492
71 24.84635156750169
72 50.81508604220575
73 -6.095194686597214
74 45.662704655095645
75 13.993901037676757
76 -17.42912897606392
77 20.70887525486622
78 -40.445159982486
79 24.970482570226267
80 -36.13722197385229
81 15.849408597553278
82 -19.1037258275573
83 -50.75373679765757
84 31.228361850371986
85 -39.89683671163459
86 72.90855994163023
87 -9.640273764564013
88 -10.489426461461216
89 2.633721632260025
90 12.658167890572738
91 -15.320455967563621
92 41.87325194923459
93 -52.73348386723908
94 29.405636442005207
95 -37.28606994659215
96 -5.184443057394788
97 14.442450816410547
98 -43.40237539210717
99 58.77435894289854
100 -55.09027250563272
101 61.24918023385224
102 -18.763197551672093
103 13.532614548489569
104 11.08719073064972
105 -17.844481556998677
106 -9.947019591631031
107 -37.551853170767636
108 -12.432846112800775
109 -20.305725313088953
110 6.536468520439017
111 -4.168902341038167
112 -56.389396488833924
113 27.603455583420324
114 -27.53565419880193
115 12.20180404158354
116 31.92462792717686
117 -10.819160939221037
118 6.491557951295349
119 52.91840417788439
120 -49.902127437829265
121 74.14900362581302
122 -30.024916576508225
123 55.504479804537496
124 -8.044486237017159
125 11.714391729572096
126 0.8004232406576612
127 0.0
