0 0.0
1 -3.785371569678051
2 11.147306435682479
3 -13.87672171184916
4 -2.7863460504797946
5 1.8382021698676438
6 -57.434626683057665
7 8.257669267755071
8 -42.32894702468348
9 -45.78490803663664
10 -42.32959161432346
11 -0.3046354082995078
12 -87.37672903415888
13 63.693354932557014
14 -105.27965205356793
15 58.173190304376035
16 -36.9073413241189
17 -12.017690253444394
18 0.10096280942576917
19 -101.31106025975018
20 25.635679499201867
21 -97.9226654732686
22 -16.76401383996743
23 -63.40027718511512
24 -10.243738735116029
25 -40.934435814375504
26 3.4736816505411436
27 19.255779660704363
28 30.682952121522497
29 22.722434530389567
30 58.589753623287045
31 -19.9865670622223
32 31.177783733277582
33 19.600600081010256
34 30.695481309899662
35 17.905263119287937
36 -11.410341023633482
37 40.05056237426225
38 -7.115553978685437
39 2.031728634869136
40 -32.51057433508113
41 1.9201295855385097
42 -38.14249295382332
43 -2.964286194036111
44 -34.45482317877498
45 21.967074452653222
46 -0.960327331482361
47 -7.787369177190463
48 -9.394223559394497
49 45.66659591411286
50 -44.34269882017227
51 31.978433771792215
52 -26.382142737844763
53 13.11159701215683
54 -0.029849662338095388
55 -13.886830959955258
56 43.335799878816935
57 -10.724588039835432
58 31.63572453007562
59 -32.47462594813819
60 60.219001762394385
61 -41.657404673033916
62 39.91507510124103
63 3.1930840448771782
64 20.57813586243831
65 40.419073571232914
66 27.169933585153366
67 68.76858474156808
68 21.959377186588686
69 32.03073192235373
70 59.66010556167997
71 -48.20184187448089
72 7.44080191127856
73 -18.674569863814813
74 -38.752250023746484
75 17.432124908359352
76 -53.98220095466011
77 40.56190857846464
78 -61.24325019669739
79 22.49751875092775
80 -28.777770445482947
81 -14.337472637313615
82 3.851348859834822
83 -13.128828934823423
84 -10.04742748902693
85 -13.224527697688442
86 -11.066710596106363
87 24.73435239769805
88 -20.687897428905433
89 -12.353162196583797
90 23.75384408990581
91 -7.498583110339733
92 30.314360199223554
93 4.540039336736524
94 22.3203580210866
95 40.51704219469065
96 -0.8867137853490095
97 12.386858301609507
98 52.85865817668005
99 -35.923525223732305
100 51.92547246535898
101 -54.31745747258692
102 -4.823217233851564
103 -57.48044001265503
104 7.806437838085243
105 12.479778697418986
106 -14.872542720113756
107 30.226099263375016
108 -51.38491451003996
109 17.102930031011528
110 -5.18455637778896
111 -45.09882582024874
112 -5.493042220982234
113 31.075753483182037
114 -75.7519025663679
115 45.65616271789963
116 -27.380558033941703
117 7.827919353191883
118 10.182069229073837
119 -36.83679101520635
120 30.818269989266142
121 -4.96936202267809
122 0.3429054707706353
123 13.638442363390899
124 -0.4804955895875059
125 11.662129338024787
126 -0.01750091919314274
127 0.0
