0 0.0
1 -4.1080419652587175
2 9.50519238727144
3 -20.356051858808843
4 9.07339507524789
5 -39.83244695412796
6 16.397128269551512
7 -41.31468214674583
8 -1.3611625733250345
9 -21.31130738183014
10 -14.666642598341355
11 0.2925818491544109
12 -15.332848120642824
13 18.94233904689505
14 -28.8959088439054
15 50.25571020823621
16 0.7124753022331842
17 19.01311679407746
18 18.716651168715064
19 -7.646651853846521
20 -4.0768073419488084
21 -42.93557069641233
22 13.740875271281292
23 -61.95537530011922
24 19.97007994481436
25 -38.95335495762038
26 -32.91732097193347
27 30.576117078244796
28 -49.21262739059679
29 8.084543499598087
30 16.72170618242871
31 25.59447255058036
32 -4.331963991887038
33 2.504581180439504
34 -22.176826178041175
35 -21.91170523479331
36 10.753507188026502
37 0.027633913734982623
38 -12.148809120989068
39 4.883912242772295
40 -12.949417000265884
41 12.952421409583097
42 -3.2822260892568056
43 46.791689395735766
44 -4.965194405149717
45 27.427475419536176
46 13.069491760873506
47 68.71842748483864
48 -41.26809761465699
49 89.42570726189624
50 -44.152384189808735
51 65.89417519373877
52 49.7133970344561
53 -42.28407477676185
54 54.38520654339044
55 -61.43299222177737
56 3.0384233248657027
57 -70.74853497541048
58 -8.680100116387838
59 -73.99983210710921
60 -34.538999988115876
61 -26.869902156947045
62 1.6449887008538933
63 -5.546358680132835
64 10.21159847345314
65 -25.398038805322223
66 41.87743709946878
67 -50.33275271631307
68 27.354542635572905
69 -28.286978697226115
70 10.25429367455349
71 -24.838868500272216
72 -19.285710852382113
73 11.48800467452859
74 -47.87679738752704
75 87.17137672794541
76 -43.9671633806879
77 23.06115673110677
78 -32.92298952588787
79 48.41687368776092
80 -43.33756808118319
81 32.85221373864404
82 6.504396444050299
83 -17.982771171457646
84 12.130586512458413
85 -1.3798049054281536
86 -22.60183272131227
87 30.63647205630397
88 -44.07502729568281
89 22.249494050836205
90 -27.9759705362121
91 -22.818348912870345
92 24.519415873866027
93 -51.84784727241621
94 29.198974630722073
95 -28.381869041672857
96 51.69236818831275
97 -32.82813975695535
98 20.84087436090956
99 -10.098251374870559
100 5.653382443842579
101 -43.590630727196704
102 15.307870909542551
103 -62.98545051542971
104 16.60537386824849
105 -18.254628442532038
106 15.404811162991578
107 21.56938922785723
108 -20.59974631513676
109 87.16716903581514
110 -98.62663110532117
111 59.6614317370541
112 -46.53473841525597
113 27.437331327675246
114 -24.244546901073804
115 -17.674681826978155
116 37.401378514644136
117 -48.664032549331864
118 68.4580669276036
119 -18.40736965842602
120 11.154624821498752
121 27.143638987397207
122 -1.858896706156388
123 31.586636685161583
124 -10.770791563228064
125 17.46479308236071
126 -2.083393132345371
127 0.0
