0 0.0
1 -5.5469853179360875
2 13.831790896645504
3 -24.944692340057795
4 15.515422696468253
5 -25.19267053201138
6 -26.92726294350995
7 -27.21891805564737
8 -54.64208562623445
9 0.3457715742083806
10 -63.059851876079904
11 -13.00104990383462
12 -28.147886531094773
13 -23.335457197521695
14 25.46049043884892
15 4.434800367584286
16 -11.863537090559081
17 1.2066196007321286
18 11.436717905179524
19 20.10652812356
20 21.651410748314355
21 -8.441382697289084
22 32.12243748067758
23 -20.233835134831075
24 45.434400793535524
25 -18.58560492421872
26 53.66567688839439
27 29.801821802035604
28 -66.63385717127825
29 84.89501408890115
30 -117.13871512165329
31 34.099423194271075
32 -56.22249450907071
33 18.683618554914624
34 -49.11552560543877
35 3.1281978634342105
36 -19.240661935106193
37 -20.49374679892949
38 -36.61226910770912
39 -41.28437576420913
40 44.85844110231309
41 -38.07193192723844
42 24.70157041438745
43 30.636079483986887
44 23.17006278898015
45 -1.35207497055288
46 33.569998259971136
47 -32.85601609243041
48 10.882086502386445
49 0.5198301403163971
50 -48.382638542460164
51 66.10284265874219
52 -57.94446531784441
53 -29.306333504457744
54 11.78350567748404
55 -67.75521074330723
56 43.00299310868048
57 -34.75629380342843
58 20.735608249589088
59 -19.000714764237305
60 13.002762277115298
61 -2.8419125214650673
62 -15.241711959196957
63 -6.197832570680413
64 -7.230111249704064
65 61.57275927565434
66 -59.56636567835391
67 101.4309941925663
68 -36.81809692478604
69 47.62320017020949
70 26.234217991412784
71 -26.528041600580003
72 53.68630426103256
73 -35.4191627667507
74 38.281379588006345
75 -17.02128870307846
76 -9.411097070151065
77 -9.292323425260543
78 11.660371980119194
79 -42.21822741367404
80 30.080550077268047
81 -2.0948492711626723
82 19.03239510122245
83 50.02540879499482
84 -37.05048250577035
85 88.22571927765675
86 -36.972441279423755
87 -17.11312042436905
88 5.936022995546921
89 -52.000240441690956
90 -2.397307463880742
91 -1.121091521546823
92 18.712762759292453
93 -33.70977298307957
94 26.906393496902833
95 -53.96774382939242
96 -3.813678491920213
97 9.177545378189633
98 -67.77338614924693
99 13.861817779374778
100 10.035343841515884
101 -56.33951942551929
102 -4.242538703473891
103 -24.246814997884613
104 10.198939227582855
105 -9.698343675819373
106 -1.3537020626585545
107 14.258062502804906
108 1.9623657180185616
109 -13.325743534668245
110 30.56735866019317
111 -13.561145604117673
112 34.795243368246965
113 23.308322519012844
114 -24.983156339893643
115 59.87697825855111
116 -20.878778626036492
117 59.847482696374534
118 -83.64046901993433
119 97.02256034295728
120 -79.86905989000721
121 67.7661857784804
122 -23.275245824057823
123 29.497058883916523
124 1.8522916685659603
125 6.989657820733373
126 0.9485433119176773
127 0.0
