0 0.0
1 -4.4787919942499475
2 10.089557404209263
3 -13.667904378865828
4 16.126099947502546
5 -30.107825227860186
6 -9.51288589504282
7 10.595306271488326
8 -55.63638237196605
9 7.722808574568854
10 -9.884285269176033
11 -31.591649960392754
12 -16.21256954848301
13 -26.143083424877958
14 -22.88008927579124
15 14.520296738118796
16 -14.071582670010518
17 -13.55570513053284
18 24.05304760844276
19 -17.434322604493712
20 18.040489120356042
21 -14.567764478778134
22 -28.980636195451364
23 0.28392382609151495
24 -36.73935567342289
25 25.111460034625225
26 -87.80438280020671
27 10.939320865520036
28 -88.54450054572159
29 38.303138334289095
30 -15.247269144702273
31 16.895141005711963
32 -11.64111671513255
33 -31.83892568280461
34 56.24795885665814
35 -4.9778318325863555
36 9.175478038265217
37 -3.7022303587415797
38 8.7760487562547
39 -34.155946908680455
40 -27.272949629709373
41 -9.887942189885871
42 -18.643123549301606
43 -7.035077149330916
44 7.352696091783178
45 -40.427995406692204
46 -16.850278047549498
47 15.146938525358138
48 -11.584122614718417
49 -12.118582647764367
50 31.576442381079364
51 -33.13094533941553
52 54.24585363099871
53 -48.80283492437204
54 66.37544208989195
55 2.8156573509098757
56 -48.283604622373836
57 23.953927024245434
58 32.88670095725801
59 28.134510965372087
60 -6.251899600567072
61 36.89121242614196
62 -23.891249526644117
63 27.148908530374104
64 -37.61626375879659
65 30.776771124629704
66 -4.17995694756688
67 -4.331810068965967
68 55.37713499418689
69 -1.009938296339094
70 22.415090278084293
71 32.81763491426381
72 -26.244502652153063
73 45.61346880377551
74 -11.667077737170537
75 42.78222278285608
76 45.38764807184396
77 -2.1819269409615982
78 39.69783675383071
79 6.408838353824701
80 -9.607593146950283
81 -14.35281122613328
82 13.236167535439296
83 -18.240909707034213
84 -26.867953955819086
85 -26.171560504763338
86 -41.09689259227881
87 0.30614973575707344
88 -59.06818541896965
89 -37.468369190989726
90 10.522994194437052
91 -73.8406574072318
92 -6.5854328216256635
93 -49.21771660977815
94 15.135385942415633
95 -16.787125281221687
96 -3.0526775094437553
97 26.01332279348896
98 -28.253378705631725
99 10.568248993672594
100 11.337416770174517
101 -50.696755504723036
102 12.025347580922498
103 -7.702948678995059
104 -56.614322412312326
105 54.89913839703836
106 -24.892536306998135
107 19.781889241249754
108 21.47050963231516
109 -34.40962942172528
110 42.90481217577923
111 -52.802554746475195
112 18.811573629605014
113 3.2910263735026484
114 -28.97927045890936
115 33.40986954587774
116 -32.70633135627103
117 66.20490591721234
118 -14.130885843328567
119 66.14638071187412
120 -14.008265383321978
121 32.356875910491375
122 -6.205635980795783
123 27.959579921037452
124 -7.810893183204996
125 12.280049505912384
126 0.30516531108234596
127 0.0
