0 0.0
1 -4.307358979215383
2 14.36806278133262
3 -16.54437680903109
4 0.8323685096493907
5 12.56011657820468
6 -26.583940344339794
7 -7.184049229109826
8 -15.842094778091802
9 -22.48465094752777
10 15.129580388699273
11 -7.855419760554264
12 16.761425817708574
13 -34.062543332904944
14 49.72871410318165
15 -70.58188587727825
16 14.137939906030999
17 -72.11865783224135
18 -18.414216316438996
19 -37.84491542201044
20 -25.004689368778724
21 -59.922475946017435
22 -54.60645910077939
23 22.938185875972547
24 -121.28124868289038
25 56.52187449420437
26 -111.7835735139828
27 43.245552000225324
28 -55.20688364748108
29 46.692623063804206
30 22.839472052090443
31 -37.7945346243797
32 50.44365073212691
33 -42.263814011715006
34 10.234372217877716
35 -15.235033589334895
36 -35.379463088348174
37 -26.642478304309947
38 -0.2075986125214508
39 -15.87535841540371
40 -33.366131185419455
41 -3.3055918587137807
42 -20.82284343629645
43 -13.848357547171378
44 43.22303480690876
45 -34.862353630715
46 53.60173612751017
47 11.899156030520608
48 43.9776584312442
49 44.44324508159965
50 12.614119994048977
51 87.90301290465612
52 -13.583568119307587
53 74.75605408240928
54 7.386000526745862
55 31.451549590985405
56 5.205950941654931
57 34.7102902501139
58 -21.047412613259432
59 55.96608304240548
60 -68.48773286635246
61 17.812245454835637
62 -11.724884190367508
63 -70.19882122390972
64 12.41917963137639
65 -28.926891737251044
66 -9.752948695935157
67 7.310542202461108
68 18.266622772279167
69 -25.785412237247865
70 9.518271193927182
71 -19.6690233956314
72 15.525970466816943
73 -8.598815002985702
74 23.511495614635766
75 -24.867508174384263
76 15.395521671588186
77 10.904030317159965
78 -31.00571090224164
79 27.070282168970103
80 -1.0045764196498905
81 -1.7177726046871729
82 20.08075477921425
83 -28.84394165670143
84 26.65124939835179
85 -30.313397078487135
86 -11.204717923355359
87 -1.4257744309002036
88 -59.41248437247091
89 31.893035414368804
90 -28.374914676927663
91 -26.903633840650237
92 -16.866699742822373
93 11.406843755216604
94 -11.573364559036591
95 1.180164223075111
96 26.135204695138604
97 -29.00114143252501
98 74.27742566675292
99 -96.41650359936662
100 91.01151101708471
101 -28.63075318752446
102 6.677105450027553
103 -7.13936262322472
104 27.464408987920372
105 16.800714782990223
106 -40.67840917497908
107 42.223298309521354
108 -53.41546386061126
109 30.15871670340195
110 -60.60614758709686
111 40.87440071800287
112 -53.822580001574
113 38.189085619042245
114 -19.383165343672562
115 50.148351175358876
116 -55.70429540657836
117 29.802927441367544
118 32.178276739451164
119 -18.908880522466127
120 43.295037402245455
121 23.82001283576969
122 -7.462243582507895
123 29.30710818360903
124 -7.077566856396866
125 11.740862466616571
126 -0.6984071043133114
127 0.0
