0 0.0
1 -4.72055605475124
2 15.081588932393691
3 -31.405397083245482
4 21.92879535197422
5 -33.26836052873051
6 -17.45626202031786
7 -3.0377480467921676
8 -66.16802288495093
9 26.772175024870567
10 -135.25613779449967
11 31.609197087449726
12 -64.32034547333902
13 -9.186319233344578
14 -51.07794240913964
15 -12.568466205767875
16 -30.556243135176544
17 -61.43002972697215
18 28.397886404383904
19 -40.261185810200686
20 -14.309471657725222
21 -34.24438216872527
22 -27.934337322049537
23 -2.610856247727739
24 -20.51645269405384
25 -1.2612087994605263
26 -5.802009354239711
27 38.678096721160294
28 -9.359088223856912
29 20.29186006272078
30 2.8484576213304527
31 -6.857018367753833
32 7.4934551027641305
33 1.2971994270103349
34 16.275671728262417
35 4.988921735004358
36 -9.166762316293758
37 50.01509065910561
38 -26.528650716343435
39 10.445420399981167
40 13.362896651705327
41 -52.162136757977756
42 77.43356264163654
43 -58.292261813944215
44 76.62325271327427
45 -41.32666998377555
46 53.32515756290797
47 -51.42007746564371
48 44.68075686835137
49 -28.691134833600675
50 -25.362633633351244
51 70.94132366068678
52 -87.21942688345402
53 66.94956008262665
54 -51.32951603536621
55 -3.746919621562562
56 -31.512555614361883
57 -16.397247429677222
58 -21.31021318968786
59 -26.54408039587408
60 19.94096423637057
61 -23.114227296113476
62 -17.99578027579468
63 29.392515812969787
64 -75.37352067394524
65 77.62651035529947
66 -39.79887412183284
67 45.96379098338325
68 -32.53851543966735
69 64.81174496073953
70 8.657034238055632
71 10.506709452913682
72 26.947236820270522
73 -19.9344821722679
74 77.57335001092684
75 -73.46219880913875
76 71.69172624407346
77 -66.18236725714834
78 38.75153383827685
79 -36.754091222272
80 -7.122897334080184
81 22.709091955460607
82 -15.007087106955508
83 -0.26998709173168095
84 -34.039586747850535
85 2.5065461933685675
86 -9.149983649292372
87 -62.812167148278455
88 45.212822738278575
89 -88.09454571093023
90 -6.550219718242436
91 16.03792114370523
92 -57.634547504577384
93 73.1683784397797
94 -87.56220307738505
95 61.06839021853178
96 -65.97422356270313
97 6.165126999607141
98 -6.601501490287878
99 -16.99711745230207
100 40.115793341781135
101 -29.113284204499784
102 39.59707104022137
103 -57.09371980427494
104 20.628216092711412
105 -34.14731925125884
106 -20.238400200477553
107 0.14036893403704917
108 -59.84786879206588
109 48.79517965461912
110 -50.39663663984085
111 19.066265173293207
112 36.64856715543033
113 33.644845842400855
114 34.23434464293389
115 5.760622386909464
116 52.25806256801707
117 48.56973294848744
118 -60.9454917928242
119 97.9189306535731
120 -46.268898643666446
121 38.04149567063732
122 7.075934065926431
123 41.03628458732649
124 -7.21883844970578
125 15.88836073551102
126 1.640054383962367
127 0.0
