0 0.0
1 -5.891516774924965
2 17.36373797790921
3 -26.40952975447461
4 6.8802688566894865
5 -33.49242160391906
6 -20.98568037771741
7 -27.695598847488277
8 -56.366516504798675
9 -5.90888430234127
10 -95.23502758560349
11 13.576739874354944
12 -117.93920053924278
13 85.02407102625895
14 -91.07214388809733
15 93.49171103301524
16 -23.9220502148932
17 44.97834050628105
18 5.789203472537879
19 -22.26471245966252
20 60.75167303539906
21 -28.820188239206338
22 45.67712071547062
23 -23.511884633968975
24 4.160523134924078
25 -0.7517285914280862
26 -1.0460015385397652
27 -89.7198697616267
28 18.336333994666603
29 -49.592538304799284
30 22.926365165432983
31 12.591935663018413
32 19.49253880064911
33 -7.5571683594085615
34 16.039930670952828
35 -7.971055631806705
36 28.76725520683954
37 49.134652024557596
38 20.645859281685425
39 32.40701649324785
40 4.542784675855409
41 38.85231825609231
42 -4.566991752677119
43 -5.967415049918545
44 -6.350881973446234
45 31.023329195685054
46 -28.04933131924707
47 -28.47078323197566
48 15.966363078244452
49 -8.316575698549137
50 -22.739887283764148
51 6.789186409511134
52 -31.40032475397078
53 3.296842867473569
54 13.818087361333674
55 -18.961553964747655
56 12.481395187587198
57 -26.002883285936093
58 0.4293882596238417
59 6.377076775992373
60 -33.96012471608236
61 24.40909943363727
62 -14.710952355443752
63 -3.2354775050952345
64 42.32896967998882
65 -6.869272858762342
66 20.559668773860977
67 -23.47500384668417
68 16.578027669576052
69 15.463361441398424
70 -34.63894170832321
71 67.9407488887073
72 -12.796849436075936
73 22.803309169591508
74 18.885896729004656
75 -39.5457952847865
76 26.81477732609819
77 -37.67816772147677
78 3.030406244541728
79 22.097992078767824
80 -28.123934104644515
81 18.467089554349673
82 -47.81378360211521
83 7.487988796528877
84 -5.45315245225675
85 -39.30693495692375
86 -2.9832964319677497
87 -32.3265867290222
88 -2.8792007147535092
89 -7.631112397878302
90 9.860239273904927
91 0.14128674933405239
92 -11.445573010409877
93 1.980393185962221
94 -16.674374629934906
95 28.54023756631208
96 -40.914351927546015
97 58.022739658946854
98 -18.703692073234613
99 16.27650093207799
100 -21.956032579574636
101 -2.938778529531775
102 20.559139583960015
103 -61.645970270668975
104 28.20710064522418
105 -12.504645274916012
106 12.272672909943834
107 -20.383889161041218
108 52.0905590684628
109 -51.853314182048265
110 8.09419431720871
111 6.692072880059819
112 -41.06132385803065
113 11.96233329670693
114 -17.736824129416007
115 -12.035065909023931
116 -14.987722363460914
117 35.29346802854015
118 -27.524629165324438
119 47.43443767798173
120 -50.080627957004765
121 71.88295572576776
122 -36.41559019352549
123 35.61607968370215
124 -7.128127843987368
125 7.853671613044838
126 0.5899762154388185
127 0.0
