0 0.0
1 -1.4199861010025532
2 1.9861887151162843
3 -4.257910403372797
4 -1.1425675673769677
5 -12.887681905346382
6 30.887698168611994
7 -50.71807755044583
8 44.76216871746734
9 -36.89934793942934
10 24.028003545575313
11 -14.955738121827023
12 -20.078570426274858
13 33.48052955869915
14 -61.053363488213854
15 54.26442387712588
16 -46.6379435743567
17 39.015182423813165
18 37.43745613071671
19 -40.866139868117116
20 53.38335506505752
21 -28.711634377850967
22 10.264810225988862
23 15.579069364841843
24 -21.753726517739334
25 59.10480105731973
26 -40.69139172659115
27 41.139403346728095
28 -26.802970931475468
29 15.28505378924577
30 7.167835558599063
31 -9.06245735514687
32 24.778999360375227
33 -22.27857399593806
34 -48.46385260627919
35 20.802180942934182
36 -89.35455345006588
37 17.622197048314835
38 -23.903331599189308
39 -41.3437676128299
40 20.423747333693893
41 -49.11566280969107
42 -5.996080191362026
43 -13.294427988621269
44 21.067104102749212
45 -39.11040789110094
46 2.5742402352981126
47 13.084157794356946
48 -35.310095401550086
49 50.64904919924425
50 -5.443915237527545
51 -13.86293373963361
52 14.389903096200571
53 -45.63605393919913
54 59.516149209785304
55 -41.52791993781269
56 7.378247604794747
57 -21.057433829883433
58 -13.50384329427646
59 -5.209682937845775
60 -18.779148118114232
61 -24.97073304543757
62 -12.32785405048772
63 -8.700063176865832
64 0.5288383753569973
65 -11.30222281976816
66 24.100939471076426
67 -24.57573914484698
68 -8.412283130014398
69 43.3089049179549
70 -32.05636355708038
71 26.429286631793964
72 1.2640912890255451
73 -4.371199442652018
74 31.112879279726272
75 -7.033602177855775
76 51.84945793039376
77 -48.38641870459023
78 -15.05861670339237
79 8.419291300950993
80 -33.443432863334884
81 17.575377901454278
82 -46.54755148265649
83 16.539108245576244
84 -13.910069115941724
85 22.11590860468921
86 -13.907388618482747
87 11.830032887089288
88 2.66491394607903
89 -22.00945436987584
90 10.141219739816673
91 -11.34721680834852
92 -9.405996195593021
93 -20.946094064783164
94 -3.177203677509099
95 32.261587670610545
96 3.16707283718825
97 53.24403747564585
98 -15.28952686591416
99 13.414362744500634
100 41.885607540985056
101 24.33492652609777
102 59.43924490445107
103 -6.556811833336825
104 3.173973192671819
105 -4.1858209461340765
106 -0.7348811590272222
107 -26.60467744473793
108 -18.844916588273822
109 -10.171829837708934
110 9.309180536251137
111 -12.319946361106485
112 27.02711197708202
113 -20.72258814682194
114 8.431349389270432
115 -23.625787014599954
116 13.401713624635445
117 -2.047196475003519
118 -41.31594170825131
119 41.32909554154382
120 -78.50313764423245
121 4.787012042657371
122 -15.851498023141524
123 3.2022482476299157
124 -3.4438014306988953
125 7.395799419571989
126 0.1449392941871158
127 0.0
