0 0.0
1 -4.177213884822452
2 7.690110657103109
3 -17.89024302820551
4 -4.861345878535575
5 -30.228862614923184
6 -1.7559054985721685
7 -31.675951306269067
8 35.12938743633656
9 -11.856328884885269
10 45.080933733447495
11 3.947245051138463
12 -16.31514749417356
13 43.49109350312927
14 2.63392398456318
15 -27.779380130079094
16 22.336808231464207
17 -59.776337508239834
18 -31.133449968051906
19 -28.17073321501093
20 -38.93639116368438
21 2.0546216283266605
22 -8.078569973395023
23 23.335256082772723
24 8.000029308942592
25 -8.571642675567128
26 61.41683659202982
27 33.20289108476815
28 2.014533852347967
29 -11.828805358101892
30 -1.978142541813343
31 -7.265600520330039
32 -40.07133791053428
33 -7.868653750309401
34 -44.91844572755991
35 -1.8649306727840254
36 -62.9154382192765
37 48.423459464973945
38 -43.72746182430472
39 -32.87844606621837
40 23.70517052403702
41 -36.827806595975616
42 25.964494214296128
43 -20.22067319761278
44 -0.6229124399800388
45 36.19125967396042
46 -26.10756826734158
47 61.38244442203844
48 34.87321064958026
49 -4.902237099272321
50 51.54270044089674
51 -6.214742757381337
52 48.88084701213317
53 24.494744633855543
54 20.369813393196484
55 23.346016862673075
56 35.442295435670665
57 -24.25521103618157
58 16.12889205713101
59 -8.871302752901434
60 -31.01868858427636
61 -4.082293744126739
62 -39.564957067049065
63 -13.731897260131344
64 -16.39454396706889
65 -43.03916950671856
66 15.55417210544296
67 -40.472637823916486
68 -3.9972171562124483
69 2.6778085944450063
70 -84.9563488869161
71 16.434689767645118
72 -13.165150612573015
73 25.97127793532157
74 -45.925706298395845
75 2.431167598308769
76 28.6270679506638
77 -21.292487576679104
78 68.72445632194344
79 39.41061500589199
80 25.476939766931263
81 25.788147341256224
82 -6.537395877012715
83 6.6286760049878914
84 -37.984821414619034
85 16.322078347563057
86 -51.54712873857449
87 -9.16567932548036
88 -3.6084126695354763
89 2.205465854138681
90 1.6050922122961688
91 -36.10031132286141
92 53.00567996807361
93 -32.30177699765412
94 31.203510515890144
95 2.4442784743285193
96 -10.707816651685452
97 7.937910019911429
98 -9.759104242215727
99 45.3232211262309
100 -5.932644722861973
101 23.77232101409497
102 15.50742616305782
103 -39.72531905961155
104 63.90097546409494
105 -38.50168159027823
106 23.95142209506443
107 -39.555625207631365
108 14.695517146614685
109 -26.286671529599502
110 -2.0960272209977244
111 -1.8109702415085096
112 -11.278207406397085
113 44.83448892848555
114 -10.431499026825687
115 36.162869898419835
116 4.304861604577205
117 -5.201429708145002
118 2.9533493513100653
119 7.113159369243347
120 -38.72971851665066
121 36.41700971319875
122 -44.43486127127315
123 24.35526239668028
124 -17.59313560795634
125 15.21295986352078
126 -1.6110822023791742
127 0.0
