0 0.0
1 -5.262107123394181
2 17.594690561852314
3 -15.08517337611465
4 10.352131281717488
5 -3.7882011683828876
6 -12.053769492356242
7 22.46876313867212
8 -65.32398363467992
9 62.079609622013024
10 -25.41927274196453
11 27.6129226016223
12 28.258759552841155
13 -13.166751833517369
14 29.619889091675876
15 -0.22277051022157782
16 32.195765724658834
17 12.711802693592915
18 -19.921604417740433
19 44.39966292316079
20 -43.126251932685946
21 92.51745769604568
22 5.144057162120916
23 12.010368028859975
24 21.802433324218267
25 -24.847767435898202
26 43.731190711963706
27 -71.79411690828854
28 32.61894044217617
29 -70.31079322034559
30 -22.954421402470345
31 -0.5102006143844201
32 -53.311049788339
33 3.5813905800184904
34 -16.13613670315733
35 -16.624736488136268
36 -11.407786841104684
37 3.0921787390624402
38 -37.93874795237354
39 4.745325087642132
40 -67.96628945856943
41 11.209250028413946
42 -31.075325569004743
43 -15.404739077966335
44 -3.4678354819159245
45 -17.135599324577015
46 -14.298411282594179
47 -8.2264069931908
48 -6.0820384755237695
49 11.841015873144844
50 -25.567848794303433
51 -16.3928580845927
52 9.162721677236757
53 -1.568976077718507
54 1.5944654171372985
55 20.53389136997806
56 55.205035542687504
57 -37.19555785378248
58 43.48946034823864
59 18.486633594182592
60 47.292630259693205
61 -6.801687291657593
62 22.97054692371038
63 32.570070142665365
64 -7.4201246482734575
65 9.56375256741605
66 -34.825310217446116
67 -5.824528285871208
68 -32.51645336388335
69 -8.167463688768109
70 -13.138152753786589
71 -41.298367154911894
72 30.491912601458456
73 -39.141779815056964
74 -15.11169988414771
75 29.82468671639968
76 -75.79399665234594
77 85.05006568237599
78 -63.121237014250134
79 69.81372631139729
80 1.4913503794034775
81 23.99868839068253
82 43.96617044780967
83 -0.03414282030248735
84 60.13612776401212
85 -33.18111787482416
86 48.09049183346854
87 -30.662390447544706
88 10.534018911010845
89 -55.369128021677305
90 -13.71018904261433
91 21.741219852343832
92 -46.538610033026714
93 -9.972257239105094
94 20.4154926459506
95 -68.99339668030946
96 91.42408158685441
97 -81.6845737444482
98 23.659007082186058
99 50.497828059193246
100 -39.67805482457387
101 18.715751898715684
102 -29.36821241210885
103 -61.81905507097697
104 17.323283783067613
105 -37.80099119708104
106 -23.338196558503867
107 -19.016209418253613
108 -16.086905333637855
109 -5.806973433123318
110 -32.01282406844537
111 6.698749017065729
112 -40.30593529433862
113 9.791205032410291
114 -47.81441838935809
115 35.95149980858025
116 -67.7411121398166
117 49.471337130628655
118 -66.45005042134275
119 54.53218053868686
120 -63.61232176721447
121 37.81402270446854
122 -18.393919992554054
123 9.023570730584947
124 0.11897550448876902
125 10.323935146467333
126 0.910740490516812
127 0.0
