0 0.0
1 -4.192115489952907
2 11.325407918868017
3 -21.875181770611917
4 14.449842131513307
5 -10.59000072937139
6 -7.97956376979479
7 8.57781750292934
8 -19.218075628127583
9 15.559326730914792
10 -32.066696758370234
11 20.944665939932698
12 -62.53413275396151
13 41.60920510652957
14 -39.84355225835571
15 86.43770860726029
16 -57.620268957713265
17 40.87531700117402
18 -37.46301324485871
19 -31.079661458761926
20 -11.976386914066449
21 -57.889034202032825
22 -17.55820694639436
23 -44.52601953346939
24 -1.5735233698313453
25 -52.94560252094133
26 24.75335593906008
27 0.11241110942542236
28 0.9602922969070389
29 20.64753223238788
30 5.895261656742093
31 -16.26706475117883
32 -39.3540212550732
33 13.218251911584927
34 -7.501216751698974
35 -4.24999635910811
36 4.829602481799025
37 -28.03842591263715
38 4.780068169196263
39 -55.0755052979149
40 7.993333902904592
41 -41.79346012932156
42 4.908200327734065
43 -30.166961318889797
44 -17.69261796178954
45 -4.230281494352416
46 -1.2011100954195042
47 -19.63152871925919
48 -18.335491669877957
49 -21.45877070872025
50 -29.153238965529287
51 -6.810576441357878
52 19.745164785345676
53 -19.93435371898239
54 68.90525601314316
55 3.427024124006903
56 -18.4295255790386
57 65.06626787103838
58 -53.77836935840567
59 5.284801998668054
60 -1.2155220578515613
61 44.81237583103095
62 -2.8828979336469898
63 44.57262652267503
64 11.913800590271247
65 -20.58727394705655
66 25.78670355808625
67 -24.483816713970363
68 10.820743498191684
69 -6.224352726700975
70 -59.499434047202115
71 92.06724594096812
72 -66.15916928038347
73 44.62462352295246
74 10.30873526122175
75 -17.127358059337176
76 17.855880178790553
77 -58.533574307869856
78 9.152578957810348
79 -62.68384958431959
80 -15.486196900502101
81 -46.32263608097836
82 -4.290669823727197
83 14.421457047106333
84 -36.989459507455386
85 -3.0719412746016848
86 36.14832977417682
87 -4.216646089465
88 55.89021292712362
89 2.99683381514656
90 27.767842723031723
91 20.97159439734113
92 19.633263861309565
93 5.672936934330366
94 21.47913050375834
95 -0.7437926247809368
96 2.70567190229217
97 -10.074899021669085
98 -24.456044778551522
99 -0.30600811828181335
100 -54.36127701460632
101 -8.793288479423317
102 5.108286477197532
103 -26.12925576115495
104 -33.221985091410254
105 -22.20256731289923
106 -17.190548941383433
107 -85.23251236427818
108 -1.3657439176893211
109 -5.378597707925133
110 -36.92052714662321
111 51.310600599264475
112 -68.07640049397772
113 65.09056238154693
114 -23.563083148429268
115 50.17603640485391
116 -44.949466286880906
117 70.345259144117
118 -30.80570854260544
119 36.28946913678157
120 13.94487474414333
121 43.019256478665184
122 18.71507032689669
123 25.425435612375306
124 11.158656964860157
125 8.385629934145072
126 1.8679463686913083
127 0.0
