0 0.0
1 -2.962098810914565
2 8.247402745527928
3 -2.7892931048330865
4 -4.974713905770561
5 27.069519737870706
6 2.4442065038378495
7 -17.957285600365402
8 29.418904953433483
9 -51.473428628754014
10 50.63273348317264
11 -51.72123063134842
12 31.02040064035427
13 -34.56524292975746
14 -3.3821265742947673
15 -60.13875561145083
16 21.128902675595118
17 -75.15852990991519
18 -1.2741858311560823
19 -7.9626382305953385
20 -53.82691355657869
21 20.080894830932607
22 -44.04997400522129
23 68.63919099662587
24 -75.97388467232396
25 63.17506335434243
26 -47.78834440236028
27 35.71939311681947
28 11.657900260904768
29 25.232439161435124
30 15.972182836875218
31 -2.6995011445338655
32 4.679221013357698
33 30.168717256331746
34 -36.37602992019305
35 -27.066746153558864
36 -15.314102775579022
37 -38.99974792047459
38 8.638318090058979
39 -57.66600313752425
40 -8.148705737998881
41 8.069970693506814
42 -30.749384800980728
43 3.0477649190182934
44 -14.062694923872632
45 -4.231643748705528
46 -17.309969214242777
47 -28.680667402207458
48 14.329159868668885
49 -20.515254516760116
50 -5.18641635302268
51 4.835343696262309
52 22.807368937461508
53 -8.344579052266925
54 7.6002310709760135
55 26.986951777818636
56 38.32938260324702
57 -4.143350424753207
58 72.32307081840504
59 -16.570231011163738
60 16.745152906913606
61 41.18186460847653
62 -23.826716417460766
63 15.322706270473603
64 15.161315757877185
65 -20.293795025248052
66 -2.229457147954713
67 0.17869356955711627
68 -27.288452866790337
69 -0.18155122707123192
70 12.668742930369149
71 -43.6668410483994
72 10.487371043511914
73 -48.1803575471762
74 0.23553703615476915
75 -50.45185072249853
76 -10.651397765829959
77 -35.54958497818027
78 -49.78622529632322
79 39.12889169123998
80 -29.37641626530274
81 28.079421270255487
82 -10.732231529166128
83 -0.6785747699207022
84 -9.570225807358508
85 14.884204199114063
86 -18.009315726858883
87 22.130879883401676
88 -10.478874782285782
89 33.10635011405556
90 -34.81051704567164
91 8.257485253195828
92 13.743693885284536
93 -40.98596640299193
94 74.24419993239032
95 -22.405934400795573
96 10.012715019361087
97 42.050256946752235
98 -28.879971197697873
99 29.29757730805634
100 -8.81578675172688
101 31.235696248760554
102 -45.04026880991502
103 14.319197925202605
104 -1.5465484207805476
105 20.51258177360445
106 33.56794423171793
107 -14.267366633949484
108 -9.96712770589662
109 32.65249533425998
110 -8.819491016425207
111 -16.77725389123927
112 23.933529235191358
113 -53.2305011041174
114 -23.996080188385292
115 -43.12577761255057
116 20.086836578177028
117 -46.76247350146447
118 2.4441110389741687
119 37.293427037528495
120 -37.02143863676557
121 49.012162914291714
122 -26.344971660305134
123 28.984336268328082
124 -6.103359424980688
125 9.658198564882525
126 -0.13371556647603486
127 0.0
