0 0.0
1 -4.915752789923124
2 13.517745111631088
3 -28.332679609768878
4 16.77533730676387
5 -54.6948395084688
6 19.46298487914013
7 -67.69438092395723
8 14.179487956970503
9 -67.83175485978609
10 -48.79969293874067
11 -42.729650656912156
12 -9.774149745248376
13 -69.59102323443207
14 13.837453753986935
15 -29.993409121711775
16 -35.30129499905893
17 57.38457955850135
18 -31.4764360689771
19 33.83771646746076
20 -4.356753473582325
21 59.63565249783026
22 -107.76539131555187
23 100.20933312880123
24 -59.18930519464202
25 30.390506017300403
26 48.68191350984681
27 6.176340809483842
28 53.87768011459784
29 15.8733255743229
30 19.34902461038946
31 10.36781651824434
32 27.81187449713697
33 -29.58683944568551
34 -3.612201985762917
35 -23.096448563680365
36 -13.663766507368862
37 -7.746138118597702
38 -4.0073743362552925
39 -58.956006701381995
40 3.3048852091625074
41 -9.81671663180952
42 -28.92424255788966
43 27.57913073143616
44 -37.9875493791945
45 21.846593398260357
46 -5.297134171123837
47 -28.956552153663687
48 16.093561426807444
49 -18.254298213421723
50 24.4313401262034
51 -39.07808384512234
52 25.29461475692459
53 -6.069026689248045
54 4.461188824660372
55 25.523611135756997
56 -28.056893756852595
57 72.68418275082065
58 -50.36274269997802
59 70.7618831888457
60 -45.66523548502951
61 15.774722972790396
62 6.609625007200285
63 -37.47987155875269
64 13.867343796525281
65 -35.59824288295223
66 17.89527154491609
67 -40.020750302184034
68 -23.64532825496629
69 -14.07832584291449
70 -15.155461734178672
71 -6.195454044394958
72 -4.748949668681604
73 -46.15764609128158
74 45.88590153393915
75 3.4606636651498124
76 -33.99300694674794
77 38.972346756288644
78 22.967579087289497
79 -59.42935598835813
80 47.3305390670332
81 -27.167363940794832
82 12.007962130695033
83 -16.774927290557137
84 -1.8728905489618193
85 -5.787301998051873
86 -29.107345416331842
87 -24.179092852577973
88 -39.67034670819443
89 -28.46114476929569
90 28.399723823585184
91 -36.544904432805595
92 14.270309309477625
93 1.2647931241567076
94 18.16954799186583
95 -12.122650262828078
96 -19.35321554522206
97 35.66823421126006
98 -73.8154928894849
99 40.54530271588843
100 -32.1230928568044
101 32.148108300738386
102 -38.40526318082743
103 35.49566158483216
104 1.8035981985607532
105 -26.897293931904773
106 56.35457748617007
107 1.9479630997141977
108 22.710669364892805
109 -21.87574351770242
110 0.6073282540107203
111 11.271828216504181
112 -17.911168883829596
113 -0.7918440275067471
114 2.7276233111779584
115 21.250693431523896
116 -15.52297453292319
117 67.38041675445989
118 -9.003708970861437
119 52.37875104503343
120 -6.850803964294259
121 53.39358341025652
122 -6.745074995897673
123 36.32385331526876
124 -7.790705584386761
125 16.81243135607171
126 -1.162387445308215
127 0.0
