0 0.0
1 -5.027922379051157
2 16.076751935411068
3 -26.042100245506123
4 22.507790403922748
5 -28.717990756381234
6 -6.179548406587812
7 -18.078668865101644
8 -69.3876399386276
9 16.309088872679702
10 -98.50771959561617
11 -23.679277712219864
12 -47.1872654156057
13 -68.84921624128884
14 -13.235968465348357
15 -69.32466551335625
16 -28.173814455844045
17 13.83796857414934
18 -64.06694950320096
19 18.154498102719668
20 12.921541545867896
21 34.19348406527951
22 -76.71347220552006
23 65.42868092686932
24 -50.382529293734514
25 43.79095393112522
26 -1.323984142300923
27 0.2136555235500978
28 77.75512403441961
29 -57.45825889525369
30 34.08863961824007
31 -20.115788613109938
32 10.201906131152978
33 -30.640974647529312
34 12.972485523676514
35 -3.2098970056741525
36 5.007702414828833
37 80.41983548877008
38 -26.27236140371002
39 41.15817310660379
40 19.819906339418242
41 3.130780714079093
42 55.115391299399775
43 7.1536158711709605
44 22.056454537975306
45 -14.02552972326619
46 35.00759939187605
47 -10.278400815953546
48 12.194568406870665
49 6.775932453023977
50 20.432805483303067
51 -24.58227711036562
52 -14.219806553183176
53 -26.29625023924764
54 -45.10791395503225
55 -5.680425005877625
56 -88.05191927821467
57 14.95245778139097
58 -41.03453006464961
59 58.65649173411364
60 -30.354083151342206
61 13.182226797773088
62 15.124059544641373
63 -31.049481240917807
64 27.26695304730036
65 -28.058931113246604
66 3.3103938379632596
67 -6.206751060246127
68 8.323467151933842
69 -24.461773523752484
70 34.193630107100546
71 -11.415753755605872
72 -29.721115581462833
73 29.760200572995267
74 -26.071307806917414
75 22.291508284182086
76 -9.270927764915424
77 3.1563653422631734
78 24.84001799387857
79 -43.92497837317423
80 48.702370495195254
81 -32.74544850532515
82 29.01666636832837
83 -8.735912531428513
84 -10.85819297877275
85 43.26328202192833
86 -9.648501351727914
87 39.81226800002304
88 16.177070144439043
89 -1.8455847717538432
90 28.229926210102523
91 19.419908772300197
92 -26.007203344830025
93 52.25121225074763
94 -62.4445992707921
95 10.886367275630425
96 6.146495421266666
97 -59.007227172047784
98 33.31323941409121
99 -39.60943855751438
100 7.124967380151729
101 42.1984123085341
102 -28.099370204012782
103 17.792718920826974
104 -28.791975850468464
105 -35.79573462170935
106 2.386568268206659
107 -33.017386698581944
108 44.41533771846661
109 -16.65233496020973
110 85.85742835550943
111 -17.490095225642932
112 16.14735738935348
113 20.957233136840397
114 -61.51986913797395
115 36.98083795618886
116 -71.15889866359761
117 46.69479357000511
118 -26.84096507832833
119 65.97464789427889
120 -79.45199499541711
121 61.20309884989918
122 -22.353467477134636
123 12.281904572346047
124 -3.5525690496980142
125 7.925547539276798
126 0.5323514211833266
127 0.0
