0 0.0
1 -4.830478470089161
2 8.102330128499212
3 -17.917921979630847
4 10.801382142884345
5 -30.255923655847795
6 5.038567543559137
7 -31.363524571860957
8 3.4275204259383094
9 -69.54098930763678
10 3.7620391307093537
11 -103.71644589921561
12 21.749027057565137
13 -74.17061086130532
14 -5.796764728248024
15 13.292304827922365
16 -20.308831079070607
17 91.33007010062843
18 -31.58521384955425
19 59.53644653568783
20 -41.73977157576024
21 74.60483166250526
22 -73.71625393588283
23 54.22328854258061
24 -53.34145836335785
25 23.16117997975234
26 -39.6985374014038
27 -11.15198241533596
28 11.703407565972133
29 -20.37142700490569
30 17.763200146089094
31 -29.460058462773933
32 25.52300791298888
33 -14.097315232272784
34 6.70879789356395
35 -15.830036538428757
36 -23.813087826823228
37 -3.1169707946176355
38 -30.347101149706443
39 -12.101121873385582
40 18.363713382669182
41 3.9827825920367395
42 22.449078890177777
43 -3.0186295933275042
44 9.174383538546063
45 -45.09340725179517
46 27.459358891559763
47 -29.041263340342894
48 -21.426150380809943
49 47.96877940894851
50 -39.88557425902107
51 18.595799870578904
52 -30.402117533767857
53 -8.023238162159355
54 -27.918948257992675
55 -21.65631879095303
56 -22.805182765818294
57 -19.08182378478424
58 -14.174994783661077
59 -13.04747347648366
60 -10.941480497550168
61 2.6073957086046584
62 -3.5184229173276664
63 -2.562846270371006
64 -11.960133349997164
65 5.966655947893678
66 -22.817083052830117
67 17.538037978863287
68 8.656726834384685
69 13.285333786582065
70 10.486381780342999
71 25.672743090176
72 -9.66178736866994
73 7.36414422864126
74 15.627062363905612
75 -8.079124365768939
76 18.330747877309648
77 2.1173802192728153
78 14.198242640110676
79 21.169581466241684
80 17.724643040164178
81 29.4233725040765
82 20.007704997831173
83 5.6265116337168335
84 15.562259314848447
85 1.445096931998013
86 16.104387811345394
87 -2.7110757968842125
88 10.92289930823997
89 -23.98112413487829
90 26.35098199741921
91 -45.67010890995885
92 47.820987898961384
93 -56.403836438333144
94 28.892364234720798
95 -22.2790733715329
96 33.84828094065849
97 15.682183677802646
98 13.64216999978519
99 58.744804266377535
100 -72.93954997698538
101 56.31555463007606
102 -12.225806662146438
103 11.773613129401149
104 -16.83453677358786
105 -3.4381083401258383
106 -46.9233872753759
107 20.663484513358913
108 -70.02270898572417
109 20.610035643289923
110 -22.653845651879607
111 21.521063649774213
112 -39.21690506697751
113 23.75838870392868
114 -9.93354876144207
115 -15.768857644784829
116 0.5555881353813779
117 -12.284462190998122
118 -17.608673949157215
119 45.676821628212295
120 -32.320677135757705
121 16.493339671543342
122 7.629898712592882
123 20.406912996893368
124 5.533842171941605
125 13.114694439961589
126 0.5058397233356966
127 0.0
