0 0.0
1 -4.537274438227117
2 12.944387651959026
3 -17.581707656707167
4 17.25597522474971
5 -31.294796531220843
6 29.53521291827098
7 -16.527571540365855
8 -0.820554808531778
9 -11.98683648006796
10 -30.517543860251482
11 -9.008488601091367
12 -48.612382722590205
13 -21.165826889283228
14 -19.0884747231565
15 -17.971412126230856
16 -46.60854804472468
17 62.69201460887354
18 -8.683425778159021
19 -11.455758795696408
20 7.721939884491662
21 -36.318009256359844
22 -7.9441796061443135
23 -7.716144980279047
24 2.2029157026279007
25 -56.52739537072873
26 -18.0734210980149
27 -62.22832570985446
28 11.35256413757404
29 -47.34499503037994
30 -16.614179966813513
31 10.90316611145357
32 -8.719424621533038
33 8.899072538188294
34 -29.136761766619607
35 -9.544961892148466
36 8.586787080519704
37 -41.46833937930826
38 49.86923799265472
39 -46.91345468706556
40 14.857444096029182
41 20.43472072031591
42 -46.14381139894109
43 51.12838641540025
44 -50.260122994018765
45 21.818648195835838
46 -16.8693296266353
47 42.625728989229515
48 -10.062079298454956
49 18.075839608401456
50 34.09407238760701
51 39.532484942343295
52 12.5543153392797
53 23.823633956446955
54 37.19750303424795
55 -65.83317424643526
56 -0.7154728561139825
57 -10.698538832317428
58 -23.838616936954864
59 -13.192134026537518
60 -12.050652165622576
61 6.870251569150581
62 -60.71112566190868
63 24.5352592058476
64 -33.630668816567564
65 5.109860638816218
66 -17.35751250969811
67 -52.586350891301606
68 40.07912249340447
69 -99.82102094638645
70 -2.1803031773251194
71 -39.11661073470226
72 -28.185187677997902
73 -6.1778313762654165
74 -44.20346404172026
75 4.314877926945157
76 -11.26947385123028
77 -10.936815095059744
78 43.586138264228524
79 21.400262427809537
80 -30.434342619994776
81 22.240605981113347
82 7.3441720506462485
83 1.769305315987226
84 6.905715230090198
85 -3.9966840263714682
86 14.967000438575186
87 -8.405934482028862
88 41.82622032039543
89 -55.170045795734616
90 43.66382748070365
91 9.866874607770571
92 22.11542085422294
93 41.47308396007462
94 -4.954491534421124
95 11.492395022756803
96 3.0818335702173574
97 22.77728582583352
98 -10.976695598021301
99 26.290098914053324
100 -41.99236359020996
101 16.16822957142239
102 42.40473555456217
103 -37.394895998793494
104 15.281355038883563
105 -31.603572624246723
106 15.723831448385042
107 29.525820960023452
108 3.7374347487744655
109 31.165772192816988
110 -2.043437409889557
111 13.659759696567283
112 -36.30864639180995
113 -0.7612812840419202
114 -45.35398553937029
115 -23.804108255726007
116 13.420472044043212
117 20.117524038082664
118 -37.96524730242544
119 103.09691605611101
120 -52.57906730557777
121 61.625429073852395
122 -9.219148227994596
123 29.679932305396054
124 -5.9694680343735955
125 16.34508020914753
126 -0.8156212423872097
127 0.0
