0 0.0
1 -4.082949286789927
2 14.285652359878071
3 -25.1119164377955
4 14.453236959389178
5 -44.36366017745652
6 -15.179613720029593
7 -84.01440120985781
8 -12.896329184865527
9 -51.683649644353956
10 -8.767907786007259
11 -5.650797307994471
12 -54.31444237439859
13 -37.246073710671304
14 5.051818053236069
15 -18.551523578859975
16 -4.736682614029243
17 31.0290675285708
18 -23.079913008143713
19 -4.609966864002304
20 3.2595867710333284
21 16.73034576055297
22 -30.412579054187113
23 59.556872499610044
24 -54.53123978877297
25 57.66626421773295
26 -17.920531908697516
27 -20.1005149007075
28 13.164957417441862
29 -23.137619831009086
30 31.176955751270807
31 -34.223635646151244
32 5.1884627342963165
33 34.30071851515391
34 -30.969655454479465
35 32.233370496972825
36 -12.1479983977545
37 25.375613102110776
38 -29.902463394952004
39 13.982763363702107
40 -3.485549577973504
41 -10.809327054054751
42 41.833496038651234
43 -43.20215026907147
44 61.32553427158647
45 -30.519092346508835
46 23.603116415031785
47 -27.29098448267949
48 -14.18421503923532
49 -10.66927091561296
50 7.539647711800352
51 -10.120866462548731
52 9.258703716751423
53 -29.5983574731761
54 5.79599634600341
55 -52.057474011167194
56 -20.91227488431325
57 -17.824347854031853
58 -15.536707868162338
59 -15.971510365406202
60 -51.86430248015707
61 51.932855475636686
62 -49.2840310682073
63 66.0708937966254
64 -7.016556947435402
65 76.27335467312126
66 -8.423200919901785
67 64.7771050483963
68 -14.831753936420585
69 24.340154554155717
70 7.440854910009008
71 -11.193365128657922
72 -41.219215314919076
73 -61.94351867989657
74 -48.878353625620356
75 -11.50854599590442
76 -34.148056607178155
77 21.654974068366062
78 -4.055829646981951
79 -25.869099495771348
80 3.8650773718284706
81 -52.67907514868258
82 4.844950178833756
83 -67.32742676446023
84 46.116243068273384
85 -63.24846608915626
86 44.94975244653494
87 -36.66017881351206
88 39.31725995316782
89 -38.81809603135373
90 40.189253600266156
91 -29.261775662642577
92 62.34252451781182
93 1.8299987596917628
94 3.149953377285316
95 24.13440363588454
96 -20.625732931293
97 0.3077337825447634
98 -22.979106849280132
99 54.02365552219979
100 -35.63440983979823
101 58.81200198099477
102 -6.740833550410638
103 5.567363716998394
104 50.43312627515166
105 -26.501504722971408
106 -11.449341151640896
107 9.223145075511297
108 -27.118294783386585
109 23.755348525678986
110 -51.234043901156234
111 20.953585437641234
112 -54.26195350484034
113 -5.507943701468069
114 -41.92499185985438
115 -2.170784816401331
116 -1.6678661892861641
117 4.680979289246079
118 0.9906675497204627
119 57.201507159126784
120 -29.896061452545045
121 85.31101774345414
122 -29.598212361853157
123 51.30531236753469
124 -1.659279859996743
125 13.360404545174076
126 1.4447976722965379
127 0.0
