0 0.0
1 -5.31728870020697
2 10.013498202927817
3 -15.389745294074238
4 -0.5323693533936903
5 -6.56073818033651
6 -23.215267730101374
7 -18.714701719462223
8 -31.07470400373043
9 -1.894049335438189
10 -10.622415765985211
11 -14.170134267215632
12 -28.50768364339507
13 35.123262464841915
14 -30.15520194982526
15 -41.985181746462
16 29.808300590466306
17 -101.35389119990552
18 3.9319837443376313
19 -61.38692399435926
20 -24.755872725350184
21 -25.77589840053178
22 -41.268231141049
23 22.35032329072207
24 -30.509420597202094
25 10.895868196622704
26 -26.591188511553742
27 26.130694607873064
28 -43.30544717956662
29 47.255237477970056
30 -21.622124932382118
31 6.425441055910132
32 14.764866160425397
33 -11.206301929353737
34 11.331280344179282
35 13.670496888236656
36 -24.332982876829522
37 31.837971689822574
38 9.427629949754243
39 3.4225995821317032
40 29.93928336096491
41 -34.97231253866069
42 86.03409058437137
43 -42.26240969539356
44 38.26939146638122
45 18.182559447226676
46 -28.789658487274263
47 92.59182540930779
48 -15.324052434450735
49 59.00655564770275
50 7.7922159529690544
51 -3.661533907911264
52 78.56842537849073
53 -37.22294241348815
54 62.831068295217975
55 6.54292443241009
56 -34.502378221776624
57 -3.966176914043921
58 2.7102696541447013
59 -9.279669366361333
60 7.1736225198114525
61 8.419753531317024
62 -32.004142736971396
63 38.19357285950776
64 -57.696159186212924
65 12.66052391148142
66 -4.680467529379688
67 -18.99573296473249
68 -18.2483019632418
69 45.187669590026886
70 -49.03969526705373
71 43.57116998319257
72 2.1498792210964073
73 -3.8169482066721874
74 -2.978723426265416
75 -8.888212318289307
76 11.37998020677155
77 -28.635147737786117
78 10.754171966206098
79 2.9381782716887086
80 8.62489412467017
81 -34.11221404201117
82 -7.1146063688682
83 -19.93773032980577
84 -36.3311438616528
85 -4.608302482363802
86 -32.8840096061646
87 -20.79584153037173
88 -26.997836154859947
89 -32.70420569631146
90 10.592928712273793
91 9.708080489798538
92 82.78990797846363
93 -16.779897694270954
94 39.737260775258
95 10.837502014311374
96 41.95696369744867
97 -33.90811514446764
98 33.5964689266132
99 -36.43857564601412
100 15.733743419667436
101 3.9248457706001174
102 -34.26675226438211
103 26.854599629546836
104 -17.91360627471319
105 18.983572397434763
106 -69.5940697745295
107 40.08863030768825
108 -35.83651185634744
109 -0.10340547146525712
110 4.257650485847215
111 -40.1732709519564
112 -13.097927207398001
113 -43.67727508081924
114 9.640582017135943
115 -31.00251536155276
116 23.24807439695664
117 0.8643600167282032
118 -3.203944758313708
119 34.17586443440758
120 -25.154630938470593
121 61.83103226109373
122 -17.702025347459568
123 49.67432741225017
124 -8.427671319004832
125 11.981143682364394
126 -0.409777036609273
127 0.0
