0 0.0
1 -3.689283892974534
2 12.224631610429904
3 -15.448210172214266
4 11.78277820781242
5 -28.439908530713573
6 4.899635403173284
7 -39.45138359514693
8 13.208966434404234
9 -17.86620766475858
10 24.92394350511318
11 8.872116364013092
12 -17.29442820023065
13 86.31598943645388
14 -24.03235852434818
15 94.44007425874868
16 -28.293121263609248
17 28.554144271905766
18 -17.250573295968053
19 -28.514427492847286
20 -3.1125564813744533
21 -46.884276509173546
22 -0.1972063757391545
23 -50.03097959561203
24 52.75052020682027
25 -53.46786739321754
26 -43.963510968865535
27 25.42547921944164
28 -39.864882735191074
29 22.516062673706422
30 -50.834831912240396
31 -24.646662952711097
32 -7.4883527159185155
33 -18.359375902503487
34 17.409988755418638
35 -8.218615480916226
36 -6.7155180809531
37 -28.678155056021453
38 -8.643989343636635
39 -14.341607321576188
40 -38.73451142135011
41 1.9174257626396127
42 -50.11830696352976
43 -22.88355463726109
44 -0.43159178648097746
45 6.825350023271349
46 -10.00777505264188
47 28.685153309484978
48 -29.22874703099907
49 27.32133560037351
50 -54.03553733905432
51 23.41882084106158
52 -12.83492842273736
53 27.399183743861638
54 4.24344678364952
55 7.683524347581629
56 100.17633241789217
57 -48.619540891694655
58 61.77856040461109
59 -19.43677280995643
60 29.830955686591103
61 1.033852859313554
62 22.95820063221445
63 -6.332147100949655
64 -7.213704477892804
65 45.615110619115924
66 -88.16577640415363
67 45.65561687884565
68 -60.52033304467098
69 -29.25045236001061
70 18.708118574126374
71 -85.433869924255
72 21.973626237579435
73 -82.75922683147711
74 76.69398335771831
75 -67.76430800593852
76 32.05113074680351
77 38.44831601629962
78 -35.069167517964274
79 87.25241790237362
80 -65.53341781546915
81 104.76492937867299
82 -0.1763997763498851
83 13.563363135328908
84 40.14663296377793
85 -15.796883086165833
86 42.25528522680133
87 -15.229647377851604
88 2.281028374489695
89 -39.81151780135259
90 5.450389900314281
91 -16.282101277226868
92 -42.08088462709371
93 17.788710958377916
94 -10.941846137539137
95 6.174810497819523
96 -3.236770817752322
97 -2.705306408953964
98 1.2928828489144613
99 8.847649931101541
100 -26.763513096494847
101 45.75408730743478
102 -14.37130168949811
103 -14.879763668767662
104 27.47789914094512
105 -6.342918020354109
106 -11.552716475345603
107 -26.02320421863213
108 -3.948314952654313
109 -54.74666225304403
110 6.258441637596737
111 -53.609193804471985
112 3.42596697354641
113 -5.139799268844529
114 -12.670573267260316
115 -9.560496894575678
116 -34.42670003816447
117 2.0002097002415993
118 6.957855423949616
119 15.009985534271333
120 -7.506875164316074
121 51.78059490384976
122 -25.988073496060217
123 46.222273198690914
124 -8.482374890212359
125 12.74475764931747
126 -0.2877687670554548
127 0.0
