0 0.0
1 -4.938296667507494
2 18.568532352029138
3 -16.461625870862786
4 7.927243004545782
5 2.521004210527552
6 -46.741796890769855
7 -25.673610579188207
8 17.760705791167958
9 -42.60904528290918
10 -18.65610958097719
11 -5.004200995654888
12 -56.59656805405245
13 13.416117182883774
14 -54.232701630195585
15 17.415976711755853
16 -37.441966810423125
17 25.599542654315048
18 -53.95724261699124
19 63.09678104394497
20 -37.68025788129423
21 39.28886177407553
22 40.02254933580698
23 -17.95999742509447
24 2.0768289079983755
25 44.850421507922064
26 -37.84771707068599
27 65.14877804161732
28 12.941578740043145
29 -31.483515412326778
30 55.93648469526564
31 -39.65784925418753
32 10.841767180072592
33 -9.207497967361812
34 43.468016566226325
35 -55.95048725905661
36 75.74099180939898
37 -35.067350654754236
38 -20.621119070696952
39 40.187484339873414
40 -47.93391432475027
41 39.934517474955605
42 -48.384677306724484
43 -21.576663652795087
44 -28.62428140104433
45 -32.54750960235861
46 -39.914656701390825
47 -10.887183328134185
48 -16.69343516592983
49 -58.71636045245547
50 47.04768235346616
51 -61.20014847935902
52 38.5485946420569
53 -19.115727026259318
54 -21.088415566953206
55 55.40160580791135
56 -11.003152250573581
57 86.50298731447715
58 -31.619280615598807
59 73.93545862547921
60 -12.742202797618615
61 36.76393317379294
62 8.94467873602884
63 0.3429392490611296
64 27.468262319879216
65 -49.10844461110474
66 40.84589757645506
67 -28.17833795929964
68 10.052499669608553
69 -34.67464680235147
70 -31.633957603241644
71 -22.885354899215322
72 -57.61460209772288
73 -52.70779067422118
74 -26.95722698391181
75 -23.795144811559297
76 -24.956832460943282
77 -18.776098979898958
78 -16.29291037008225
79 -9.195068181470374
80 -6.419264342618223
81 -33.95159735656166
82 67.0396669591525
83 -52.62640795084339
84 63.94704054230917
85 17.766720822661476
86 36.87406897189008
87 36.92921621824331
88 27.39103191942687
89 -11.892608961250746
90 56.55628569403117
91 -28.692730280366277
92 15.881995336888535
93 32.67311562354117
94 -59.431544278657874
95 85.83026289048072
96 -68.33695960235168
97 27.67791758601446
98 -27.971272510135087
99 -7.971672023629817
100 -50.20102269420733
101 -9.36822250457207
102 -27.629998703595337
103 -40.80789275760164
104 -33.78030835061866
105 -10.02908435765234
106 -65.60098296742447
107 4.5597448795250495
108 -21.381985785188423
109 17.121309931697265
110 5.073178299992739
111 33.97159778966464
112 -3.447244477712973
113 -3.6721534736871693
114 6.306955937685176
115 -9.227959034280637
116 -30.94323091661567
117 -4.480074195309619
118 2.918396470954156
119 -7.694250442551334
120 -20.773167356563654
121 42.4893245771724
122 -11.651331256282951
123 36.38424177349941
124 1.2381121135833153
125 10.172029098734036
126 1.2615606284353442
127 0.0
