0 0.0
1 -4.840635133124546
2 23.386813039574236
3 -34.943547346873245
4 41.76127894744887
5 -36.34514591393413
6 2.1274078600127493
7 61.6481597250202
8 -111.21530187883141
9 114.88446630865865
10 -101.08530229478906
11 55.79731510729308
12 -44.695020973923384
13 21.907686801818933
14 -15.675578805723152
15 -7.227768838126736
16 -37.434452199206106
17 -11.886831802660033
18 -41.769462231598915
19 -43.9071595429185
20 -8.909670308633265
21 -27.38152445175146
22 -29.597178109254756
23 -62.92404985468092
24 -1.105669739324006
25 -53.320389196378
26 -2.5867564540559904
27 -29.579497965588327
28 -21.76363089174114
29 22.75653003929272
30 -46.478845974599274
31 38.10117599149947
32 -2.2498273249584497
33 10.20944580120448
34 -24.916988678519143
35 20.902985496065195
36 -29.825665111387174
37 30.879832875833365
38 13.046843576466776
39 37.637140131702225
40 12.369462763239047
41 37.76746454111
42 6.348617661708093
43 40.61121058943626
44 34.20257762876777
45 30.608829778932378
46 -8.783656102895414
47 -5.136804184430437
48 12.078922758236159
49 22.165305005145292
50 -57.478946451428875
51 7.049047682159065
52 25.970942285019394
53 -50.48002087202116
54 0.8167172571604723
55 -4.817733841759458
56 -2.9241739668627096
57 -12.989872959865972
58 -30.028147958722606
59 -16.682521750548258
60 20.146014639725156
61 -77.50420843768237
62 70.05428662746718
63 -52.19501360297558
64 21.357944831162804
65 -2.5602067660393595
66 -18.539820658252427
67 -2.8453899819467634
68 -2.944657577778054
69 -9.641138795757222
70 -16.50353552603975
71 -34.11701007490544
72 39.25545429970157
73 4.53037020146451
74 -14.227898468791645
75 26.30745932772374
76 -31.646947502258225
77 3.49352862682018
78 -0.3006829824059931
79 -3.1079384091708593
80 -24.76367958962656
81 22.847208992202326
82 8.10045558553246
83 -1.3013350551929015
84 -27.580659284760525
85 -32.74865920546487
86 6.818778081180782
87 -43.84623670011339
88 -18.1951604598054
89 23.15616552781278
90 -19.83700250682216
91 14.847739812602791
92 8.869707313184096
93 31.420404943352807
94 7.299914121326967
95 26.955460268489176
96 -19.042078614000594
97 28.42648427130829
98 -1.174161115802211
99 -11.873139163534546
100 43.10167288427476
101 -52.240491326471734
102 66.79043518900643
103 -49.832437547572205
104 10.910451754841342
105 15.786958664015682
106 -0.5653289501425413
107 7.4730480216899196
108 -54.5149043096759
109 46.91115828702986
110 -103.64765874763755
111 75.20304159778418
112 -82.43941139539042
113 51.95464870460715
114 -70.31417933810093
115 -5.0296954762635355
116 -37.819983125130555
117 -11.721310531652307
118 7.670651752841051
119 -11.783474977805692
120 -20.091621846483584
121 37.657670062217946
122 -7.542318715802553
123 18.573151653591175
124 5.869179600986685
125 7.176853021506874
126 2.143767191643085
127 0.0
