0 0.0
1 -3.109735913920411
2 9.697014347571486
3 -14.901238163944315
4 6.52936432767204
5 -45.84689393050016
6 2.7947851602115192
7 -35.00262113584974
8 -33.70814817027192
9 45.51108159730865
10 -53.141044974267984
11 27.554580243056336
12 -0.2917269310908969
13 -22.737675577704092
14 10.040886892384803
15 -54.22930555672418
16 5.254576252032991
17 -35.77541966322814
18 -13.214464214179015
19 -27.697702767396404
20 -31.239190204756014
21 15.208752033142748
22 -47.52201938228995
23 40.658542461864414
24 -44.26922911364369
25 1.6271222605059723
26 14.69506111513536
27 -4.776244236974727
28 -10.465100745848483
29 10.068383628843947
30 -10.672556986884791
31 -1.820958961689883
32 2.7178521029910327
33 -16.857146228748714
34 -11.662204428842017
35 -22.63128547899108
36 -6.4336399530147625
37 0.571958692697453
38 -12.229065157922001
39 18.01844323597743
40 -2.655017159161458
41 21.14524741958142
42 1.4461410431405968
43 31.134226338928958
44 3.0338427332306495
45 24.285701464877313
46 -13.478568378330928
47 54.46032110536371
48 -18.455848282084595
49 21.943036908909168
50 7.7765737061932105
51 -11.790486186314896
52 27.46241631579514
53 -28.270327033845998
54 38.17957170374246
55 -77.01818039723047
56 25.85526352350475
57 -36.120276875714936
58 -2.052169363371511
59 5.078222646166654
60 7.927872526414225
61 39.30280577639296
62 1.1738245971257724
63 32.928953200216064
64 24.661172180678523
65 4.132022607358593
66 -10.431528561104157
67 -13.277199828200942
68 8.537861180069388
69 -12.637319112542436
70 -17.21159990853476
71 18.219577226784025
72 -31.03044530587522
73 10.322384770610395
74 -1.8376153604760956
75 -32.20347143680878
76 17.303232625995662
77 -9.2561122740478
78 8.515031330880541
79 41.55551632381322
80 -51.42706140011061
81 63.42325400489744
82 -29.08135430800444
83 -21.349973209042812
84 32.47144286368794
85 -27.01937056987598
86 15.429852941058446
87 -0.2198014704145114
88 -11.334181840396692
89 -10.864869941756108
90 10.070955245900254
91 -29.30688177337714
92 46.52821856800032
93 -44.46849401050609
94 32.03456748288881
95 -27.116183014094933
96 12.382114408371786
97 23.982049575170727
98 -39.41922295283197
99 41.517888671294195
100 -40.41575888143033
101 45.18997384498709
102 -23.44691615777554
103 11.069890037212062
104 -13.856114780429996
105 -4.316674861728881
106 12.457932299625389
107 23.483711264782354
108 -46.46875774058713
109 -17.360152269503164
110 -31.421350855326402
111 -56.765340490912884
112 4.318588238624599
113 -62.692745054558685
114 -23.66089883320882
115 -34.22002324654023
116 -26.792664531108606
117 17.102874399382582
118 -13.395567411752971
119 -9.018639212595385
120 1.9053940435110777
121 16.50643062853883
122 17.797159789824093
123 17.68787539224936
124 -0.897295715909611
125 17.907361773452784
126 -0.6748889892207426
127 0.0
