0 0.0
1 -4.400464472277525
2 6.529179033683275
3 -11.7768464740057
4 -15.378528331333104
5 -18.014301219324064
6 -19.823555385434418
7 -7.163114183925233
8 -32.78784720583691
9 -3.740231341105998
10 -42.83612167973736
11 -10.833313001731673
12 1.7640910253268662
13 -67.13891797575013
14 65.56549154262437
15 -54.644141589231985
16 21.28211007183047
17 27.488941622021684
18 -24.31780756202047
19 -2.6083408092771365
20 12.66645268964949
21 53.6234396016389
22 -14.112653655816578
23 43.40284623931682
24 -11.290115450970527
25 39.49542424180384
26 -98.66625350894569
27 41.69733747747314
28 -63.3051607049723
29 17.286672371695914
30 -15.581812427757132
31 -14.683379016032312
32 -2.1620112495211763
33 -11.703012764788499
34 8.189912882888668
35 -43.00450456242094
36 -47.35907210819682
37 23.084230418759798
38 -21.297460885302613
39 -50.21531567297142
40 81.23136073418462
41 -63.47956552401685
42 35.09126892233706
43 -28.491475756296783
44 17.587872134275397
45 -28.937727930528634
46 -6.081098443378221
47 26.332677134303143
48 -19.771474300522712
49 26.20661790920669
50 -7.982730415514926
51 19.196013124757034
52 -14.299408055998668
53 16.706052191107137
54 17.135162757169873
55 22.709436930243324
56 30.38761829092386
57 -27.09296561443957
58 50.363180555867324
59 -3.9383277275766146
60 -36.23675649721881
61 18.40841753372533
62 -25.5988802912901
63 -34.32776926025227
64 -13.376510664650414
65 -6.615727570367521
66 -12.243334501902591
67 17.155003389574045
68 -32.561584499853446
69 15.04896664197785
70 18.060777796526878
71 -52.84909230413189
72 28.991214369911
73 14.936715752991832
74 16.7749268220452
75 47.10769741015619
76 -18.53303618451986
77 12.940271913657858
78 14.590421608924244
79 -19.729552509549762
80 -1.2041103645591549
81 43.44795745168613
82 -44.94124520099927
83 49.64953285216579
84 -9.197476187501659
85 25.005050599991336
86 -17.431372263128203
87 2.5324625961112917
88 -24.753805162948602
89 -23.50825527775458
90 5.256379320016201
91 -22.39912117109313
92 40.19068670932349
93 -10.779413738133384
94 -14.851180843438605
95 -29.255306711013606
96 16.052938480350647
97 -53.14092057476263
98 43.32061046820051
99 -49.15482371315717
100 44.284290763322886
101 -24.606516347905348
102 36.88494118118099
103 -20.567193457109333
104 56.39690396252265
105 79.59886538238166
106 -10.174710621164264
107 107.75595680914023
108 -11.178412366708569
109 37.31855240420384
110 -23.17628734670345
111 17.630591629417054
112 -26.519573892324782
113 47.07306838594824
114 -75.87215404197923
115 11.134741533614566
116 -47.58515783247461
117 -52.751148090464525
118 4.17029067628492
119 -34.401237557768404
120 -3.7329479934170515
121 3.1914080847274033
122 12.063468890928823
123 14.73931617577572
124 6.866296581846487
125 9.251235071796247
126 -0.37630000156186666
127 0.0
