0 0.0
1 -3.7676944315586387
2 6.187854558289057
3 -13.28567991958095
4 1.6702713875350215
5 -28.198109079485793
6 -20.29879481475719
7 13.459923541218897
8 -81.6557962078329
9 12.185106788395055
10 -38.790414313051166
11 -53.09546893543395
12 -3.47420082313055
13 -49.83954237608651
14 8.948428760897748
15 -52.775580625274706
16 4.028291253143425
17 -24.276181089880374
18 28.659601354343728
19 -11.448078284120589
20 -32.59277709063369
21 -5.633906374362137
22 -36.853189103900405
23 -25.094172088016247
24 37.038511491672054
25 -18.424798521878866
26 -1.168131380151926
27 -19.364701562513375
28 -24.327923022626425
29 18.779593932416475
30 -32.453006652750304
31 28.985035616634477
32 -5.119350584787547
33 48.28361137920421
34 -38.427374732518864
35 62.76938670561083
36 -36.12024201042633
37 50.99358071925755
38 16.454850397249242
39 5.262364152951946
40 30.263218904811673
41 -5.588793624797966
42 4.400881230245643
43 -15.538294117522598
44 31.4681038768837
45 -1.4328131845562269
46 1.1712482127756587
47 4.1365402501183155
48 60.21975280617831
49 -15.95528574526666
50 73.2343809938683
51 -31.442002261784086
52 51.16454990309169
53 8.053097337101628
54 -10.561928550634228
55 9.566320424668797
56 0.009260220887879025
57 -42.22760207304002
58 27.663545350919062
59 -86.21188901498357
60 -15.510468169870498
61 -1.3615852991025323
62 -16.975012667823506
63 -0.42216792675101467
64 -45.129906662651564
65 48.67814735839751
66 -77.96426756708817
67 84.27742754309661
68 -91.7353000840605
69 35.90195264561418
70 -48.215870738459586
71 -28.892822161880495
72 33.36650286001553
73 -41.13512058449134
74 36.46175830215135
75 24.791090162672564
76 -1.9259142493201158
77 14.72851581387305
78 -19.715703672668013
79 -25.68225017952982
80 10.328927361502844
81 -30.08235831845459
82 32.78335990552119
83 -66.09332072857266
84 -5.7565119325964265
85 -25.46533319774444
86 -33.03312916667634
87 18.488656803239103
88 -30.970080989391732
89 12.132073509340076
90 50.28833582649281
91 -64.4037187764395
92 52.46849735059907
93 8.149465914406509
94 -9.388262140486678
95 45.47451628085936
96 8.078934470229898
97 67.69070698323951
98 -11.90255917835644
99 43.09537261737024
100 2.909317550378311
101 36.16375620941303
102 23.682189177655673
103 4.915879748341917
104 -7.286120394814407
105 46.07073644219419
106 -29.79065443453333
107 -7.8036686279825105
108 22.486118373756394
109 -65.77578434575959
110 46.59751639137624
111 -92.77696525249004
112 22.54671777894267
113 -64.29630150340968
114 -10.518082555923687
115 -22.716045006468477
116 27.670900800753618
117 -0.04021308678375581
118 -5.117122741438569
119 59.543233146089314
120 -33.24796429880309
121 46.30024358282187
122 -32.87852582685593
123 46.44492183752022
124 -12.50868238499695
125 15.478235716546065
126 -0.3754973894770527
127 0.0
