0 0.0
1 -3.2539066090658997
2 12.645320043402721
3 -6.9388719984275875
4 15.852176173997757
5 15.13883423199463
6 -34.78648570281443
7 35.83814512746711
8 -52.39334258373605
9 -4.951594011283105
10 -68.40452851193137
11 -23.41948754649331
12 -38.672264306313274
13 -42.10617473221566
14 -29.274717734226712
15 -5.76951247412924
16 -30.82888467478588
17 4.922584796535736
18 -1.9892362308534275
19 -68.80752686918522
20 54.908175009183054
21 -53.16670431589672
22 38.41608341633947
23 -23.576757999641746
24 34.57048719579232
25 42.701123696732935
26 10.15188739291884
27 60.07202096916498
28 -15.802196389635386
29 26.982622506006514
30 -47.70415087767427
31 -1.736966630756318
32 -19.885090105549157
33 -8.532465031288046
34 -43.40014058031296
35 -11.121594948559682
36 -51.62010913883751
37 -34.734685449331565
38 -31.984928236345954
39 -64.31890284113953
40 2.899140147285373
41 -65.02059327371165
42 -24.42162295007986
43 2.5895812552522943
44 -101.371727282698
45 86.81265912675866
46 -53.36655700460738
47 40.106255049634335
48 5.644467971400286
49 15.403252081283231
50 28.712155304015468
51 -17.859233033366394
52 21.03432086505308
53 14.09569646005517
54 37.738672042564794
55 -29.9133229636391
56 43.22571777366661
57 -29.2011152865967
58 53.59546213676877
59 16.267902550552353
60 42.09578729415357
61 44.73769071997925
62 10.171582613172333
63 22.747828185846824
64 31.510489763336523
65 11.406817489515934
66 21.66619695178565
67 51.73263594160166
68 5.727581524683855
69 0.027110967130904724
70 40.42770097590053
71 -31.509575499811117
72 32.62805306548759
73 -56.43061100354647
74 -9.256437225168758
75 -22.46804659954989
76 -17.530955218954524
77 -41.97236499009143
78 5.70911409285738
79 -10.309196411480425
80 -31.02468042201674
81 21.909426545343695
82 -53.19605307473159
83 17.8726312277796
84 -39.84006300001827
85 5.496585267633444
86 -33.46446010898901
87 6.678130106292981
88 -13.844300607739614
89 -19.82415447602849
90 -42.46096802764326
91 -7.131768549834121
92 28.624070114214213
93 -6.394130991575773
94 -2.9328827135968285
95 29.61016397586702
96 -37.678543168515894
97 25.404433674297927
98 -29.05097601652705
99 33.40091931523998
100 -6.69536957490926
101 42.76200159807175
102 -60.608227281610986
103 -4.809315502397701
104 4.240322322760706
105 -30.109403642101153
106 30.357994063476745
107 -60.92063780689217
108 34.7775243092534
109 -0.5556745732157635
110 -3.3691169258491316
111 19.84321767737383
112 -19.356599653523805
113 27.546424204122108
114 9.168246867049248
115 -29.21499371190135
116 29.201716706322475
117 -51.37951614344362
118 3.5704431923938147
119 -33.62142984081859
120 6.27967375903963
121 20.32235239919388
122 -14.19934927511446
123 27.539560739250465
124 -7.821333244498448
125 13.5292258219695
126 0.6339853203324866
127 0.0
