0 0.0
1 -3.4097761960360358
2 5.802556583843436
3 -5.069792782473539
4 -20.496907805174
5 1.3841418821843638
6 -2.5694650810329507
7 -14.277880991889422
8 18.454177890611458
9 -15.34114083908224
10 28.180248168358943
11 -14.057924312030446
12 -17.672209003246813
13 -32.12901018567733
14 -16.16366416031285
15 14.012376432120284
16 0.14859981725167548
17 -1.6610604356738783
18 13.39627965765028
19 -0.12880195702419908
20 2.70656377679433
21 -43.19696682417458
22 27.342467909559907
23 -13.450077826683277
24 -58.95499487784311
25 46.637814442894964
26 -115.00454305074642
27 48.89566015449
28 -46.48947343910791
29 -40.66819448288863
30 32.32939069452332
31 -13.154342053348527
32 -25.891766822212666
33 -30.979337456527183
34 35.48511740036778
35 -28.924165382746107
36 18.07213768489672
37 19.05996186662629
38 -11.207886440858244
39 9.579381751772573
40 35.180558467893285
41 -35.27555846429766
42 44.81271101896947
43 -12.709553359576418
44 16.03508602358503
45 10.90481031661693
46 -16.879472258842842
47 14.687835849934944
48 -7.85818381036127
49 -11.508535700075372
50 -1.6751737251021264
51 1.984809247551469
52 -0.9461095584180201
53 -42.865007024879915
54 11.726786742041764
55 -37.44210100036793
56 -18.70251049680956
57 -2.7715382318369133
58 -34.441259717041994
59 2.994638606629596
60 -25.847005410274733
61 -9.584228804647928
62 11.842678550746145
63 -24.86093603945789
64 -16.95483186849913
65 12.56350336123459
66 -31.07506224130474
67 111.44404582119326
68 -8.115544316835626
69 74.33944223762103
70 35.35859032838731
71 39.37177085819103
72 18.613148058922146
73 12.86629181231565
74 26.09803567357894
75 -12.892912762558904
76 63.33195933401254
77 -67.70806091758581
78 18.42810381657945
79 -45.91635372638204
80 -8.54034182691951
81 30.777779516361296
82 -42.885890923018884
83 -5.989364588664462
84 -49.48820742859192
85 5.28415760641013
86 -73.38084814941362
87 3.6790838181179644
88 18.945949562095684
89 -12.07463004692763
90 82.5821442748717
91 -26.58980014817863
92 58.23958274525643
93 -10.874836741937646
94 41.090451741587785
95 51.68764984632596
96 -2.212112592984034
97 26.158921594994712
98 -23.910921647731133
99 -3.1270344141942497
100 -46.361968399061595
101 7.693772650604813
102 -37.64916787311184
103 -6.150146993066203
104 -16.802181786337947
105 -11.484450572502338
106 -46.703262268319484
107 16.11873692942956
108 -62.54722768329743
109 5.965727713226839
110 -5.201226130968304
111 -92.96956617874014
112 49.72888350306739
113 -89.81161685514815
114 46.34621051601047
115 -79.62453407717601
116 59.61523941539759
117 7.42543506472844
118 -25.177475222307287
119 53.80505597798432
120 -17.43750032385412
121 56.377432878315865
122 -22.264239103907126
123 35.00784302415077
124 -12.673954597717099
125 13.228734581169952
126 -0.0034386269632586926
127 0.0
