0 0.0
1 -5.0635070303209195
2 13.68310492201748
3 -38.49677553016925
4 30.18326167865988
5 -57.173439973415334
6 -3.3797709702895924
7 -19.68569709798884
8 -28.206907780424654
9 20.64910420111045
10 -82.3041253048593
11 90.80198968333193
12 -64.55402286921837
13 59.8093296909215
14 4.760394217276842
15 41.97430374176059
16 -10.151466631897987
17 23.071849461384122
18 24.677858193280034
19 -25.735575870246183
20 58.37492008493531
21 27.701625701015942
22 -9.43515909277771
23 54.195016605105934
24 19.609572704199902
25 30.021305243565276
26 21.46034631258329
27 13.939570316392928
28 -0.8569815486817633
29 -15.764698273854512
30 -27.23031007589594
31 -24.021690649550678
32 12.18828784485349
33 -23.05946967844927
34 -29.531959830879305
35 -16.654645660553683
36 -8.714219636437067
37 -5.029109270047808
38 -8.021797799483693
39 -52.239443286708564
40 20.11453941844152
41 -48.628912773490065
42 -21.54896682717305
43 18.940376269343087
44 -54.990481904595526
45 23.21067574964836
46 4.778057931715061
47 -26.324219101679898
48 -0.8580599157458001
49 -19.18035549779132
50 5.496914451901077
51 -56.33932516797128
52 4.19829469373575
53 36.843541440419365
54 -75.491551772607
55 73.80573263041843
56 16.03627430092168
57 30.402391880153086
58 76.28755833633477
59 5.4596067897046
60 53.50791205637586
61 -6.082626052745643
62 85.7363921828816
63 -47.3650974320473
64 28.028896719209843
65 -25.28489743962986
66 -37.37393538774823
67 33.419004803710116
68 -54.64814720319795
69 -9.574505360883336
70 -15.62723559084491
71 -38.9911272432614
72 -48.19403836699884
73 41.55459011511486
74 -75.65505535606901
75 4.9020485432824294
76 7.909142824203491
77 -56.263465107854124
78 55.00165786736617
79 -51.27402149550002
80 -45.48811137455608
81 27.607326621119952
82 -80.86689249252527
83 -2.111430150853455
84 -25.09388739980597
85 -21.478397457447368
86 -15.992678761323058
87 9.255168868375064
88 -45.54236012304607
89 40.25125961690508
90 -24.87960343515546
91 26.42359554177472
92 24.718340766578127
93 -7.045690582566603
94 82.9988444599301
95 5.442904161811403
96 80.99878327644412
97 19.906434052548807
98 60.74199299149615
99 27.502009757678437
100 39.76240787895787
101 29.484133581791177
102 2.074432431728784
103 -6.589730479750214
104 37.358753879120925
105 18.020369529008114
106 -31.054653076801923
107 48.47738967461653
108 -63.763066489240686
109 30.36683424739789
110 -42.83873126190693
111 -43.55769242983377
112 -11.000093044856342
113 -65.69654629942478
114 -11.747935259025988
115 -15.073562730728174
116 -46.94354583492347
117 60.0740173989255
118 -11.247977533353025
119 31.66880897537355
120 -4.376396509488089
121 16.49129062893148
122 -26.705393968415827
123 18.90174860827503
124 -8.700967820265017
125 9.326397737670357
126 -0.9741075918141011
127 0.0
