0 0.0
1 -5.223523097948813
2 12.899126141132966
3 -22.2859894883736
4 4.116333664160022
5 -51.40624600785202
6 -19.520696666902975
7 -73.38391798600574
8 -31.174325796625222
9 -19.066299714761296
10 -41.12956452124823
11 11.964802516671671
12 -60.31552565155739
13 70.1426865368213
14 -50.336217138849975
15 73.424740388523
16 -21.768787470706396
17 18.92451022457141
18 -12.032153048704316
19 25.575557606074604
20 -72.99041963147815
21 59.36112649917714
22 -44.33301357016084
23 0.833590633271447
24 -17.75236217026743
25 -11.069816960373052
26 -27.033364245764176
27 -9.077802171692532
28 34.29065381592288
29 -53.55877717912655
30 38.63122893393361
31 -68.38812609159275
32 48.55727231610493
33 -42.2762778126581
34 7.706130502171841
35 -52.74917447253289
36 18.121972433199115
37 -18.660707880947484
38 -67.48989382332705
39 -23.074747756909566
40 -32.335071291724546
41 -34.107842359649716
42 -22.717041714659587
43 -3.9742827700647383
44 13.152878275781859
45 -12.91251812170908
46 53.08423595765045
47 38.7778665811967
48 17.668266513301102
49 46.0825543108494
50 -32.08085564845846
51 52.940390525632445
52 -6.155348793080561
53 36.28808538783572
54 -2.404629796542602
55 18.690773743129807
56 -15.049908329640182
57 29.92053255754914
58 -4.111439220994633
59 -31.160182891292937
60 41.97991068050071
61 -11.979162454064749
62 1.1429326776715862
63 -11.646635501134828
64 8.690951802764443
65 -10.0252269248741
66 -29.41414348338187
67 0.402685778414018
68 12.6258508547853
69 -64.21621466140164
70 40.36360178157952
71 -54.11643225899142
72 23.262448108227353
73 -10.72778791509094
74 -8.290241307814542
75 62.04462744644078
76 -15.880357141021964
77 39.47215666049841
78 -31.078920268795894
79 35.57308159180123
80 8.803067119460293
81 -10.21104494150162
82 6.0949374293347915
83 -7.096660031298705
84 7.537893725533242
85 18.39114935139755
86 18.471173356588967
87 -21.25265172748954
88 -8.683366280308286
89 7.747736834898514
90 -68.82592583043659
91 24.814643441158946
92 -49.91877298289767
93 34.99895145865933
94 6.1992926818324765
95 -14.7724445284155
96 31.339001450184604
97 11.805498770801835
98 4.255511123169571
99 10.076681638021562
100 26.978450259275284
101 -44.627923800212706
102 64.41109364979071
103 -29.884234809489545
104 -29.530970284615872
105 40.76675338956316
106 -81.12928029074847
107 21.343208842049272
108 -51.814549624751905
109 -8.682217593257267
110 -6.527726787465304
111 -76.02164630632603
112 49.125820818905844
113 -73.09274706288551
114 27.972492497725998
115 -1.4996891615302568
116 -34.195780661354355
117 40.652441007970175
118 -15.28195181713035
119 64.98368660161032
120 3.2139056434744937
121 73.88327185105263
122 -5.358940478818022
123 47.69536763349839
124 -8.974203108078738
125 15.3985368467542
126 0.3498279509819635
127 0.0
