0 0.0
1 -4.981189996240571
2 14.41581268633515
3 -28.78983887398972
4 22.558454501945835
5 -25.02908336128039
6 -1.640160186408598
7 -17.87258456518645
8 -35.36837368000169
9 12.473170716523363
10 -45.29731888863919
11 41.49691985646329
12 -85.95641136956223
13 63.8276330630517
14 -114.89086202207007
15 94.09137458204157
16 -98.35551532579194
17 1.9530282201002733
18 -56.37700343940642
19 -35.79044209587394
20 -43.789669925590864
21 -9.118143650273224
22 19.026634157812257
23 -62.34361991669331
24 40.82721482707646
25 -41.14903433079854
26 15.342045832964523
27 -12.952567898098941
28 15.31839768152368
29 9.244705465878488
30 18.01101833835103
31 2.069574298852866
32 44.016864888079034
33 -32.684846788063346
34 32.48403267348797
35 16.53726705676181
36 -67.15745747708466
37 53.06671372521639
38 -62.13094741480384
39 41.88197846317494
40 -20.295330669542555
41 10.105208820024686
42 -16.408892739974974
43 -22.917598381270228
44 -10.356003075569019
45 -14.333138388250534
46 -22.064874856548634
47 -11.223389598720473
48 33.594528567579836
49 -20.693412478931187
50 73.69272156881063
51 -105.26945675567241
52 78.29183115717879
53 -102.78683661578407
54 3.714241962758424
55 -60.290571283335304
56 -6.728078180062451
57 0.766181300779671
58 -7.013041918669072
59 -0.004961359070617923
60 -6.659053625695449
61 48.11857419890183
62 -47.11246389258893
63 40.086448983671275
64 -11.672526143840733
65 -21.112447492885707
66 60.47528198869861
67 -48.90293685302111
68 -6.301483811720336
69 34.847681288863726
70 -16.99333120401274
71 98.54516162587963
72 -81.7570232614659
73 124.00660157589172
74 -40.8762970474127
75 57.94202623891874
76 -5.121820071797084
77 9.831891696054976
78 70.67772866533446
79 -38.91552323437524
80 100.84624779610174
81 -66.36759740728617
82 44.90305067471101
83 3.2076316389092585
84 -39.122715943472905
85 17.793087588117693
86 -20.04732264259401
87 -73.89295824868634
88 15.072293532250287
89 -83.90728128968325
90 -9.067502292343265
91 -47.40262924924614
92 -9.014591953256158
93 -21.96688698121994
94 -48.979054766838125
95 26.209303060996586
96 -87.03307867495617
97 63.07960176221079
98 -103.03378179890966
99 74.28718449385705
100 -64.87487244976525
101 35.95270088905807
102 -42.01465915709327
103 37.0146210704718
104 22.073377933125922
105 -25.334618863056107
106 59.7048740283131
107 5.8222226450716725
108 8.672602899715121
109 -3.5351502740633682
110 79.83314882975203
111 -51.68574737846922
112 89.19468922454506
113 -45.942051394054715
114 78.62263450727593
115 11.503671518671812
116 24.618097085474144
117 12.308478965578676
118 -11.272517214152046
119 51.710614959744085
120 -72.3346897256556
121 82.58261472855445
122 -38.027863377800614
123 38.236049761946425
124 -6.22711993077897
125 8.48874680846105
126 1.034995482949424
127 0.0
