0 0.0
1 -4.005877058904447
2 9.43384321834675
3 -23.381885085488854
4 16.11386848775775
5 -32.592437989343445
6 9.698694732259447
7 -13.43587377044586
8 -18.372241034887885
9 19.28445176034154
10 -35.39475203455742
11 29.475460861371772
12 -63.79511752225
13 1.6599821726216992
14 38.52484520710851
15 -63.721434125853484
16 28.913890527787053
17 -69.99417604163419
18 17.68117431822199
19 -54.97927024354874
20 -14.288581882757635
21 -19.011081473633585
22 -20.20123932376901
23 -1.935465704689401
24 -89.22456473519637
25 30.5719619155833
26 -70.77269531497029
27 9.21200232395379
28 -5.443236016055051
29 -3.7770247492457396
30 -41.068636398445236
31 62.84438406662737
32 -14.27319175344558
33 -8.847821918499328
34 53.70912813164342
35 -40.3784314891735
36 8.777581019719403
37 -16.938910954678096
38 14.725794985171978
39 -31.407348161822096
40 45.134812071954414
41 -31.108439319808618
42 52.754675802375274
43 4.674869416295202
44 49.95744869062939
45 -7.3371168289383455
46 70.03518835021823
47 16.622364824291434
48 -2.842938572506154
49 20.339200057287623
50 -11.715893370481787
51 3.7236308293636
52 -30.538942487571347
53 18.57282998254279
54 -42.16004407046706
55 6.229579735913435
56 -23.61297507835171
57 37.65111170870682
58 -90.98887418824907
59 38.36058211846014
60 -15.59726112233769
61 -14.466623427366356
62 10.095484874008827
63 20.818880270975516
64 -23.41302567323656
65 54.770707688372056
66 -32.465214882873276
67 3.015330828667585
68 23.51260523594892
69 -7.262923941621969
70 56.308406391706654
71 -5.44968450665806
72 9.138223745106968
73 11.294305154782567
74 49.93412060353597
75 -69.63335520211596
76 40.64465440487419
77 -28.32793577716335
78 19.73710479899957
79 3.7026396901706513
80 29.861177554779584
81 -7.799745431784426
82 26.557188441649902
83 36.11705893717027
84 4.811874745039315
85 22.508890488091755
86 -23.515597656109907
87 31.1510354242642
88 -65.78893372816665
89 -9.19735092140486
90 -50.852852875629175
91 -10.313932278674551
92 -38.02269764215591
93 22.282099428679583
94 -55.24642341040381
95 21.475642025616924
96 25.4841084093072
97 -29.641851032438215
98 57.067861424212694
99 -43.43613288997626
100 17.89851592197343
101 -60.87581892664216
102 1.7498376284102344
103 -64.89630959445856
104 -17.473640712907503
105 6.436981788759787
106 -23.477805986894825
107 -14.848010169089056
108 21.382557773884102
109 49.056719427266245
110 -20.966359099660853
111 -14.257830488616712
112 20.089631830954154
113 -55.062496681548936
114 21.168546300262836
115 -3.159982811851703
116 -63.06748831153922
117 92.48909889535203
118 -102.2216124915997
119 98.61169295563245
120 -18.03609791171767
121 49.57291339846243
122 -13.872513841474458
123 39.5033441003542
124 -9.574495440227974
125 10.048965367673988
126 0.13425191833889932
127 0.0
