0 0.0
1 -4.281842093280334
2 15.759661884059234
3 -20.61603460916595
4 14.548275393530508
5 -27.422089353015743
6 -8.050611462418853
7 31.812086529142938
8 -102.26990867226229
9 10.932689201075549
10 -53.605657929531795
11 -1.6900233462795355
12 -1.3609399561723672
13 -50.29700385636862
14 37.249177279094624
15 -0.7876930985422974
16 -14.795065259052084
17 46.76948882457041
18 -24.564959666909623
19 8.303198515444672
20 35.12336410208106
21 -40.80990351465826
22 54.014775598110155
23 -47.08611749662757
24 19.137328612167238
25 -41.980104580281605
26 -14.92673985788592
27 -33.71563955709371
28 -16.77494909366735
29 -22.201476298984783
30 -56.77865232598902
31 23.227114195253993
32 -70.32530803527271
33 34.86124369787246
34 -37.6282960939981
35 -4.1417191876597395
36 -46.34724637687855
37 11.593745847736002
38 -36.797996609319604
39 47.31474514914486
40 -44.63863282706101
41 11.28633564472335
42 -0.5503870807759748
43 34.65179919847834
44 15.958725688163732
45 9.482490583516707
46 52.17320406916511
47 -13.692944661014414
48 -1.9329033195843432
49 4.30289623219287
50 26.575398350803294
51 -19.318786730613333
52 0.216634211650014
53 -58.85999923151603
54 53.67510725692399
55 -73.86237779700437
56 6.207064003716598
57 14.119577265821594
58 -43.649521376671714
59 14.382039638350983
60 -37.37429268264466
61 -18.522057317350445
62 25.05030228479295
63 -18.58560788714279
64 43.44615680343319
65 -2.428632578328261
66 52.885517814010456
67 -28.068065323932913
68 35.245573928587774
69 51.79296390041398
70 -23.79066310711401
71 47.459770507642155
72 -72.8254171081369
73 70.58076681278436
74 -57.508941760166806
75 35.36068827216775
76 -34.30793410338523
77 22.45596713218437
78 -20.782841921253727
79 -7.738690178117557
80 16.329635830439614
81 -37.46840617980832
82 68.47922255161109
83 -52.70199044719505
84 44.0453336130479
85 5.682954539101187
86 0.7376188639544395
87 32.069971296783386
88 -38.40894117860041
89 44.178988886054505
90 -7.60360284615711
91 -37.14145208474835
92 -6.933692375842484
93 -10.447050038310996
94 -44.40068589602917
95 5.904810106222053
96 2.7591790959356404
97 -58.82406206962381
98 40.981028673584795
99 -33.99026125689149
100 45.2283962963031
101 -34.80552880954544
102 11.535785323288989
103 -22.766330651955563
104 -4.460682217929439
105 -1.755104413519393
106 -33.99948391834364
107 4.713702531125983
108 -16.808161643855424
109 1.1269244965302014
110 -23.266279316477934
111 22.576173324081324
112 -35.547766265456616
113 23.569526509852874
114 -28.68664966871116
115 -36.1518892859739
116 22.255295486945922
117 38.850950785139894
118 -46.93642716563752
119 47.653703787680044
120 13.202131587491927
121 30.18959548530628
122 -9.054172954089182
123 22.78111378241379
124 -9.800423574024455
125 14.988927723023098
126 -0.05620726774984808
127 0.0
