0 0.0
1 -3.177399576210585
2 11.431038102015517
3 -26.196486170036703
4 22.834204245275618
5 -44.78583010078495
6 22.60488228725024
7 -55.56521334650094
8 21.368627087963773
9 -38.71890531961301
10 19.206588213106816
11 9.295338905310018
12 -16.725614253002693
13 23.116672647610052
14 23.812032120058362
15 45.243906812734494
16 -83.65672315973642
17 54.151117920129266
18 -37.78241970914799
19 -0.8289800914221103
20 4.987615142009925
21 -18.63639943917667
22 -24.784870618917886
23 -13.217979353907259
24 -14.218739132367753
25 -8.983658850078964
26 -16.74265664777989
27 -30.178581105979774
28 18.464019076734967
29 -49.86981380543266
30 -6.275180672373029
31 -42.021932641255376
32 37.130763165698085
33 -28.262358976896966
34 -23.1870762998172
35 17.121682924587134
36 -0.053444139126845584
37 -3.07048536336395
38 8.47156058850558
39 -23.69083770025482
40 22.197067945280534
41 -9.09257238154742
42 -6.590346418376766
43 20.18970599608043
44 -36.8293247149479
45 2.459492661260796
46 -3.156081652149768
47 31.211304804108032
48 -46.08050590759947
49 67.06263457242191
50 -37.67123934022138
51 15.343541064147702
52 14.931533883569347
53 -58.9734740007539
54 30.8744954135044
55 -47.85109075778125
56 -13.266320086114293
57 -10.677225428207242
58 -0.7105984567902903
59 -22.140830947579893
60 2.871223931959833
61 2.9230011625664445
62 4.5492178425866445
63 27.746114098067746
64 -2.424047199471151
65 19.71245085141036
66 -4.789823607889085
67 14.349216450868406
68 -22.064053273595547
69 8.965826762875787
70 -19.47457030569723
71 -27.993011941810327
72 21.913350899154565
73 -45.14437819007029
74 54.580810146232196
75 -24.1980529249393
76 26.5115470896236
77 20.009793085166137
78 -16.222040248907106
79 34.75593907013175
80 -17.980638586524247
81 37.90131167401705
82 -49.801987967827145
83 60.458811073683734
84 -60.86770253919509
85 27.89396413866351
86 11.647702508508939
87 -24.875213604712936
88 65.92009045272331
89 -75.11623765282421
90 120.12588882140125
91 -82.98905947195983
92 16.96013036917593
93 22.199676117967343
94 -51.3329768846057
95 48.91676842502302
96 -76.70461085459108
97 48.522036305451344
98 -54.40741201945868
99 -12.24423330769071
100 -8.345226170886402
101 -9.204647919990695
102 -5.090614125467173
103 -19.45743833463787
104 -13.815728863851001
105 -23.931741515645047
106 14.700721648461863
107 -16.69146296705616
108 12.287160013154882
109 -34.03335034239024
110 29.728049663847965
111 -18.703990022901166
112 14.108360719468491
113 19.80321047910106
114 10.074768113668823
115 15.633610012943125
116 10.494337421769343
117 24.40869463693852
118 19.623979731570564
119 33.49919759635414
120 -27.65399083225911
121 57.861585577125425
122 -54.958518396781905
123 44.48440958320502
124 -15.61374727559344
125 12.048858779120623
126 -0.686816243250589
127 0.0
