0 0.0
1 -4.4727040439020795
2 13.596588800684234
3 -17.03104011274091
4 11.730944704938075
5 -33.60224487171669
6 38.252034732541766
7 -73.5344246690568
8 12.169292331947991
9 -44.47853208935465
10 -3.9505683748461977
11 1.4532677023209566
12 -28.28976127605006
13 53.448977815725655
14 -26.653497261721416
15 53.58565910046066
16 -49.82615350009775
17 72.29151112984395
18 -43.75293460095216
19 32.893802806469985
20 9.311393360521269
21 -17.731394688309802
22 40.83890641446178
23 -83.15867590291582
24 65.81492511058451
25 -59.059870789199685
26 8.487742154161902
27 -15.749081900942945
28 16.148731061474997
29 -11.827897702479403
30 73.65966948090409
31 -13.723898276844361
32 17.056062116811788
33 48.54149168239638
34 -72.47101022913095
35 62.54952987689344
36 -88.34104235195205
37 31.143253887237876
38 -60.2728475455525
39 -27.055070769137146
40 18.18930734476252
41 -64.77509882795178
42 -3.3321305015025175
43 -20.939261897152484
44 16.535685271918275
45 4.440143177224738
46 -8.206805323373082
47 47.415909036684866
48 -19.879922227712346
49 9.904751498426608
50 -40.25266701859192
51 27.8946790888149
52 -24.3982746561552
53 -32.6425779482091
54 15.318429332559989
55 -35.85669277436428
56 14.409366405123354
57 -2.316165110802981
58 -5.486862198659704
59 4.770805480646671
60 50.90976410982371
61 -40.40568915409716
62 70.75248780531716
63 74.39307856406982
64 -34.64542655542371
65 63.59667517248552
66 -34.45230010243654
67 60.83414850297098
68 -51.516442721598416
69 51.8519717357725
70 -5.6228823092296905
71 9.57982636613475
72 13.655414566257317
73 -50.63746563645294
74 44.86950038984903
75 -57.91407476956472
76 35.48373765631381
77 -37.18551696914419
78 -12.94852086268798
79 -51.721504777543
80 -31.8564251509359
81 -43.117208945944455
82 -22.68971847264183
83 -2.7311951740244163
84 -13.511439370103233
85 -36.78372829452192
86 24.142054034957678
87 31.31950960445089
88 -19.01147618886162
89 32.70697116797381
90 11.211079267228188
91 -5.979444629659381
92 17.825265470976582
93 10.829188957080767
94 6.810816881389768
95 45.33557584338084
96 -5.189686183966421
97 50.333307395294206
98 -17.478941279712696
99 51.14698472063979
100 -82.23359608483028
101 91.4417265539435
102 -60.38408438704232
103 17.543267584468545
104 18.036251600349818
105 12.159024186822203
106 4.552410723151467
107 -43.830000916531056
108 65.83710853875498
109 -111.7794648982333
110 117.73537907728931
111 -108.118891697521
112 88.66302148301513
113 -93.92584392015748
114 26.013167623723966
115 -30.05858384500922
116 -27.47807391653668
117 17.81712875633182
118 -66.4270818600553
119 83.39109159989046
120 -91.09530932203262
121 78.98087943932397
122 -62.09646769331597
123 32.03507905130832
124 -23.15880996459708
125 12.893719781147198
126 -1.678602844019315
127 0.0
