0 0.0
1 -5.429146378201788
2 11.141474550632957
3 -12.962894926845745
4 -11.910747669689412
5 -10.899849635909606
6 -48.17411508099528
7 -33.44642265192668
8 -57.09970449580682
9 47.43620890089688
10 -100.28219463322984
11 16.145836799853992
12 -70.74461310133174
13 -3.1915583992292
14 -13.661831827831262
15 -12.524689387691144
16 30.98333393951367
17 -38.351441961964824
18 87.87348366534148
19 -45.47045130486868
20 15.889329417617029
21 -5.538761936800462
22 -7.269247006110293
23 -9.089148120083365
24 -33.49916896659235
25 -2.9896473874398604
26 -13.352573029856371
27 -40.741574480189
28 26.524001421851402
29 -30.772237808854626
30 37.060110745327634
31 46.233182910849735
32 -12.478787032725451
33 62.44874572356486
34 -27.270101993528932
35 59.215780486810715
36 -19.598162012922096
37 48.32239135985113
38 21.493899659554547
39 17.731443476065444
40 -1.0486399563903122
41 25.196277759789858
42 -36.035436278789106
43 24.60164239449421
44 13.17491849590146
45 17.16116251078877
46 -10.940020494819882
47 -8.298420893774113
48 21.645210408723518
49 -45.297301885660566
50 30.71905985126371
51 -82.43194245549473
52 18.29908875421052
53 -7.4397406758142814
54 6.141794189038546
55 16.298793551702733
56 -49.59423500651632
57 24.53333402541672
58 -72.03190103440264
59 39.97786227051754
60 -14.225589421875203
61 -45.15180267096979
62 42.10212624776033
63 -57.11595773839153
64 -3.196954008385938
65 -3.4518044555876366
66 -42.28719405966745
67 42.87784999992782
68 -24.126312600805957
69 25.9757069560123
70 -0.5723525859241294
71 8.3841396484818
72 -10.327813814846344
73 40.42694445154264
74 27.928133597897325
75 -3.5598117939221736
76 59.4290102516476
77 -29.904289686758048
78 30.78968212860143
79 -20.112938765966526
80 -32.25760483124643
81 -38.00678104952377
82 -7.074445258785117
83 -23.190438008039674
84 -11.70183174014943
85 -4.96635807127703
86 -7.7042170739116465
87 -17.629035993737773
88 45.205739012028914
89 -24.208974698021546
90 28.82326453852361
91 -7.190232492293429
92 -25.42618324234445
93 16.331251383794495
94 -63.27861767857077
95 60.78741104143249
96 -64.0883799282333
97 34.03483073884022
98 -20.301001498647604
99 25.98614053852016
100 10.930462340689537
101 -9.501235324186416
102 38.57769610241139
103 -28.6469503361921
104 31.023915038212284
105 -38.908640105792166
106 33.091071246015254
107 2.0413910487114406
108 -16.70827029724855
109 12.991468665244966
110 -26.45287875359653
111 -13.599090025668252
112 -25.84769663114414
113 -0.23223427684813694
114 -44.17371383177347
115 9.166721193786119
116 19.711472628152563
117 -0.2193609828259691
118 -17.970304784551892
119 79.6536071437784
120 -48.702411642964954
121 58.42274823322491
122 -18.616510139999058
123 16.515340074829187
124 5.333917181912785
125 7.383419567991455
126 1.7151260323922046
127 0.0
