0 0.0
1 -2.628450534969133
2 10.73634150123927
3 -18.71308790393628
4 24.806667939011543
5 -62.95181570599043
6 43.32145166961313
7 -66.05642146065266
8 -8.336474120413504
9 -74.49423145062516
10 17.865756466616528
11 -70.28137923551708
12 -46.185536501344664
13 -63.50521790002656
14 -77.50112025693353
15 -32.269004668470956
16 -104.71063331266572
17 -14.04606312591814
18 -40.53944910687999
19 4.457380726356924
20 -23.188569903219
21 -19.42818592095194
22 25.12095721050511
23 20.761714178324326
24 -22.962891559717733
25 38.505181974888956
26 -3.8018778214542297
27 67.017763891397
28 -11.931257713069899
29 33.258125009814414
30 7.07652914833343
31 23.02421457717467
32 -6.557431091680354
33 1.199041191530683
34 32.089830535239514
35 -4.550580862264872
36 27.043030995222235
37 -9.895792330945827
38 29.2036258497456
39 -5.56827416111544
40 38.179024263131666
41 -12.025440441386653
42 22.412785755748953
43 2.9804490436411206
44 10.016941967941039
45 -21.64262205440616
46 18.155667607887384
47 14.843175925897567
48 36.74727065268573
49 -13.379587577218159
50 14.665108516421915
51 -13.816538342883986
52 -40.84948032421286
53 1.4442919428514416
54 -60.57836500445331
55 6.3752305474852005
56 -60.825201964651264
57 -5.980508499226798
58 -6.33233620200262
59 27.402747702580477
60 -19.066391290722077
61 44.43335479359568
62 -2.643440643172249
63 29.158011933486385
64 22.238671526316004
65 43.99626660260638
66 7.2766147459793835
67 25.423329618847593
68 41.075357927153874
69 -38.890384146011215
70 51.86551026304423
71 -7.4939001736591955
72 -25.57894559494373
73 -18.426307898740692
74 0.1381079441398425
75 -37.300309972256926
76 -17.866395741528553
77 -61.17529956354175
78 -22.80557546009496
79 -38.94483512659302
80 -23.46230019622201
81 -68.48233532521951
82 7.565016951078903
83 -38.29276001918125
84 14.183723059271694
85 -12.031098046612001
86 -0.4735066736755448
87 6.258014669261649
88 -40.725570562878595
89 32.839642193549324
90 -18.502307960331574
91 47.46269096654757
92 13.681888428193002
93 35.83347104558043
94 -5.264055071947468
95 53.952959057956946
96 -0.8140610030614192
97 30.92826061583034
98 22.041923355985777
99 -14.571379814424823
100 37.2273250914687
101 16.841358144221683
102 -10.406098317373742
103 44.41851588596155
104 -6.349975050985922
105 -37.922221452752524
106 20.980365373759376
107 -20.76380003218198
108 5.551851283028034
109 23.846263317775886
110 -41.00870491839304
111 -14.941756490878419
112 -44.99191150071641
113 -44.71813967866372
114 -5.338952997519716
115 -52.26159003221436
116 20.89130062553157
117 24.96568430081963
118 -4.2300518456756135
119 31.7655765565149
120 -1.7590895174488879
121 37.53090108400835
122 0.6104372039799264
123 41.22530375300289
124 -14.899143182951091
125 18.978179422233328
126 -1.5642529484719987
127 0.0
