0 0.0
1 -4.37946559590346
2 17.327012611287294
3 -19.792970798304705
4 19.68707706768595
5 -13.008259398717902
6 -13.967263401902688
7 14.210473440598685
8 -74.16564404846197
9 0.019877576995512264
10 -90.70421747297087
11 8.473527848236133
12 -80.26736699498773
13 -17.962796695883632
14 -57.2565043975066
15 -47.77500184316597
16 -40.75633259173077
17 -42.79808141697134
18 -27.380398688017536
19 10.425286475842599
20 -28.16482599642518
21 14.023369600764207
22 -37.48637661341661
23 8.22387536324886
24 -12.198625489709237
25 -13.323101510214443
26 37.69222071063101
27 -51.431157782347846
28 18.282448979630622
29 9.86728139831714
30 -0.3552915006576391
31 -30.363837079069555
32 -20.89380596068296
33 13.307591257730122
34 -20.847316710717116
35 34.34270680301865
36 8.46367133346706
37 44.22094676678678
38 5.162442994411414
39 11.33974298398345
40 5.796197288831158
41 21.805018903381196
42 29.950625203214216
43 4.063799990843583
44 49.576479552988786
45 -23.507522269591096
46 70.15599214908963
47 -22.54617417438449
48 15.479462409808761
49 31.075772837840823
50 -23.935663667933973
51 66.25841549954953
52 -10.576742879907767
53 14.119391144828448
54 -13.010374910800655
55 -18.24472168686664
56 -15.341317926961306
57 -6.4331456316831455
58 -36.136781532971035
59 -9.426396448384937
60 -4.526277833524478
61 -9.568545607019088
62 10.896703575362363
63 -7.900500154457197
64 20.12420924133708
65 -11.083841576634935
66 15.995757077024754
67 20.044382297804145
68 -39.80149062450087
69 28.007120608336063
70 -16.329137172183927
71 5.338988873149937
72 31.893602361802007
73 -25.696955957514472
74 38.39140604921812
75 -2.901866636977961
76 26.059374190691337
77 -34.63522406570637
78 28.502724578019215
79 -8.852072556301428
80 -3.481132128255819
81 34.46833634455576
82 -5.747408788751667
83 25.213570868988494
84 10.645343830337502
85 -8.909803526241411
86 25.435288650257352
87 -7.581176706657498
88 -1.6096541551327221
89 29.54061166036021
90 -35.83067716918694
91 21.669107337655117
92 -21.382408536164295
93 18.471361882764334
94 -47.69197179226876
95 28.527632991207053
96 -65.18042457796201
97 26.098243323852042
98 -43.41290134028344
99 -43.39643496184533
100 17.717603739121458
101 -81.26262665152338
102 24.81390031331545
103 -64.10299885435234
104 -28.234012741449742
105 4.619094540337788
106 -65.13175393376993
107 0.9549939143617282
108 -6.003452078453555
109 -66.12736434028604
110 7.585399911789411
111 -35.2423840194771
112 2.3708011431564118
113 -20.352593021699885
114 27.006605556857284
115 1.4113386828359016
116 -35.966043374067304
117 56.926283954802294
118 -35.913798317602975
119 61.726640910052474
120 1.976227497754079
121 47.634860929244134
122 7.050974952645961
123 20.91803805033659
124 0.5481437840019688
125 10.244031082406305
126 0.7825689682205312
127 0.0
