0 0.0
1 -5.425378928372568
2 14.790798681973591
3 -26.98278449021029
4 23.405605535945636
5 -65.9941897749664
6 17.125437207038242
7 -32.55578247941768
8 -69.69668918537087
9 -6.321164720250283
10 -32.723418972680086
11 -43.75544884989725
12 0.3828432143545243
13 -3.627441923196936
14 -56.82451922254163
15 58.47406731869055
16 -66.69499564156256
17 56.260344471428475
18 -21.890523956856235
19 43.584495326479725
20 0.7986864078452715
21 18.02303756722482
22 5.252726269988398
23 32.244556942466694
24 2.0644733994169933
25 -15.688375240913764
26 26.394094605842195
27 3.5328368646961184
28 -37.40506944739903
29 46.891016790281896
30 -71.55230908860871
31 36.29543529611564
32 -36.228739126292524
33 0.6326583063932933
34 -23.677317410377523
35 -6.454844796773977
36 -22.69035186554767
37 -59.11934155643352
38 24.92459589517074
39 -41.01475251785704
40 9.390887810155274
41 6.474542385681599
42 31.112774180638407
43 -31.332757973735642
44 18.961957261366496
45 -12.948943413427147
46 2.355389490088245
47 16.097298762028853
48 -21.889527292603702
49 2.279933729240177
50 -39.76931866506796
51 -1.5937405568702652
52 -11.957042499719199
53 -20.99528907355104
54 30.384335956037173
55 -23.586877725923774
56 48.481999268854885
57 -4.2278502223308765
58 32.674002974678345
59 -39.71489767153616
60 -1.8024503691119784
61 -14.744833377298812
62 48.64801106084611
63 -69.1681931445774
64 29.943315117088385
65 8.592102260678676
66 -32.785666489464575
67 71.7761855333526
68 -69.63703764134473
69 67.81995616278147
70 -61.45262048697382
71 20.86697023234388
72 18.216492021570957
73 -27.969097235392923
74 38.89315078317605
75 -55.52979164734651
76 4.78384569488555
77 -44.560906709709435
78 -26.45855791288453
79 20.75965759372967
80 -41.720051810412265
81 19.660288505626262
82 -57.20486990552317
83 26.04921913145784
84 -56.9876011177668
85 20.57457960640289
86 -6.329405186864985
87 26.36615457248258
88 -3.1014790841551516
89 12.908523254753856
90 11.822920300473971
91 -15.790168927126798
92 56.78380125368721
93 -72.8390906523563
94 79.10662174122972
95 -41.998824006299955
96 31.452304777811364
97 19.47690448840588
98 -12.672751075947147
99 39.46166896081948
100 -28.764194279315358
101 39.45256694969646
102 0.05810432903202647
103 14.0694166185527
104 25.46982713203565
105 -11.500996747770865
106 -27.271049136066186
107 -1.0834618952849886
108 -30.905304253595023
109 -9.544533280020337
110 -1.0931029631162157
111 -10.654117759911841
112 -22.094865028291984
113 -7.846719933145261
114 -51.536581492390276
115 17.74635067025519
116 -8.480632123512272
117 40.872471531612675
118 -17.78329749874079
119 45.48728884515638
120 -8.568618026357266
121 65.31897016642745
122 -23.310370693461145
123 40.28615200380711
124 -9.639349096566878
125 12.073453299121484
126 0.7344351188687638
127 0.0
