0 0.0
1 -5.437677710519401
2 18.895088962600482
3 -27.801680891929458
4 14.944486492143394
5 -24.15289081343954
6 3.5539146314946604
7 -32.581606519974464
8 -47.15440124176762
9 36.13688075590546
10 -61.864445172112276
11 50.72515730747218
12 -78.4841245826743
13 37.19478028977598
14 -63.32940685223521
15 20.508002188774988
16 -26.347512740620385
17 -7.573277350775157
18 29.16416607123936
19 7.5175320680914774
20 5.431533345563057
21 21.38125261843516
22 -18.795967512057288
23 0.5692121926339359
24 15.409793886819477
25 2.4866399087886677
26 0.8521614993241821
27 -53.815356529448465
28 -10.565690421687606
29 -52.65984897054973
30 -21.341882497011508
31 -23.353852355920797
32 -29.39506956974263
33 0.8849206322075228
34 -53.90843085438042
35 58.78059511836493
36 -2.2630522721473243
37 19.46951556896886
38 69.55355737679085
39 -9.103193706605035
40 41.79278219134997
41 15.866244206384017
42 -39.33970119378605
43 13.517201762807506
44 -30.31193041574249
45 -1.4071502190782612
46 6.972482975780221
47 -29.06323282646958
48 -2.3408664227826206
49 -50.199274028601174
50 0.8629346091921642
51 -13.807733503672283
52 4.497686738860535
53 -28.661155411019493
54 -7.061155237615176
55 -32.009639715941496
56 33.404374952134425
57 -43.626655008148525
58 71.19273398665854
59 -17.231811129996306
60 51.7798186295579
61 22.240254823625925
62 -7.177527090712752
63 3.3843927587460554
64 7.647721409653582
65 32.70631394856756
66 -16.8059528214416
67 19.96134088133538
68 5.290859501677077
69 2.9125249791077583
70 23.294974971754844
71 -38.669842394097486
72 34.726071579089634
73 -21.26901333632441
74 -16.929033308860962
75 5.801455352197252
76 -62.306052949873546
77 33.48099798812975
78 -37.09359575820796
79 31.746472243010047
80 -24.739345727712575
81 5.3314086338421305
82 -30.03089245095165
83 12.82583799732451
84 -22.66313686530882
85 18.35058316389002
86 -56.910378627008456
87 11.650989622797734
88 -47.770962957157934
89 19.044580479762047
90 -19.852429698048496
91 -21.819034140065657
92 15.694237204684455
93 -15.887131285358077
94 6.921098238601131
95 28.80486276982211
96 -57.46410795438647
97 -1.6028753486393663
98 -36.45393081056567
99 11.474311236994314
100 -36.6812869595899
101 8.938461777363322
102 37.25214553778047
103 -45.78062728243126
104 74.47165261720497
105 -43.989820576532566
106 88.70469473341531
107 -18.49409986240296
108 83.90964824523925
109 -28.246004176753722
110 69.49444140211993
111 -26.659896448279664
112 48.81966704084223
113 4.625798684384646
114 32.75966441298208
115 25.434830654271387
116 -18.966924032507727
117 71.01772949491283
118 -45.78144412254654
119 70.1755732743598
120 -58.11418652041178
121 48.2570370896944
122 -51.10910390634346
123 34.60288798946375
124 -17.326407755145134
125 9.357082112189133
126 -0.8549220082979979
127 0.0
