0 0.0
1 -4.630801029918127
2 12.377637233891143
3 -28.025987504252694
4 13.015175299910196
5 -50.29727274631815
6 28.338965929175522
7 -88.83303791933228
8 55.07539888473727
9 -84.6445677066195
10 1.0677800404817261
11 -19.645655072867694
12 -41.483793138057415
13 28.091300918500743
14 -69.96487411141527
15 46.053399213883246
16 -84.66212973717046
17 72.83499724957208
18 -72.30968534963623
19 -4.704395964106311
20 -45.13422305640301
21 16.278335202825268
22 -53.568487746621784
23 31.210146299078733
24 11.974609665841273
25 -13.747888206555755
26 7.9464094696941805
27 -4.922503512385703
28 -2.934330215977889
29 3.3105036224430724
30 49.202677233500204
31 -14.861467065220403
32 46.396507412566336
33 61.16148478296458
34 -54.192746840603135
35 61.01618765294865
36 -44.007481544231084
37 2.9394305090342394
38 -16.60953231964454
39 -9.401276482166322
40 -10.966179092728414
41 -64.74356423515897
42 9.097669752442911
43 -70.43220659494452
44 -10.618588408707915
45 36.57909180594897
46 -37.04937429262142
47 32.38094620714285
48 22.072490374797788
49 -47.24796543266857
50 58.79731568489733
51 -46.600020254312724
52 21.31645076728973
53 -20.07263170408843
54 -12.355745010797321
55 30.194358856419104
56 -54.13563105165544
57 -15.947836840779942
58 30.22731389348094
59 -45.71014953337889
60 49.195267582799765
61 -15.866751515812298
62 45.534407299421595
63 29.337032668071345
64 -31.082983932841802
65 37.67512109919639
66 9.713387180353536
67 19.72696303378449
68 -18.03390931449866
69 -6.253212894721886
70 -18.39752457700622
71 33.27221775283999
72 12.971985992382049
73 -24.66658636170897
74 28.361980547544643
75 9.437409268290395
76 -28.413906283918365
77 35.52655604161554
78 -25.44680058802652
79 58.84029106694337
80 -56.49794040801459
81 18.442763362190053
82 -39.452600835292344
83 -25.50744924973839
84 12.701125629461382
85 -54.69268739934957
86 67.07192289304173
87 -60.27360491713643
88 54.97246304358654
89 -44.68639594739786
90 11.719855235691492
91 12.31503849703547
92 -3.4975100331473534
93 38.72680537023921
94 -33.00806989119067
95 7.618539204259191
96 -28.392239094351133
97 -1.522948750035772
98 -29.94521307568782
99 -0.6413169418976215
100 37.86999736795401
101 3.00261613727937
102 56.528284599274336
103 -20.738334774517938
104 31.890932325793436
105 1.7613660399281321
106 31.161743721953414
107 28.314608985575063
108 -24.04898930569483
109 10.718127037932263
110 -39.47054605125906
111 24.50736796817856
112 -52.35483699044518
113 -16.432711813589627
114 7.029830280785284
115 -3.486834977781509
116 -29.521567492358653
117 21.70883249731669
118 -45.48755750575838
119 77.82292048234842
120 -18.064600490139807
121 35.37589303899215
122 -15.999703785272631
123 30.535899945400807
124 -5.890362380842209
125 14.775002232751085
126 -0.2610292661137685
127 0.0
