0 0.0
1 -3.9840710526405947
2 14.923322898156812
3 -11.457023019850395
4 -8.621687786725492
5 9.061941966419665
6 -9.059633723768822
7 -14.043098468388832
8 -18.021624098831463
9 -60.86949369270227
10 -0.8474583892567542
11 -30.685436627524005
12 -35.46826486307684
13 -16.314388262139314
14 -35.191101011634345
15 9.184482829817371
16 -28.47967275107127
17 19.989565005591178
18 -4.8538317765403995
19 -2.8149061752956968
20 -21.27283547004675
21 8.411858945230843
22 -48.63354790149479
23 40.70395978816876
24 -27.419682021116934
25 20.370157667280456
26 -1.4272927978287127
27 17.259912449170532
28 -28.20684520677714
29 32.23626591019979
30 -11.967274934451444
31 -20.500512471001443
32 53.54671301976949
33 -65.78382601262247
34 58.46157772050658
35 -57.55685141367487
36 39.43557705689645
37 -14.848974769656342
38 20.95328127759252
39 18.064926147930294
40 5.22282872285279
41 -39.73765509442953
42 24.560748868853615
43 6.7263697016491735
44 10.514916185667145
45 54.82187312166495
46 -28.481216854254235
47 58.276358003934725
48 8.518875777209743
49 -29.668927197848596
50 25.858192071201433
51 5.621934726876406
52 -58.7932302910965
53 7.79133561336976
54 -45.76450003301149
55 16.335102086755224
56 -67.3370232746739
57 37.77553042462388
58 -61.59442414223532
59 -6.442683810476049
60 24.291431982523306
61 -10.861409310666813
62 -14.789624254237294
63 26.12687239406806
64 -22.0729267003173
65 -11.765478191364778
66 -7.500975192465565
67 -73.08714311547625
68 18.041190548973628
69 -57.58307800786417
70 23.478929668603556
71 -26.515345161427366
72 22.774301033621605
73 -8.285760721701985
74 45.18941275728352
75 -22.414437328624086
76 12.746147887455937
77 -7.019580719400304
78 -24.710319228221007
79 49.604033439040926
80 -23.886401658361024
81 38.42234404202734
82 -49.61986339564577
83 18.753793937150807
84 -10.486890295896657
85 -27.866288818277145
86 17.145345506580558
87 -13.217637652123372
88 -7.18231148482842
89 18.92287140226363
90 2.917813300374673
91 52.86374748479055
92 -46.85709741981084
93 55.24623663067545
94 -29.204814755152807
95 -4.839150066053618
96 19.964089497110535
97 -42.899935551256
98 18.530371335533534
99 3.4553017012057903
100 14.019109755726491
101 -40.968321193202016
102 81.94347963665908
103 -47.4439599835245
104 4.0207555623751405
105 11.492820158100793
106 -13.257751891399353
107 -6.30313713409719
108 -42.18217318565794
109 -24.885605105970928
110 14.803513378357906
111 -17.159262994420008
112 3.7796600909651845
113 -11.829901764713572
114 -30.227770040020243
115 30.976733104606524
116 -15.921732801028737
117 14.450908102921227
118 -11.072576958945366
119 -23.20394185625829
120 27.063861640115913
121 35.43788588225726
122 -15.824182472640915
123 37.24539212576654
124 -13.831614224514224
125 12.90376746523107
126 0.4415046557032496
127 0.0
