0 0.0
1 -4.67778344367828
2 12.203684659022098
3 -18.755658297488793
4 3.21040669021077
5 -24.02759713612711
6 -10.1028049758386
7 -37.694190406058816
8 -8.916311920282764
9 -10.835468008778378
10 -48.427483200553695
11 -2.7143422934838943
12 -64.98844252296148
13 48.33679651061126
14 -85.00539666552926
15 11.999557116546187
16 -27.204386121857947
17 23.514981162146213
18 -18.4751227152212
19 24.788965423286484
20 34.46547875930549
21 -2.4968690886783933
22 36.052402707431824
23 41.662045676595675
24 -12.414894240809891
25 24.832789580531443
26 23.833705582477858
27 1.1758879326230163
28 -7.194362170820466
29 21.52206833825344
30 20.675115644371484
31 -37.13646029237185
32 17.860499648299573
33 -35.75407417047417
34 -21.679481269012264
35 43.64585212619765
36 -45.79467231336942
37 14.673947871285066
38 14.339711056925058
39 -44.21958940991578
40 8.529781710104148
41 5.790582821992446
42 -32.67696761033797
43 26.767777946465344
44 -20.79002134144743
45 -15.123130265621644
46 -16.307661799915003
47 -37.90962275640149
48 -29.18835831763722
49 -35.7965908164282
50 -1.0129029128479676
51 -13.143299760475207
52 -2.836310599745608
53 -4.063424621885656
54 -3.9429973704168066
55 -2.428190563104573
56 -8.66127514174381
57 12.638992234253324
58 -31.900858004496797
59 -4.477210238337669
60 -7.779444750764432
61 -30.778804215965728
62 -12.894372928606959
63 -13.89658864855137
64 42.27859648927314
65 0.17002861054118631
66 51.76870508150574
67 4.881111783458949
68 28.427955220333892
69 34.45975720588931
70 27.59780056258001
71 40.95913402399258
72 -7.734471172121962
73 7.312201014605277
74 -19.235510611728724
75 -13.997030006168401
76 2.204954124005622
77 -34.91769463498294
78 20.538756987296818
79 -16.589116146179325
80 27.783324227798644
81 27.81615029970688
82 31.9131920750098
83 -3.673328435096143
84 33.351795367853825
85 17.691458796545092
86 -26.47139526080077
87 14.891696892307275
88 -33.98647388488478
89 27.30143169157917
90 -58.697023345085206
91 11.369541958892302
92 -22.427967556799675
93 29.954980745211216
94 -37.52999242076422
95 -44.62163955246435
96 21.656393632267257
97 -69.4482634459905
98 18.874351030505224
99 1.588629814012322
100 -33.439590195382905
101 63.92052182057912
102 -76.29217297284929
103 71.36131786596253
104 -11.172005173144283
105 -37.223395797080535
106 57.60942584529731
107 -63.850653487322
108 59.19344866564451
109 -42.86190906788349
110 42.69561834316849
111 -6.09478063527647
112 16.576840165998156
113 20.53416986325821
114 49.86075226648491
115 18.53207675591654
116 15.530785352777613
117 -1.6588707619066398
118 23.356338387323085
119 44.81900643939464
120 -45.090305406668136
121 50.841832017163824
122 -50.73474554277239
123 15.365003764942195
124 -16.74320339998816
125 9.905424506420768
126 -0.4147523832164593
127 0.0
