0 0.0
1 -4.491464446610724
2 8.300857167341375
3 -9.874717714338383
4 1.8239474825348916
5 -18.66297651515958
6 -30.523502027961236
7 -4.22017420345536
8 -22.61359370994517
9 -53.68902470495405
10 -8.30933853013149
11 -9.048683522902554
12 -23.77446551982478
13 -11.189639706858731
14 -7.078231072581818
15 35.05160179540899
16 -40.48354596101264
17 43.918644021385795
18 -51.750140860932525
19 46.80346917433559
20 -18.99820490112547
21 -25.506723541493106
22 40.71649110627387
23 -17.20246077884191
24 20.67911366259976
25 -32.39610164849024
26 36.50775154024921
27 -6.220462269735643
28 22.26932284026734
29 1.6447709261643773
30 3.2674635840098096
31 3.509171723415881
32 -4.313965173224275
33 -18.575085861732536
34 -30.265392752198412
35 31.15516226635078
36 -49.27047462153005
37 39.92478403443013
38 -58.33552453069766
39 13.37533679522314
40 -9.646654702368439
41 -12.08496993737217
42 6.813561254971453
43 -26.28512276178256
44 21.845654182363507
45 -22.01483716261224
46 19.286919288389733
47 21.33213468359345
48 14.621174980162783
49 11.01099667410834
50 33.19494966445915
51 2.146597264942137
52 -30.657079080338697
53 44.82728828371359
54 -9.407626650253093
55 8.060030426991425
56 14.032152001952074
57 12.340775682153975
58 3.356295815642304
59 -31.87341682540001
60 -1.9664318991074299
61 -38.95401855572665
62 8.003268361510072
63 -7.63856928928747
64 3.7536851934445234
65 -26.501725332748013
66 13.232832916022977
67 -26.093706936806555
68 -25.21520724295135
69 -11.194093184670756
70 7.872107886513827
71 -20.60020195157479
72 33.18247753438514
73 20.01099790220678
74 -4.816151091037412
75 41.77661950548998
76 -40.97189221554107
77 0.7319059749653593
78 -10.708714369230577
79 -60.52091603332789
80 18.33754574395458
81 -8.581038545183047
82 1.3963631032155717
83 9.98812241307202
84 -3.8196062585987125
85 9.330680438417955
86 23.685836853866707
87 17.7637871291966
88 13.483010917051052
89 44.169188371157965
90 -26.938192135944913
91 62.387722900126
92 -0.5856774560327346
93 63.7651985893278
94 -40.55460010709029
95 27.30202571320337
96 -3.167508922064424
97 -1.4538091400022408
98 32.440005553016285
99 -7.938971178793151
100 -20.400610462158486
101 -12.133918581440364
102 -18.324355787184082
103 -66.35902785098881
104 15.113859347015074
105 -64.46464749624248
106 -7.885414961516349
107 -16.88002368323561
108 11.418503011973375
109 -17.69872399988141
110 1.700364746040757
111 8.328108056690548
112 -31.52652664735238
113 6.495103966610875
114 -20.267217244711926
115 1.4368124064939523
116 -12.728969359286895
117 10.177530902360257
118 23.039352194343664
119 29.561818666835325
120 -9.794585348598964
121 37.81132633273237
122 -22.791904299034275
123 34.35859415720236
124 -9.328036670216326
125 6.316849307089577
126 0.6933080329470322
127 0.0
