0 0.0
1 -5.397730337155517
2 15.372775503254841
3 -37.10797112298545
4 24.205627600947697
5 -56.66718676013153
6 8.599363435857185
7 -69.53419595764296
8 -7.054149351978821
9 -24.34974330221961
10 -49.53402050754726
11 41.063419974068275
12 -102.9110991644654
13 90.69744638073145
14 -67.29245096701358
15 43.58043050750675
16 1.157651818831346
17 23.032420119812166
18 42.766280661903004
19 15.145889856256982
20 8.799935333581947
21 -22.748939369766358
22 51.67717261308463
23 -31.016658068831127
24 9.774661664752113
25 -24.068682784099764
26 9.039755585931545
27 -50.86487905987858
28 6.175784924152844
29 -4.929010084462317
30 -64.15029125935614
31 44.11695445046736
32 -50.23094477663398
33 -1.9996280170132772
34 -22.201452436904002
35 28.01765623750418
36 -55.45967570231725
37 38.67922017855874
38 -56.725426337693335
39 65.9640616702123
40 -50.94463950423636
41 -5.854993615597482
42 26.403994745827063
43 -24.129679370660796
44 58.05116476842197
45 -12.490387423647645
46 48.66288972209211
47 13.857750719200782
48 -43.03854420121457
49 56.54661915395696
50 -25.750888803528888
51 14.663725659580916
52 46.147026396045376
53 -45.52010164004495
54 60.516015718148736
55 -48.65995955230931
56 26.457589376942483
57 0.31839242412471824
58 26.014776893406516
59 8.351919616789788
60 -17.267257106026918
61 16.30612776496014
62 -20.378988395037318
63 -7.06235559277916
64 -26.160102661372797
65 17.757291902828328
66 -52.823869898656085
67 -5.568389818069586
68 -41.52521048068846
69 -17.137770692652673
70 -1.6703183563164359
71 -9.544915589562256
72 -26.761423727712856
73 31.49153377216564
74 -21.233761661159047
75 17.705809621922242
76 70.10599616715704
77 -24.95366018149319
78 70.0818125971365
79 -22.78774041136736
80 35.94547716105777
81 0.8297449670542535
82 32.65663273423604
83 -14.412041386667129
84 46.94689362809923
85 -29.723655391330322
86 10.922072848986193
87 7.473790034810091
88 48.557547685973944
89 -42.598914939623256
90 69.58522483565397
91 -50.65150697597157
92 7.6890088455005055
93 30.870438814127294
94 -42.81909853187769
95 80.12565387330089
96 -41.78903239767409
97 61.61702601591302
98 -61.40169459601041
99 3.2745346290305912
100 -50.7925391667918
101 -52.38579708937024
102 -54.23379693402061
103 -21.174992576408787
104 -53.78385518783474
105 -49.91057809900053
106 -27.07128165213687
107 -19.976523163602394
108 -6.832450627768302
109 25.641489600407812
110 -15.965016383819464
111 -0.20145394026769783
112 42.86236005502707
113 -28.658321662212526
114 50.27640369989763
115 72.68585381654698
116 -49.74504448428683
117 92.63375037278453
118 -60.06856935507865
119 67.44931985762855
120 -30.077995736742032
121 22.549077083073087
122 -10.086231083295914
123 20.254768349686273
124 -5.754264007494821
125 10.564131610488786
126 -0.44119434468691826
127 0.0
