0 0.0
1 -3.773936945734234
2 18.32060114510486
3 -23.172959678630534
4 31.144933224090693
5 -40.05965269195251
6 -12.790633775849795
7 5.678234994647143
8 -48.281971607821774
9 6.758690460998351
10 -26.41732845072261
11 -2.878976302391883
12 -2.6097185211935883
13 7.179438445548174
14 -38.1897754975427
15 36.20325988504529
16 -67.16593256202036
17 -6.927195359141117
18 -17.087161832714216
19 5.514978107048608
20 -23.88028351007744
21 2.565315215475555
22 -37.78037269826018
23 -18.739594894019216
24 -34.693221998393106
25 7.50577950254416
26 -36.652584510586856
27 9.58989270115069
28 1.1103360917318843
29 -2.9342264940037044
30 21.091174699783007
31 21.61391906187816
32 -13.630451461654028
33 9.58255946160514
34 -19.15131692612188
35 -39.630034532287915
36 2.4421996037865297
37 -20.70059995739903
38 16.06738223767327
39 -85.94447953833732
40 18.524275508220256
41 -68.13623666837675
42 -8.232126072296456
43 -0.37781438377233806
44 -65.06652944189446
45 47.068084915218336
46 -40.85630369249898
47 22.841657396673025
48 5.2592719436632684
49 5.814516720714317
50 12.881419430094823
51 9.80524895447994
52 -29.93460192478904
53 26.32989902526008
54 -34.15169745573483
55 12.096379723816142
56 -7.842311791545118
57 -14.17550763936544
58 36.297284688554136
59 -9.106920338849514
60 -1.8816350393179324
61 30.24455293465149
62 -12.49066363290653
63 -5.520099711717608
64 40.31020295372872
65 -66.00797312616788
66 29.5776099429157
67 -52.94772645531348
68 65.77610906094294
69 -51.45191478292621
70 33.51178546578001
71 1.2471381453766357
72 -27.89708494487175
73 10.95809609071699
74 -38.6801899104956
75 30.11979663882828
76 -1.9257410010207776
77 15.426531806681806
78 6.797309145534229
79 -1.8141256134063868
80 14.584915801223772
81 10.763606689343572
82 -9.668880029262684
83 54.58939485167817
84 -0.18369575717025297
85 35.785452795598644
86 -31.236774769171948
87 47.0380029800053
88 -46.453279240051124
89 72.72261644589388
90 -26.617178828183402
91 35.777758593522655
92 33.12489482582547
93 -44.12323241459584
94 48.71702637512629
95 -82.4995290020441
96 49.48005430241039
97 -53.60318525766239
98 19.573025824471923
99 -32.62532510150626
100 2.1177234281743447
101 -25.133619808789916
102 -13.936756555421159
103 -54.33465803793071
104 16.149270003791372
105 -50.03965159933994
106 10.01130159243623
107 -47.018622983643574
108 -26.422215520308026
109 9.330954779260223
110 -45.381874324685725
111 22.41324085224286
112 -65.91602902782694
113 30.721768476630952
114 -97.83092108257611
115 47.04422487962972
116 -25.153697620624346
117 37.96815568781046
118 -44.80063342214888
119 60.398451031816066
120 -32.109864173809875
121 44.83441305668193
122 4.497008732460651
123 32.7481959655541
124 7.3994442192102765
125 12.362480525974599
126 0.8587712265740866
127 0.0
