0 0.0
1 -3.562710507178804
2 16.609785161072484
3 -29.542552545264005
4 40.252619993717786
5 -57.219426062411586
6 54.089713370439796
7 -70.83514780212602
8 4.359366568569131
9 -50.09247903564145
10 -4.928904873503194
11 -74.95313527375454
12 -33.82703339982304
13 -53.08316040652372
14 -37.52115453593833
15 -8.445127948989997
16 -92.31837539439309
17 70.97100475870776
18 -99.4469015317877
19 91.03847918962751
20 -95.32472669919838
21 104.03739385030995
22 -80.88425436971824
23 69.88877528034824
24 8.255550775791477
25 35.686878048309254
26 23.603411677109342
27 30.862854054166352
28 36.138126917766286
29 9.283813212037927
30 -7.080074768902111
31 -0.8096137932758701
32 -13.907666940861631
33 -34.51524455087292
34 -6.3095805738770565
35 -69.72572198416603
36 19.225497310353592
37 -65.03629671694826
38 10.229662534705595
39 11.080189189262267
40 -8.092630861460636
41 26.785297791708338
42 1.9596420120695233
43 7.5750755372896
44 32.93160712310133
45 -61.47551553582437
46 49.989547599841615
47 -47.85166106311836
48 -8.339290696890679
49 3.248677648882177
50 -50.20050125956859
51 26.837770951968857
52 -14.01623874495087
53 30.191080252658253
54 -22.327832877309678
55 29.313110240764935
56 -24.956689119860652
57 1.6413308461686917
58 17.272300450664233
59 -49.80574130624613
60 1.1585372807858885
61 -16.819467778940368
62 21.10715946690423
63 -14.564864379078381
64 12.6753945155425
65 21.321680935196067
66 -35.087430712079225
67 56.357261546184716
68 -69.42404070883616
69 57.95164432080393
70 -12.300670049612261
71 6.625770003801655
72 73.27926298939741
73 -41.14763925086388
74 30.672632218032923
75 5.758883726631027
76 8.0890835888094
77 34.008738273734096
78 3.601611886856902
79 45.266717548917306
80 -52.81576916872664
81 41.94422907779861
82 -11.64108994037382
83 -62.46380884882721
84 23.86061314209732
85 -53.80959922208209
86 6.200607729531183
87 -69.49558956955522
88 -7.484484706217065
89 -34.2499097586034
90 -7.486593469279096
91 -70.88751053149934
92 -6.8806549058874635
93 -18.281993471790653
94 -12.76338580562631
95 -43.31790980623474
96 35.4120458971441
97 -16.596986757722217
98 15.853296565160113
99 -5.615197931960541
100 39.04964072567744
101 14.932224808522339
102 -24.758734263301687
103 89.86248061265893
104 -97.77417797135921
105 60.38409008372764
106 -85.51485763871601
107 0.07443010766168874
108 -26.370031427584195
109 -34.559781103317434
110 -23.071237677689012
111 -22.83012600029407
112 -29.00895680234443
113 -45.14166127361583
114 -28.012848832112322
115 0.9951108920538533
116 -18.79037374162366
117 45.71868936603105
118 20.464162047370163
119 30.947379311810053
120 16.00577283196115
121 60.74441004672638
122 -13.211487698946154
123 55.34789077775747
124 2.587693035201728
125 13.130740136902574
126 1.051412959139754
127 0.0
