0 0.0
1 -4.825282348025113
2 12.030244542815622
3 -24.97241707598227
4 -6.190823506272994
5 -20.42007736189838
6 -35.77868155991025
7 -8.898201657909386
8 -47.42008071608336
9 -22.51601231466625
10 -4.610917034835669
11 -28.753943199573925
12 -24.30626212589386
13 -12.706387039907392
14 11.155108214753382
15 -68.5837965204071
16 41.62954935179595
17 -18.67833779197661
18 1.1528695943894882
19 46.813195969126724
20 -17.873751959106052
21 48.609782910651155
22 17.489449182819243
23 16.056534642478983
24 25.717249937716133
25 68.67590914758911
26 -30.250459732960103
27 94.96436916537345
28 10.026911854298785
29 17.952772170035836
30 8.82539465794807
31 -38.78853243303686
32 18.219755458643665
33 -6.438220404039868
34 24.21600381772348
35 -71.33051678835172
36 26.227818445084708
37 -22.707053423782547
38 -30.5872108101326
39 29.957963516655244
40 -24.30718140891582
41 4.233271002961882
42 -19.19566941890614
43 -50.34459367633311
44 -40.76520333604398
45 -33.18877225572317
46 10.958383813760454
47 -30.095139054908532
48 13.217717253625583
49 -10.914277675059987
50 -26.613937928769122
51 40.40072581232783
52 -46.226904572946246
53 57.68534778485786
54 -56.4163137559107
55 32.49428946123008
56 22.075672600839404
57 -32.20204793203239
58 22.817399166633372
59 -4.615452663326167
60 -2.6549571883793326
61 -20.13451640378347
62 -28.467854694951466
63 -15.709138265369456
64 -13.999744111763505
65 47.20598055202303
66 -26.82863845215399
67 -1.681259963810626
68 3.741843534535616
69 -7.0584951328865655
70 24.02136098572248
71 -22.11103083092577
72 71.43818452353423
73 -34.764363682268815
74 76.47816938458851
75 6.209050354304998
76 40.768322982618415
77 12.83068353101356
78 10.01699915393446
79 34.04446796271834
80 5.402693797948421
81 19.872302151512077
82 -18.195593622891113
83 36.956211963326645
84 -47.40766542910894
85 11.543027362275646
86 -6.925067306203674
87 -21.735915441798095
88 -9.349773951879303
89 -6.38662476433874
90 -24.457257280108742
91 23.056196626294515
92 -26.965914672373717
93 9.912794812377882
94 -17.85908481001972
95 -15.382030357162552
96 5.77987773246228
97 3.335632413741762
98 9.437132615819255
99 18.66472457487432
100 -5.806701649424023
101 -6.22016099761776
102 -2.392363481633161
103 -31.68019607174825
104 -9.793883364382012
105 -21.27530327180991
106 4.947126483137472
107 -7.793601065318972
108 -7.164908886447099
109 -33.556829077439765
110 23.13460391459946
111 -21.38417800922145
112 -20.67069440327365
113 -30.003380481989907
114 -18.505156744959873
115 -57.95600290390305
116 -6.301782719029424
117 -24.725125736318503
118 3.3494735938271383
119 56.514959132932276
120 -18.227933710830555
121 63.727054509353174
122 -15.016989354246947
123 48.869175942313845
124 -13.703294704963644
125 14.26895564115385
126 -0.4239329730650454
127 0.0
