0 0.0
1 -4.865294010625966
2 13.795215331459703
3 -16.588500834585993
4 -7.2840335716599025
5 -9.094717635608895
6 -32.53973181935039
7 12.18568276345856
8 -32.14782515626038
9 -17.057391317879876
10 -18.424821810875876
11 -28.965686590918573
12 -71.1176480651148
13 41.52535047458266
14 -47.68786195944023
15 -8.944124693169629
16 35.30278154634597
17 -38.549634163276856
18 28.42733814899706
19 -1.4760792387265778
20 -2.9035151509845667
21 20.027080106728057
22 -37.720932166821434
23 9.325357707250099
24 -10.13933196637001
25 -44.34494922022121
26 -25.69811782632162
27 13.073437393131925
28 -57.9248331514996
29 13.644784940644932
30 -40.19572656902301
31 -23.00988414972167
32 7.750393547078058
33 -81.22992557635948
34 74.18511902747207
35 -24.58323884983804
36 -0.5115046236249498
37 -37.1618393629663
38 27.68984675099744
39 -28.705819713596146
40 -16.987382480632235
41 15.270185074841292
42 -55.608171790241
43 45.639359534243546
44 -62.475171856783874
45 42.20289961043682
46 -11.728692478425545
47 -27.575037371610545
48 36.357609819922516
49 -32.32576108464791
50 -6.592793942230858
51 -6.013991412192085
52 5.663019799879267
53 -0.7731631863436393
54 -7.960365316145866
55 32.42595432998786
56 -10.752762063203383
57 20.554755974736864
58 38.92824259094154
59 27.641464628825222
60 50.835174196210346
61 27.601735437462516
62 79.83282056191428
63 -27.48908850760442
64 70.22292329332619
65 -22.296212836571655
66 15.536295442913712
67 40.038160147125105
68 -11.546021026364446
69 10.47577712849326
70 -18.292446310085072
71 11.57717034911403
72 -22.274799774012077
73 -4.387765499123388
74 -20.466622616711373
75 -17.860261409922863
76 -58.89621251918287
77 -19.949792734155043
78 -95.69976056871451
79 -8.736771378108962
80 -78.4376319393663
81 25.42559507145525
82 -43.806216366918015
83 4.547665258514194
84 -31.20595822516073
85 24.620923694963064
86 -1.9438397507012868
87 -2.6336762926953656
88 55.143836347327095
89 -7.213281168358736
90 31.519503934100136
91 41.48775496323771
92 -29.507284627185996
93 3.0712614399292413
94 48.97660395146426
95 -56.8492961200902
96 71.54856982468358
97 -41.20569204297645
98 58.19380500648059
99 -27.52891262777641
100 45.5576829584284
101 -29.29866190273542
102 34.23265739325919
103 -19.971487741160306
104 -7.763109424379083
105 -7.640982800718577
106 -55.491767067699485
107 15.13770105892119
108 -97.12618438842372
109 32.965556685534565
110 -86.0094781903957
111 4.014634717548444
112 -18.885174650542112
113 -34.04291269618414
114 29.312334662042584
115 -2.812101905397893
116 24.70129477159348
117 61.724601495171854
118 -10.616803152776319
119 84.64663864777262
120 -34.58523988755852
121 63.387260996452426
122 2.062191752482
123 21.202833567963115
124 10.889944709038488
125 8.952147363717557
126 0.09776445402345726
127 0.0
