0 0.0
1 -5.631614300490248
2 12.709168049563
3 -18.708536617975284
4 0.49933354295254606
5 -9.943481027309518
6 -2.575087321768556
7 -3.0214534664022934
8 -2.6779958693417965
9 -4.660490191727111
10 -28.158718717665725
11 -10.360851649505143
12 -58.41423278541202
13 34.732501700753545
14 -91.02495528966439
15 41.077176459681816
16 -21.542489628567036
17 -27.26405841481005
18 -10.941235051510743
19 14.144330023956993
20 -50.815939265096276
21 0.6904891228816973
22 -19.80902134880239
23 6.188084274824864
24 -38.34115368973666
25 19.242478627357702
26 -6.650860961207273
27 -22.26236143111243
28 -8.724409002490418
29 -55.18826930158258
30 -2.271698982465703
31 -30.687806154424848
32 -13.075735186797548
33 -14.655421984569161
34 -0.4325560245048384
35 8.897270143593058
36 7.903045851561248
37 25.06241173290932
38 35.41969989793039
39 16.29766795320263
40 50.02125976515767
41 22.357745417582198
42 35.05882186200188
43 8.126013887154913
44 6.194221190658592
45 -14.702486925293213
46 -7.956404364041703
47 -12.617283463350155
48 -37.40825805204869
49 -0.391437961653951
50 -31.062307350172915
51 -23.78531290465513
52 43.16195252032339
53 -15.525512521527983
54 53.99323196630561
55 -13.913240737344216
56 12.662582271519192
57 45.520166959828465
58 -17.74293181419291
59 65.16604615373609
60 -16.708329147980887
61 -8.064728879531893
62 9.005054113554566
63 -9.66877693835167
64 -9.174961936931894
65 11.5127734815451
66 -3.865208624041739
67 2.1313293514737213
68 -10.344227926070323
69 15.161011724104362
70 -18.266295459705905
71 1.3796147617776922
72 -12.231979923565069
73 18.905505127776618
74 -42.28596246805707
75 -33.716312295102306
76 -1.5683258388483943
77 -29.70787294768585
78 29.940772230957524
79 6.650804129586444
80 -14.950484359134759
81 32.0125728784793
82 28.158700588811524
83 12.929513016113804
84 32.20402344265018
85 -28.039628320956282
86 20.99071648784817
87 -9.972288629597246
88 -39.0948445452321
89 -62.665190993795434
90 -14.039033474734204
91 -46.58104247391581
92 -29.92362871899976
93 -27.864541137870308
94 5.92114777406888
95 -35.95232970887102
96 28.782459910868205
97 -37.26077814697539
98 16.20985794012435
99 42.85121937613975
100 2.945173383781458
101 60.749067103645814
102 -22.31064473735356
103 42.834826015883515
104 -19.40247729824054
105 20.165437620934604
106 45.096863080841544
107 -31.773183158394275
108 43.85378837381796
109 -30.33985764924839
110 -33.56325438639812
111 -9.34069187362366
112 -17.92653898517268
113 -53.56992383445547
114 -42.174319257573956
115 -1.5742727114156962
116 -87.19998138371881
117 66.14694102488518
118 -66.76809435905685
119 52.42201230577797
120 -31.085566261983526
121 74.95185060681517
122 -12.903256317514657
123 48.18995099800418
124 -2.8689428056351436
125 8.650493075968706
126 1.5422683290494852
127 0.0
