0 0.0
1 -6.28623842341225
2 14.555872357085759
3 -28.76711320987664
4 13.66175025320912
5 -61.654607733938875
6 -14.15356349516653
7 -22.631189750419235
8 -71.83103345284013
9 -18.376546154722323
10 -7.138858184640879
11 -48.125793178618515
12 11.342425720648812
13 -50.9163410622319
14 -0.11777330772022129
15 28.90007972322555
16 -28.284769779258312
17 23.960900095555342
18 -9.64227649995101
19 15.886632583528028
20 32.96288884214051
21 -10.799386778133249
22 38.67712833427049
23 -13.089277337925518
24 -11.62979894303468
25 30.68210117442125
26 -60.39960306499986
27 89.18231890637921
28 -94.2817317393028
29 62.418941908633656
30 -39.69450533487678
31 -31.224227509568443
32 -30.56995232107275
33 -53.78318732543201
34 34.04207830736794
35 -55.393860999373516
36 32.12177874014631
37 6.786952162671243
38 -14.00125135619637
39 28.451087930196387
40 0.1434035872016876
41 -24.714937624398512
42 16.65559693473019
43 -17.402001299390324
44 -15.84703535737014
45 6.7321494945230835
46 16.204464976851373
47 4.425503856941868
48 21.606119137875933
49 15.753966910611142
50 52.51370441555054
51 -10.047780433652939
52 59.00781725945845
53 -0.9814026228379309
54 -22.520678974539297
55 17.49658756541294
56 -55.639642915552386
57 31.455369086452016
58 -12.778560358712149
59 -5.924336543399247
60 3.7964328719598686
61 26.40523013504114
62 -0.09310127899867505
63 45.88491301108043
64 -25.874912734556943
65 65.91495678477474
66 -79.14627548398127
67 10.184591877140798
68 12.439654541916939
69 -46.42297541988304
70 41.17297487630892
71 -84.59225369049742
72 2.3880844820975415
73 -13.633578805823307
74 -27.50507208915255
75 -29.90825399743267
76 -27.689154824182204
77 7.670574575134666
78 -19.724379810448593
79 -15.494250493101593
80 46.63899894799472
81 -29.93088984540397
82 11.709180174332658
83 37.56537865536137
84 11.724553461992434
85 13.694008618933237
86 63.23740062284111
87 -24.17665683457663
88 13.877225916880798
89 -33.82639105939965
90 1.484029137826354
91 -11.056528729160307
92 -62.23465605639141
93 5.744606890206205
94 -58.5488710143548
95 12.921382824460563
96 4.964340061444754
97 18.059438649889923
98 21.39525706138154
99 -4.780703050850697
100 53.99043860996117
101 -19.88283952928355
102 43.10789997935931
103 -18.784801411591197
104 -0.7750391722111777
105 24.595481531496564
106 -37.61540946856562
107 20.98385727642029
108 -32.2165852576232
109 28.977711255161157
110 12.991202296989153
111 -41.88011575328329
112 33.01164999182366
113 -10.395496587920759
114 -12.683354156499934
115 -12.910499518166345
116 -17.645705047095028
117 54.82968117559564
118 -38.09395213327156
119 57.86351338070239
120 -63.127819945440514
121 77.09691214311019
122 -29.002730078159644
123 42.33827114191404
124 -8.516867427465167
125 16.435509254682806
126 -0.4393944448201091
127 0.0
