0 0.0
1 -5.8219030407320345
2 18.57048098564847
3 -25.61350273847941
4 18.726054224460956
5 -42.35079868410125
6 10.823673312591975
7 -33.952709756502266
8 -20.44990561191569
9 -23.283328616002493
10 -81.11533884604745
11 30.30438779970495
12 -72.70085558361475
13 -0.3196136238696937
14 0.9805183846248804
15 -25.619526560836473
16 23.466290951346707
17 21.244212371586528
18 -11.220605096557948
19 13.786951021634673
20 -11.122860108610432
21 4.273627857800983
22 -13.926484599202643
23 41.19944407859767
24 -23.27429227059101
25 50.496938885761615
26 -43.99350099502655
27 47.95296511992402
28 -24.296691439944254
29 -4.972906224529274
30 57.033193202298655
31 -42.64623661874699
32 35.130286723281586
33 -11.43334528014147
34 24.011511856428218
35 29.60813030649393
36 -5.863619510783956
37 27.492756489110533
38 -67.79454754114204
39 66.70657194313704
40 -59.523021282525995
41 35.19880624350149
42 5.999418995450724
43 -41.22884729775744
44 -4.662399400201282
45 -11.486048838023292
46 -29.555886760590706
47 8.339219518350056
48 -41.97841710069713
49 -30.97278418911102
50 -9.753432876724245
51 -26.59744438136547
52 33.80509419648601
53 -17.481079221769598
54 21.341746017660704
55 -75.74704528131322
56 18.395349528379512
57 -26.200031594562514
58 -19.6467485028308
59 -10.195047696579532
60 -13.526818560342527
61 -1.5131004155540455
62 3.5851193605009724
63 -26.36992066217069
64 35.68122300012901
65 5.025116090593271
66 9.730209487027587
67 -7.977563029371185
68 45.0787759772676
69 -25.859569358925146
70 31.868405444868532
71 -12.93916029237612
72 -3.326159095530467
73 36.406670326823686
74 -42.57387285495892
75 10.222460154483521
76 1.6285461852234446
77 -17.290234083709706
78 4.089531500622856
79 11.106852526819083
80 0.5942083767040484
81 56.509483922993184
82 16.863078205650492
83 24.333266088270342
84 42.98978849930857
85 -14.367418291981226
86 2.6681616728839233
87 11.922491076172749
88 -17.779093817088004
89 8.42864973161588
90 -51.6105031532823
91 -20.71535885952961
92 5.563540574722779
93 -55.340508012964996
94 17.585890947954535
95 -56.19686776795113
96 16.605941631072945
97 -2.8233355633038135
98 -37.993642795414246
99 67.977725639688
100 -67.15266946346061
101 56.63435426090037
102 -44.14432334410038
103 -0.4550531526670612
104 -32.53948586545386
105 -60.39129770954734
106 7.6150486802306645
107 -59.82573824154574
108 45.108662687893506
109 12.795546326771941
110 21.666325838323704
111 -1.041841273803632
112 13.87405117494415
113 -12.871870180959277
114 -35.87719640259422
115 33.59364172612396
116 -47.57780343119298
117 59.48454538000542
118 -43.29194381159793
119 53.55373746754102
120 -16.078489744662477
121 53.78346508561325
122 -21.351833240637795
123 38.8875371921687
124 -12.524966415095722
125 13.131684672775467
126 0.3243036815065115
127 0.0
