0 0.0
1 -4.384077026330868
2 10.499331905727312
3 -7.596238285386159
4 -2.6294132287131564
5 15.172148142585485
6 -54.81701222131503
7 32.32709717875271
8 -56.05626433293675
9 3.0377606004097752
10 -32.9322352845193
11 -40.81788179632414
12 13.389716219163994
13 -57.92345528682358
14 5.220029821340307
15 -81.02080687523235
16 39.80205492201207
17 -64.82160969400846
18 50.28029109814139
19 -20.67736450133175
20 -36.333539244964165
21 20.299223361750002
22 -58.21401804567443
23 32.097560816380735
24 -90.39502660744779
25 65.15178663076036
26 -84.92444785957636
27 19.713939330741734
28 -21.452272376053358
29 -14.789138328872811
30 26.992161956159798
31 -37.459511719527256
32 54.74327278237614
33 -40.30445570537693
34 -9.923394174924965
35 11.273680827116028
36 -38.66522574131371
37 87.1720023947067
38 -31.33556817250822
39 36.51814373119777
40 13.814498304402138
41 15.044767672852638
42 31.09543212563968
43 13.235490059094527
44 54.012812852073786
45 -31.688613186414415
46 64.17289811840084
47 14.350507264321765
48 -2.1417274222484255
49 25.95291416002047
50 -3.2888608134306154
51 -6.7243193635745255
52 -14.736181815485804
53 -4.096309890008126
54 -31.35460294683009
55 -22.663129998436123
56 10.474422091834588
57 -29.927135184214066
58 8.1377791129239
59 -44.70799904186763
60 17.59927903403721
61 -27.524929618729423
62 -4.0763597037250525
63 23.885570779056792
64 -31.01973293478545
65 52.17340149593759
66 4.622969031530611
67 -8.538089459791196
68 39.76851766599933
69 -50.95231573967107
70 21.90238402691819
71 -30.742345222414254
72 17.717521297308235
73 2.5282670302440846
74 6.955191894857414
75 -42.067337872026975
76 41.96556866672271
77 17.494903691289057
78 6.727430066097408
79 14.49285559320426
80 -11.585045730998244
81 15.529898428680655
82 -11.073215718551278
83 -12.535073387703694
84 4.082028001719709
85 -22.311729791636054
86 -33.10178529035142
87 35.206521611264314
88 -77.94121068139147
89 8.456950966394437
90 -31.754656875403136
91 -31.40377122813873
92 -37.01900722599031
93 16.447456474555047
94 -43.8653144380853
95 31.035424127789963
96 -28.55948570702293
97 18.87330260419379
98 -36.696353517608
99 -32.40719510971601
100 13.712732590551088
101 -28.115237050775903
102 -22.54308003701021
103 27.336518726905275
104 -21.455336564027252
105 67.11038487755461
106 -28.235038785737313
107 22.4443925645723
108 21.225922805434934
109 -27.44217539731881
110 -7.8971975384663295
111 -35.850252132315994
112 21.34214106673936
113 -83.44244032661396
114 34.38876079307722
115 -52.35894812579122
116 -2.161513366147085
117 -21.177840510411677
118 42.480248508948456
119 15.921291858420398
120 2.026688713161394
121 69.22421610912542
122 -9.880947403349012
123 38.474725957332204
124 -5.142594950670724
125 14.763018430438088
126 0.35915763905957976
127 0.0
