0 0.0
1 -3.0767564855064644
2 5.0383002190069135
3 -14.315595962336394
4 -2.1485779629691937
5 9.239047604593845
6 -26.76378914862433
7 -40.70460371166315
8 -6.462705014994628
9 -120.91182705442577
10 -7.738675535630523
11 -78.94020614004211
12 -8.167899447713134
13 -57.12787445893856
14 8.424557295703249
15 -70.36823418112407
16 3.868184971605832
17 -44.26801676971719
18 -17.970943277831456
19 -6.480667938677625
20 -15.208349120464707
21 30.62197986593051
22 23.22716044537296
23 24.547834175582608
24 -3.660221431451795
25 52.35647916064505
26 -33.42254745867225
27 69.84127121590387
28 -1.3282427390822948
29 -5.732043924607989
30 39.09732343541456
31 -1.1649334695906781
32 29.86887973297026
33 -16.07646445424936
34 34.24137467709026
35 -5.975556716247188
36 -4.053670824167651
37 -6.419553354898624
38 33.41049941604032
39 -35.35129648593883
40 13.232780117072771
41 24.617801200138924
42 -32.159566653619656
43 65.65796135905374
44 -15.119077475321012
45 -2.8860139031102556
46 -37.25597214534047
47 6.631411474542687
48 -43.35850355291731
49 -6.572629028105493
50 -31.83390459015734
51 -15.948506672407476
52 -8.30714543636543
53 -6.9963600969637145
54 -10.523773481819633
55 20.82043797098507
56 0.419470781566315
57 25.363889570443384
58 4.822990960281658
59 53.70949280326956
60 17.09327804169931
61 4.46216076919444
62 19.392248673262642
63 9.645196837952168
64 -24.86950055248053
65 11.715229785498789
66 -9.797707097841505
67 -33.76409447190036
68 28.745231514335206
69 -74.46603094506894
70 64.3577882403291
71 -39.928226305292156
72 27.865613502321057
73 -48.61035131214013
74 -6.693643068450139
75 -13.76506350550209
76 -4.964883594454454
77 -49.29593019385116
78 -15.842867397053604
79 -48.3337799430215
80 -52.296239038335166
81 37.558738590267254
82 -75.17446130924932
83 59.04033069019978
84 -18.831922431335254
85 -0.8354973864494303
86 30.805295391312285
87 1.8802405857846392
88 34.244849581901406
89 21.22603559272882
90 17.968187916767203
91 48.15801222887542
92 -28.058938763242267
93 57.84925407610824
94 0.9700426573222943
95 12.803363404965106
96 30.421748577479157
97 -7.133635460135811
98 22.16633655596008
99 7.462869210026499
100 -4.448982042781583
101 -22.202686179489373
102 -13.715805203477412
103 -2.1553114255317216
104 -6.1982717388393045
105 -21.739197548532964
106 25.875466316430245
107 -60.842685709597866
108 -2.977633297043701
109 -25.729656760674
110 3.5216883614861914
111 -31.71705451448157
112 33.37383038304113
113 -45.0008427162267
114 25.503430758077688
115 35.76873507052272
116 39.88613550188272
117 52.35409582580803
118 2.294389731428454
119 59.68096892421096
120 9.428161284708583
121 30.372804339569868
122 -8.69079074686113
123 35.9580035321538
124 -18.76213041668502
125 16.258058934743307
126 -2.3014691722354996
127 0.0
