0 0.0
1 -2.9184788260135024
2 6.715342205477807
3 -11.108190026372148
4 -16.656595314153712
5 5.045236498755156
6 -31.507203995908156
7 -15.782762217477426
8 3.8298575247177165
9 -33.955998075726356
10 36.78721055577444
11 -37.75939202118162
12 15.820640569663393
13 -76.04033949661286
14 65.83995777728103
15 -68.69154630312886
16 -11.495043599832643
17 -5.864370957655871
18 13.414053224373847
19 2.326784130477115
20 -13.050921993024268
21 50.948429321236375
22 -44.706625821796976
23 17.939689954939546
24 -4.9438014464103235
25 54.80801832798775
26 -51.67854799948745
27 80.92655882499679
28 -12.896781899798292
29 51.332869263651034
30 -12.507726192178405
31 52.91765539295113
32 -11.233093879348067
33 32.26392553526725
34 42.58510263752733
35 -49.1206828195883
36 33.612774676277226
37 -22.365433542182252
38 -51.2483804978014
39 -10.465414567088121
40 -43.91623801148323
41 -3.618653206884494
42 -6.210308068656174
43 -49.198360903518704
44 -0.0939978553568919
45 -18.000841200907054
46 -13.313825351171548
47 -2.8076994699706566
48 -20.219855521666652
49 -9.903325089861783
50 34.85542923793978
51 -45.57428117495202
52 32.849212865557654
53 -34.890014526779396
54 2.8795743015598605
55 53.48392125451092
56 -53.238067667991864
57 11.193867827917314
58 -14.542071134952401
59 37.97594515616254
60 -47.88942357909178
61 46.934721677296366
62 2.722804833945044
63 -15.85171814237163
64 66.44266507519245
65 -64.02689287787284
66 51.92449910342614
67 -13.303199056382441
68 10.448358691635654
69 44.290106495493816
70 7.090386896856762
71 5.980558771880886
72 21.33814994170686
73 -24.79203311042919
74 12.577225353328132
75 27.790133897453696
76 27.852288413763706
77 8.659016318024955
78 5.697824217085935
79 -0.9087465805091917
80 -12.497981031123846
81 4.008847545654556
82 -3.9800360946582365
83 -54.59767091464627
84 33.33539137859853
85 -17.704701970958503
86 -27.837704788644192
87 4.487467397972312
88 -73.9222964711606
89 64.26234155099357
90 -78.59363279564897
91 42.33105336092383
92 -20.53697614944945
93 -47.03052180121059
94 62.09005219504666
95 -64.98400037643734
96 27.68557269654935
97 -23.508623241469266
98 -21.602665771210045
99 11.834714377872656
100 8.979969682240357
101 1.7763741197303382
102 5.0742844600623
103 4.248156514094188
104 10.531371691178899
105 6.540985794199469
106 20.5361392873837
107 -17.243192187279906
108 9.050008135677317
109 -17.37963157990136
110 -3.0335342782995403
111 33.99439480098568
112 -46.21437219395975
113 30.340224189151705
114 -46.00099930973518
115 18.4767128641809
116 -3.7065389267283937
117 -43.867376786247846
118 51.035343882304716
119 2.1879562433498925
120 -22.863941687816247
121 23.632261785633236
122 -0.7691756295661213
123 13.79182045930204
124 -4.6758893349206625
125 7.4007167643284495
126 -1.2778405156109116
127 0.0
