0 0.0
1 -5.205817202428361
2 8.617207855997146
3 -25.829268923639557
4 3.639422798303144
5 -43.83132803198544
6 -23.00472799934842
7 -75.86086708856674
8 -26.091958606868587
9 -46.95782909390414
10 -35.86776354306697
11 -3.3001318273827427
12 -4.999192749743296
13 23.495466118187835
14 17.476236818631268
15 27.002779087577753
16 -10.806402954425948
17 60.97138135173071
18 -42.90529229016923
19 37.50342402369211
20 -44.36944008724541
21 16.3960349198315
22 -39.395766132411374
23 60.48300156079819
24 -60.978126878881696
25 41.13967791496028
26 12.28114789142919
27 -32.0568401188937
28 42.60887412486124
29 -57.809904496988565
30 -11.58729616410908
31 31.112978290024607
32 -5.630976424106189
33 -13.831062415869397
34 14.544094757936294
35 -23.329219954993345
36 -18.947314806881767
37 11.361045175726952
38 -20.56147220688878
39 -5.488419403922986
40 34.10933116004111
41 -16.553902169996633
42 22.468254486521083
43 -16.373573217861654
44 28.519581603290828
45 -23.839055919428766
46 28.27512312262349
47 3.6976939523257433
48 20.08067488997322
49 23.789407034294207
50 1.48567831234935
51 44.291244184872056
52 -18.713926911964325
53 23.917768953433416
54 -1.9467015193633914
55 25.41946126141553
56 -54.719593531740486
57 42.17002776052017
58 -3.1655522443500863
59 -17.144420349169163
60 31.810784874903078
61 -31.40545741739673
62 -51.708222955009866
63 -41.04867391423972
64 -35.68209978802452
65 -38.920927013798206
66 -37.342003413243674
67 28.576597827288676
68 6.808918267468705
69 28.717428086532745
70 -9.377627788616913
71 43.70677187843652
72 -3.7687903927065403
73 23.7004261922084
74 3.8368735592204786
75 4.946540321613101
76 15.209108089393483
77 -39.642560849974345
78 68.4455884137787
79 -61.722237078231096
80 54.85343825018142
81 -12.350990044367249
82 -38.291353830838
83 44.627943895158516
84 -22.320775642540937
85 5.253955031705446
86 4.35868771710375
87 -42.21811662223311
88 8.07565094208944
89 -2.0009882441056153
90 17.152733516039028
91 -28.635530873910383
92 19.633405339573883
93 -21.987377243530233
94 28.18944975961141
95 -19.931734031551905
96 40.009602085235876
97 22.96758295766708
98 -20.429357220481684
99 66.18540595220155
100 -23.187318440619816
101 -4.186540727948805
102 -0.5763409879613587
103 -22.358375612699422
104 -8.679757466302343
105 0.20045445635087483
106 -51.75327076931683
107 24.221080337858233
108 -50.54917023124268
109 4.878320961737322
110 0.8070018781021923
111 -10.177638179938034
112 0.8633694556909965
113 34.22874076193803
114 -3.967358147844955
115 0.4093775630010509
116 23.758653486770545
117 0.4988995063484955
118 17.12214375494846
119 36.473613064636936
120 -15.627051760503347
121 44.66862728203344
122 -16.88980347106841
123 34.45003808254518
124 -4.633751535908475
125 10.270311986514807
126 -0.21050261115713542
127 0.0
