0 0.0
1 -4.284984490494393
2 11.757913958268153
3 -19.36723434784622
4 9.45473289292211
5 -9.511109911279393
6 -12.949716860022182
7 -32.10690091211593
8 -57.82027630795524
9 -8.794644272427417
10 -37.061272307767496
11 -73.75080382023653
12 -4.208759372189396
13 -60.73213699211841
14 12.848011708955216
15 -101.45888833680459
16 21.352909119826663
17 -44.05585328829439
18 8.595395489639404
19 -7.512200268835596
20 -16.524073770147975
21 20.918364081570154
22 -13.089261789256392
23 -22.15699622536565
24 -21.454729703447626
25 11.75809303354879
26 -55.535181186877885
27 38.91532024765716
28 1.323216255617383
29 30.693518762748013
30 -4.909353325025641
31 35.733703216570966
32 -33.160835538445376
33 101.79798551548123
34 -25.183968401708707
35 129.85905731095485
36 10.172866956139428
37 75.54519770970536
38 16.088032348040105
39 39.45915145113209
40 -1.6986213546314097
41 24.06818368078144
42 -8.529828715192492
43 -64.44707959457779
44 3.413978787807494
45 -67.05990323375599
46 3.774318319170756
47 -46.927054759027115
48 -27.01227366606337
49 -56.10746116044691
50 -2.0005741168089766
51 -55.174785905682825
52 9.85510352007577
53 -50.42294368974208
54 45.307017831416815
55 -40.11107185976367
56 78.55906326294728
57 -42.73905388391293
58 46.76622857094031
59 42.22103521178638
60 14.82766084807321
61 12.397795139825114
62 6.203671002844379
63 -16.508109029999794
64 -13.869166900204785
65 6.1195318659650635
66 -7.396195235788724
67 23.462107167397267
68 -7.554747232688994
69 26.168346582857666
70 -25.17989351372314
71 88.02584393566018
72 -54.07230259215786
73 62.40426067882474
74 -26.42026731411357
75 18.04089226367193
76 -8.046319625392325
77 -28.42254642258361
78 11.04900833789653
79 -51.67653524510473
80 20.807407646017843
81 4.89366157876669
82 -13.60238245664117
83 12.681955336557335
84 -39.93824366525582
85 -5.186170655079844
86 -5.436871395379448
87 -17.035475197032607
88 -30.755530808295894
89 11.486626042595232
90 -30.30512708520929
91 -58.09972362930467
92 47.97724683905488
93 -76.8684920464158
94 37.390226845951865
95 -25.286403498314698
96 14.802091627275448
97 17.188776715062076
98 -22.890233475045523
99 20.64809839910262
100 -2.2797924478952085
101 16.350428480522428
102 -19.074641872762264
103 10.752857154226582
104 -4.1438328312972885
105 -5.832723954043492
106 17.63673465555938
107 -34.97120649245356
108 -39.624989289782945
109 7.678779511446421
110 -23.299495041958906
111 -26.47875809716912
112 -25.2355385994633
113 -23.03158193126554
114 -50.019833010706996
115 -18.323263596292843
116 -54.56358934665619
117 66.68524965580063
118 -40.13613612637636
119 39.042373692033955
120 36.73353469218921
121 9.2788139281659
122 3.625196985990267
123 43.315613561564845
124 -11.80306664848457
125 18.922500979200834
126 0.7671790989412747
127 0.0
