0 0.0
1 -4.899993340140826
2 15.44596269967638
3 -18.477732511189824
4 -1.9723537323199192
5 -18.318903936194037
6 -9.222494999367404
7 -17.005593180171118
8 -16.950591890003817
9 0.04754463913100156
10 -43.61821446982588
11 38.35515944297019
12 -55.250026431771346
13 31.642891508198716
14 -23.246025028311035
15 22.198313339765328
16 -50.600013774407884
17 19.605322355262686
18 -75.84569450333974
19 9.904351192067132
20 -28.48522579054992
21 -27.663621983455158
22 3.011380407712119
23 -43.484769406328155
24 45.20689667036079
25 -39.17897099332217
26 7.402770759288081
27 -17.11292132696873
28 11.743149627847856
29 -0.43008833124438295
30 -42.69756374609026
31 29.812159852489064
32 -88.1143785960144
33 21.745576397286595
34 -59.64859346339612
35 5.441205598202072
36 -17.412613187304014
37 -28.765440344229283
38 7.976800725639055
39 -4.525288913775449
40 7.634685219766178
41 14.356781839131255
42 8.675424902734203
43 9.283343223738264
44 -4.342944630660829
45 16.704271870666968
46 52.94087247507318
47 6.232648080236609
48 64.54085951183468
49 20.75506352247462
50 14.234893756236586
51 4.239923352815502
52 17.191045407357343
53 6.976902468872873
54 7.9363501040168565
55 -18.023429884763576
56 19.418024625727124
57 42.92077138439864
58 -52.20847965852979
59 -1.5505404849674354
60 14.15973542329721
61 -45.58629738287765
62 15.685535552987794
63 -33.69159055672126
64 8.455776069656196
65 -37.15657549312243
66 -38.7759117168908
67 -45.35185410549787
68 -23.211874139215205
69 -42.65885327163959
70 -53.521214622630225
71 23.184410731287304
72 -45.13430654526847
73 38.500539832371246
74 -19.02025766277147
75 6.143281013419147
76 25.14753931332718
77 -25.252096538015287
78 33.37644976469233
79 -2.6535173727874413
80 -6.7332299514421035
81 16.58399042772234
82 38.043619305022226
83 -9.431794955052412
84 42.498618700565665
85 17.179413228313468
86 12.211141644005552
87 39.28373881369119
88 -20.489415001188494
89 53.11725679735613
90 -54.052030713841006
91 68.80189754691321
92 -22.97405333961237
93 -28.656449301315565
94 30.833787755776786
95 -23.398229111442458
96 -13.185272480106713
97 -17.97458448040388
98 13.526114909688749
99 -33.29814269770489
100 -7.100767695266177
101 1.7381750099312334
102 -15.18654581113875
103 3.5335336152228036
104 2.982814940643371
105 -14.34994807159618
106 -23.95547915837019
107 -20.323413982933413
108 -11.180782559190568
109 -65.96578924119969
110 -6.779416568237822
111 -67.5373770506405
112 -4.5287604640088945
113 -14.724397908858426
114 -42.97819931095842
115 88.11282964312474
116 -81.09707208056844
117 94.49847105433024
118 -57.32004667257228
119 66.37931823358937
120 11.848277519222735
121 22.494487383540065
122 10.232001854947294
123 26.345825754961677
124 4.989946890447862
125 11.059145012118472
126 2.1776010340957983
127 0.0
