0 0.0
1 -3.8640524388444106
2 4.30274183749584
3 -2.9002326507821357
4 -16.577015823785544
5 9.752692610393213
6 -46.50140565381333
7 7.116870880779244
8 -59.40310396960654
9 -35.705078757480045
10 -0.3238089205316992
11 -61.86807204391753
12 -7.001868750682796
13 -54.3783835644353
14 30.287751168117705
15 -78.68690729314876
16 67.89043666254145
17 -35.84981157737464
18 29.53394003173907
19 41.56114518940822
20 -24.424880836702453
21 68.18107924583441
22 -23.575095015440244
23 94.98950240192433
24 -68.62126730400283
25 58.70173705157714
26 0.037185418000189985
27 -57.849456444635464
28 53.50460859933083
29 -78.60561178037864
30 -6.202529016894909
31 -30.662455389059225
32 -29.494521562334214
33 23.79096285319294
34 -30.836584412607976
35 28.491921816045
36 -12.916832962648872
37 -37.6601003029632
38 -31.733462591025056
39 -44.15787190580856
40 -16.349040613306162
41 -16.77581096614282
42 13.066873148808828
43 -10.77686989725328
44 16.336380798376588
45 19.800208581140748
46 -26.98920128370758
47 33.0477404415264
48 21.200672775307964
49 -1.4417315815816054
50 10.339670417494712
51 17.402636928222297
52 21.550771998729555
53 21.93230561880896
54 39.99425212837185
55 39.28359876982199
56 31.798464914607013
57 37.593298477920236
58 -18.432069831934342
59 17.46238351900371
60 -21.6031480407848
61 -12.672783119784508
62 34.05608865942592
63 -50.023352954667644
64 3.3207325288924223
65 -29.270237032875336
66 -23.69675475972773
67 25.738348661757986
68 -10.200526795062704
69 39.0678971745974
70 8.097234468108057
71 -20.38291799453998
72 29.336032677653076
73 -42.798339123256554
74 1.2040362423868303
75 -6.872288277796687
76 -14.986839934360221
77 22.882930969055764
78 -13.878914592931181
79 30.611500422207833
80 -32.179685830152415
81 -4.353566487099556
82 -6.027972973983928
83 -57.070765755574975
84 -8.937254434717813
85 -45.93468410755113
86 -18.433923770790923
87 -18.797910964075466
88 -61.17309281658702
89 4.552028290660909
90 -42.108735224855906
91 -41.42693358808337
92 14.954355057137999
93 -21.979969017796364
94 5.742401916229661
95 -13.626433047536182
96 -10.129544035317435
97 8.907819310090533
98 22.870728903082714
99 12.85157997298262
100 16.97291503231786
101 6.161062778832493
102 -0.45019690969949516
103 23.813506101963842
104 -32.65672115827384
105 8.130946214736731
106 -27.12314991002656
107 3.682694386692078
108 -36.229337660623834
109 38.92457396293551
110 -54.298121468021186
111 35.542006394939776
112 -21.758734003243152
113 -32.09621740565268
114 -5.211559385717354
115 -5.596798781940088
116 10.91888480120475
117 -18.480858995419773
118 30.776177741822437
119 16.43154445746683
120 41.260069934931366
121 32.68494345042863
122 16.26191492318752
123 30.793254325468546
124 8.073988455898602
125 10.091311662024346
126 0.825945105770618
127 0.0
