0 0.0
1 -4.9692206650069695
2 14.541024494404805
3 -13.395566162626507
4 7.8998842391961
5 -2.848501707281537
6 13.419068190223602
7 -23.677382695338835
8 -25.43380106934505
9 21.487710013002467
10 -77.86705435526362
11 10.47569848555198
12 -48.70493386224305
13 -28.440986763160563
14 -23.60146129745773
15 0.3132992644498243
16 2.486332329512654
17 -27.079556774023622
18 -1.3730658853233255
19 -21.3107665744633
20 3.4936877356872027
21 -25.081879421603904
22 -27.050582813087605
23 -31.19635943676347
24 -1.1388138113822177
25 -29.59486331080968
26 33.345278649572336
27 -33.35464452292921
28 7.199090061816218
29 28.653857564191018
30 -33.688730017812546
31 70.6321355773533
32 -22.454658449626198
33 28.172357073566015
34 14.835668391056979
35 -15.49830304486817
36 -0.4782660240810928
37 28.86840179478636
38 -8.056726947502332
39 -41.61993975610672
40 17.64874343369269
41 -26.365472853111644
42 -10.372711172940399
43 12.012962563123635
44 -61.42961982867613
45 35.56875403759281
46 -24.31133786857563
47 -24.794218395320087
48 14.418432196370139
49 -33.78643606222536
50 14.069066727488925
51 22.11771788919111
52 11.458377366881932
53 12.987886249120914
54 32.94767594246891
55 56.37913931736857
56 -23.731139644004184
57 -0.02270962311333999
58 11.566342578263113
59 -17.815857566639956
60 -14.381610509825716
61 6.939491724821779
62 -7.388819127720045
63 -27.4314766815515
64 14.961173731214869
65 -13.550093547014468
66 22.6835519789977
67 9.774815120212661
68 -6.697019007693636
69 -0.033062949288888796
70 -9.743541540509389
71 0.8634023472622676
72 -74.89633963382839
73 11.868369342182037
74 -53.054188829948416
75 -96.39306643802331
76 9.430657960929924
77 -100.77606138479315
78 41.400519259568036
79 -41.740065918258495
80 5.841225236137457
81 12.870375828077417
82 -7.260316482495972
83 31.726630667847573
84 21.071780225096802
85 27.02699989204676
86 30.96435889388502
87 62.09673085881986
88 -11.555229503431603
89 45.777604138530286
90 32.173134939544
91 14.87294500801758
92 35.57457133601745
93 24.844189279007914
94 -1.4983426288989723
95 33.88744772382071
96 -7.644472819117715
97 0.9425759668452297
98 -21.49272462760537
99 -50.36945949453072
100 13.932611023632312
101 -34.7842127850009
102 -13.270638772849441
103 1.5400322089040004
104 -43.835976099124466
105 -2.5941539024096167
106 -27.805522971452373
107 -5.817914447630342
108 8.65059132350376
109 -32.23661161663429
110 -2.1634781787579276
111 -35.6196797411819
112 14.441775318502222
113 -40.9315408968901
114 -16.234797663312502
115 38.750198574962376
116 30.281867975808154
117 -9.652194830695208
118 40.70950356801923
119 37.185540407914665
120 -33.67899524125144
121 89.53232397849071
122 -58.98403643559366
123 55.416036424485895
124 -18.4130385522393
125 12.081739975767352
126 0.4920200164463028
127 0.0
