0 0.0
1 -4.671604639640391
2 10.905292293012229
3 -14.085820677094874
4 0.56193114646916
5 2.5532396195457308
6 -13.931462495308233
7 -6.793636819718773
8 -0.85772573280893
9 -2.2031154173715337
10 -15.893169625455055
11 12.089847902308515
12 32.3973531446926
13 -7.636190630658989
14 50.42646121790934
15 -4.664280341683152
16 37.60691779394847
17 -26.75819907734006
18 19.754230056868728
19 -7.330325681731593
20 -72.24625583102191
21 54.17495501548437
22 -64.50921942339552
23 2.2712650527281535
24 -60.63524769413876
25 25.064169520115655
26 -41.10749633182744
27 -16.475213440350878
28 -23.695588763329834
29 11.166363254633408
30 14.076216474806516
31 -58.36981093597219
32 90.37020226505143
33 -35.81573265143049
34 32.4061326648958
35 48.547192486100336
36 23.62643636215191
37 50.92332047905991
38 18.167679478368996
39 58.15448190008206
40 -20.451604334513846
41 31.033606829830493
42 -17.112140479396047
43 3.4246513142995525
44 16.909608151667722
45 -2.9220652656446466
46 -1.8539973490380215
47 -29.290404918015042
48 10.999975437799465
49 -65.5296025120882
50 21.456087302359272
51 -57.65994866949517
52 -23.64531063388074
53 7.410225017636787
54 -21.93282554035855
55 58.47039147776738
56 13.924899947284636
57 41.120767461838085
58 5.84891390236374
59 70.12660862729288
60 -6.321793355492555
61 6.413609296299797
62 37.30347134345028
63 -76.88991948506333
64 29.939771220202793
65 -48.816913461804496
66 -27.084876579339735
67 21.832110705334177
68 -72.66388986036485
69 5.501745170926451
70 -9.778683685168186
71 -36.39927606735564
72 14.306071853805603
73 -5.269566076285823
74 -47.79107677291286
75 -15.456775684246542
76 -16.245156412424578
77 -27.76430292841601
78 -39.08240377314233
79 44.95671538914629
80 -19.39573407066564
81 -21.41593121229119
82 52.76890966503586
83 7.273270229812367
84 0.3915391421675844
85 25.201882558158033
86 -19.089728711216953
87 31.82506902998589
88 -14.152568601220912
89 -31.759729609803532
90 22.259689822192257
91 -37.464675209336285
92 48.639091710652515
93 2.7450164374235397
94 30.26884737155089
95 29.858031200641587
96 -4.407736854677766
97 20.743533893699418
98 46.622454488805914
99 -23.22574405307305
100 19.43011828784431
101 -13.954330709472908
102 -16.47026670013107
103 18.042471142093333
104 -39.824940793867945
105 19.50540528008297
106 -3.31673369587667
107 -55.22952318737261
108 63.31695863544411
109 -14.778480573642547
110 22.469786742114046
111 40.54005539980336
112 -30.67499583558216
113 39.54019011823377
114 -17.709418153029805
115 -15.775289998635529
116 -16.98950576969325
117 34.53228761114499
118 -89.22670190493129
119 55.95622265512489
120 -80.10612163637278
121 15.601654064315252
122 -34.189184829467514
123 19.532274204350568
124 -14.464711137094685
125 2.122679566262528
126 -0.19373252582366707
127 0.0
