0 0.0
1 -5.293641447386687
2 11.561797059745922
3 -27.992629204815174
4 -8.004431702917802
5 -23.830085982796398
6 -34.04984764874485
7 9.971008137459009
8 -86.33715310796006
9 54.35761001766905
10 -74.50718484750786
11 59.496486683317876
12 -37.951151751642044
13 56.83527894432458
14 -29.154116080907176
15 50.25927752605506
16 20.989917531274013
17 4.12691848296092
18 47.81665826961286
19 -22.713659144265847
20 66.1293401253
21 11.097588778336362
22 25.81695820702579
23 -12.26163944065817
24 12.912376810354896
25 -32.73970236307003
26 64.16496449338983
27 -30.648300560978313
28 -2.4755869654831884
29 -10.524435280647701
30 -33.16292428801426
31 -7.480614336735511
32 -37.62518332155702
33 -9.992877284926637
34 -65.50364753282506
35 52.53441803480632
36 -93.31361228841115
37 25.747065465079988
38 19.509210624414916
39 -49.777775004962315
40 23.008105384194515
41 -10.066486785212426
42 12.532277116283126
43 5.43123812515067
44 -4.867196445486306
45 11.216694796147518
46 -4.727574993991169
47 -4.285408516369065
48 -0.3327072786164124
49 3.9515099889189935
50 40.07542727091137
51 -13.201741140501767
52 17.41079300731216
53 10.801530573924724
54 -27.50914125265593
55 45.46261146048773
56 2.7568724775764437
57 -53.91093846483118
58 71.86525592745495
59 -90.62409666027327
60 68.05141747160867
61 -13.075405763513665
62 -4.553983325880236
63 43.2374125470115
64 -17.36690855326528
65 54.129782552763
66 -46.04361798403694
67 17.758230472662817
68 -36.13358422803897
69 21.327237533273333
70 -31.03762972990956
71 -44.07100285445081
72 0.16463099794674008
73 -54.221401229642
74 -12.406726062139189
75 27.869212310720407
76 -23.66373515277568
77 20.557103516735904
78 16.894578260870954
79 -24.62259119825547
80 30.645612888996673
81 -38.501382426544225
82 -8.399061986146378
83 -10.056681611687832
84 2.7332577295250053
85 -15.0098473385733
86 2.9585213388761353
87 3.5079826355868455
88 -2.192866261261838
89 -6.8322104045023595
90 -0.6955275925907568
91 34.430169251341894
92 -7.203714779169588
93 48.015679729388125
94 -40.34563045072648
95 18.242371455288005
96 -42.86518981065371
97 -5.87468787573316
98 -46.419287304474196
99 -19.272170641829035
100 6.544813072119056
101 -0.2501260263050845
102 -30.70526846966564
103 56.59420398226239
104 -15.575461780602465
105 14.723127618899296
106 -18.23953495393716
107 1.2897361271725396
108 -15.91088320551877
109 -8.586237592202462
110 -39.113620341499974
111 14.06541554197756
112 -12.118992685683722
113 -28.76371759341692
114 -13.720345212715543
115 -69.00634550979353
116 -1.677974139818557
117 -66.50842112627352
118 10.07199810728339
119 -14.364485743346007
120 13.480329485112163
121 33.704366602333984
122 25.94998695397319
123 27.762070278916255
124 2.4748552329932516
125 17.6991230846952
126 0.6630752525003338
127 0.0
