0 0.0
1 -3.697661057973996
2 7.68539423116361
3 -12.648830388443644
4 -3.0103326908957526
5 -26.146868164679237
6 -26.397636929888964
7 -38.12451362924534
8 -9.35099978816051
9 -71.6361590124807
10 -16.359008119968678
11 -30.001637849455577
12 -5.757890202196165
13 -37.479616851469004
14 -18.077145170115784
15 20.990737362264863
16 -3.015606640943444
17 -53.321553353329264
18 31.323858844010218
19 -16.80978840861895
20 -7.900209031991433
21 71.23600763708116
22 -19.862255725809575
23 51.910841056364504
24 -7.736524256177199
25 71.27686241964507
26 -24.616453871515482
27 69.62640293588227
28 23.269221056070034
29 77.77499704378323
30 -12.116199247025058
31 20.536909410884242
32 -44.27666726439573
33 -10.439343656882004
34 -28.23841192842791
35 -42.072084424090136
36 -30.5568214672761
37 -68.6819542563867
38 -7.96488645414266
39 -49.74806745733951
40 30.671981346503767
41 -46.00081689046569
42 55.999547757061364
43 -34.119494634114
44 44.72745472510892
45 -35.34749234693666
46 24.506245476845645
47 29.20771815585267
48 -52.74668073531513
49 70.17916633394863
50 -60.12712110364867
51 61.334715612859455
52 -29.150353153137548
53 12.794555160894147
54 9.57226959828455
55 19.61788732731402
56 -14.04060551668027
57 10.082494112906847
58 -6.067098001007614
59 0.9331929284329273
60 -18.714107691018448
61 -0.4308923648543036
62 -16.680995273762107
63 13.380710796679297
64 -25.193959524082693
65 -23.800244513993732
66 29.494735866090735
67 -82.94748139053432
68 50.66282171218148
69 -41.597473361912215
70 50.66262578324427
71 -9.472014846817613
72 37.15005971209234
73 -19.56721128659275
74 18.603565207067597
75 13.36438068679379
76 50.184989312353444
77 -32.1806121478466
78 50.47430723709531
79 -11.810846477439684
80 45.35581586375511
81 26.238093807053186
82 -0.05515285677420676
83 55.36531736383881
84 -33.40609022506002
85 51.49197857499495
86 -24.714670205895093
87 42.880169487749505
88 -76.57840123310322
89 36.92477172297627
90 -66.64990756159733
91 9.530947527209527
92 -19.30867514283337
93 13.696496252017102
94 -25.592629999196454
95 -22.984700643241695
96 54.46041562738331
97 -49.23898547104231
98 49.27147453443999
99 -54.81736452325531
100 43.79158196529873
101 -77.77598650200622
102 8.478405093159544
103 27.79840609819303
104 -37.10416868358537
105 18.638267398611212
106 18.09677149091305
107 -32.039911922321
108 32.62620603805552
109 -31.247039326493653
110 -53.34311477926287
111 26.18542001405054
112 -68.4056322840398
113 12.888080916779506
114 -63.73353209695043
115 -0.5356828613588727
116 -88.95802539620165
117 33.70292656579246
118 -33.35848738681456
119 2.9812295314070285
120 -10.61221138743146
121 12.317524215921104
122 5.4881780186156215
123 18.498895096339808
124 7.726491788892621
125 12.910809207054665
126 0.5485352420577937
127 0.0
