0 0.0
1 -4.550755970967443
2 15.30168207951341
3 -22.319042161483903
4 38.29592299708363
5 -44.86946161255124
6 34.474596657097074
7 -5.258548532869136
8 0.5963378294437114
9 12.491928643311532
10 -30.550011836111587
11 3.2465288246014667
12 -90.0752130990333
13 -5.99783750847208
14 -49.14694773003574
15 -9.976035617746948
16 -64.46708800683841
17 -2.028160521396432
18 -46.238117902121274
19 -57.699717149880414
20 -3.5971483243588964
21 -33.75281794007844
22 -33.58348654492763
23 -11.15727553193084
24 -0.43008388051854407
25 -26.623274966815583
26 3.7420839877870926
27 -3.1828729398149513
28 22.64278491467309
29 18.846152402612837
30 22.702297207232125
31 0.9795658664610606
32 16.73108302692715
33 54.42967662622561
34 -13.629230909187578
35 32.08100199009806
36 -37.607271771953556
37 29.709334882486278
38 -50.265544162410286
39 17.229667285835326
40 -85.92585926726555
41 27.82940868854634
42 -47.20270643370501
43 1.0663532092174435
44 2.977007949528319
45 -40.60477917985066
46 37.072314696594454
47 -122.80184731365976
48 92.44257200214784
49 -106.20243143572439
50 50.26172048803306
51 -14.45179630493257
52 12.370959829738306
53 38.333477358066936
54 -4.676559066071771
55 38.52351431381849
56 -27.85345748924068
57 28.61865653725331
58 7.871853482584324
59 6.335167654563172
60 3.9369140367619733
61 -3.670386011930183
62 9.005860442538744
63 -18.799999850935247
64 38.72426295060536
65 -9.838803777778837
66 2.4840375486492325
67 36.62926575646784
68 -23.936321957289152
69 57.26639933635269
70 -27.305477897128934
71 18.661071678362678
72 -48.45841052586998
73 1.7125758661266202
74 -58.007274422942224
75 24.620899005324826
76 -53.54512871076166
77 -17.89540029526491
78 22.120519713135845
79 -36.002766705074485
80 11.373662569307957
81 13.92484945485161
82 42.082968667790965
83 -51.075057297681056
84 39.99934339355282
85 -22.274243270689986
86 44.84896745630248
87 -21.176646771774486
88 38.92624685146904
89 -21.939302406114486
90 -24.571383188852515
91 48.284009926038536
92 -46.05860485778653
93 14.54300478165785
94 -27.11490029619281
95 4.7233871393506375
96 -23.79950391940886
97 -0.2764382503109804
98 -17.911254562968743
99 14.32599141530815
100 -23.386451672758618
101 -8.3628082439133
102 60.959218352506
103 -59.23488331703902
104 32.19601734436683
105 -29.664636182167413
106 -3.9213890149305355
107 -23.54289492612074
108 -14.046448479600437
109 14.870683176488887
110 -3.4474786324799607
111 2.3122650060308323
112 -9.396011455286043
113 36.07188856942134
114 -3.8190244029712077
115 60.66824690246545
116 -11.146941911370483
117 58.33463841325159
118 -68.96394897861248
119 116.37282813585732
120 -85.21405320093378
121 65.5051248763638
122 -41.15941768675113
123 37.59435961166633
124 -6.387238298179388
125 7.509868406350452
126 1.5884963609571536
127 0.0
