0 0.0
1 -5.108442488068098
2 12.458763608592108
3 -26.376090282632333
4 14.399541300134032
5 -46.694538503290225
6 6.087950227897025
7 -65.73331670604944
8 2.8714504389341116
9 -59.38696945590483
10 23.666922104348636
11 -37.31524466982192
12 -9.396661012740426
13 -45.47725533192177
14 -77.91812133587628
15 22.36505284100662
16 -73.45955555166869
17 29.249551253988525
18 -37.77201895841392
19 47.39624850386443
20 -52.18881678018312
21 1.5495656079778402
22 -28.826676199139175
23 -7.876286997287624
24 -14.082749947480634
25 -33.35215789881257
26 15.817222275988488
27 -50.57521122348002
28 11.17902352242539
29 -13.558274500022158
30 0.6765549642969048
31 24.310783893365056
32 5.517024775815523
33 25.14824031061443
34 53.98237144626811
35 -29.295098156930937
36 75.93604941705806
37 28.363614010778043
38 49.104780981863996
39 70.15681491629334
40 -14.460224806036248
41 52.25944428803114
42 -16.317568553490297
43 57.0486254856955
44 -56.33050400896681
45 23.16691463966844
46 -45.20726781682248
47 -15.465592444131019
48 -28.131600178671388
49 -14.542144264135281
50 -27.417594899713333
51 43.68731495965572
52 -25.096344628010048
53 42.34123780524889
54 15.423294543269934
55 -73.3741919766312
56 24.199914298953285
57 -58.35711089037412
58 44.92734470348737
59 -45.078667062072256
60 21.863456053291106
61 -19.84836428536396
62 -7.477148266669534
63 -30.36247275697783
64 8.733636814612943
65 -27.01683629327474
66 47.16022861139468
67 -27.391917769758702
68 13.00366234576159
69 -12.15749785826102
70 35.11289932793102
71 -27.29095731996814
72 19.726528845212233
73 -5.999725682366857
74 -44.19152361881573
75 10.229121006162133
76 -12.02705218648221
77 -9.286658547929088
78 -13.848844184373153
79 3.4537218850960865
80 -34.1200067414359
81 36.61861104880945
82 -58.47077036235101
83 72.39054844559459
84 -23.5493082948348
85 23.82644667410271
86 -21.35464938627545
87 20.479394144782038
88 -26.96844843242968
89 -39.4347381682068
90 32.93104814359607
91 -15.185206435440671
92 20.460928317612254
93 24.438049265306887
94 1.3925568593049693
95 15.926398140740469
96 6.0174500206815
97 -14.42016036087057
98 15.797302815048276
99 28.021632841404504
100 -59.89833060556459
101 37.39597628546485
102 -22.696034237659887
103 9.65959291265122
104 13.071341640214444
105 -7.827557674345016
106 -33.412777448945604
107 16.216911865261515
108 -27.859104560082706
109 -34.33569981009006
110 -4.116188906274623
111 -81.10801694524052
112 49.32995519254549
113 -31.676508567539496
114 31.728663720132044
115 2.2362492550683695
116 38.500478074060204
117 -8.959686519514326
118 35.73728824766351
119 94.21958208825473
120 -53.77478442007977
121 94.5343695566495
122 -39.10698659718692
123 53.345655165435424
124 -1.4131678707600164
125 12.623045154904604
126 -1.1191012301497125
127 0.0
