0 0.0
1 -3.930163613881061
2 10.783280148386348
3 -19.93088841026594
4 11.971516602131755
5 -33.56072064246498
6 7.084124949930861
7 -12.76432633559343
8 3.7856325262768
9 -22.31061900653598
10 -52.32392205015038
11 -20.841066182544065
12 -43.88793894572829
13 -13.086214926848216
14 -16.082291909391326
15 -32.89909367794164
16 17.93806855926533
17 -0.5910983043936567
18 4.743951724858535
19 15.546823571656969
20 -11.126391858871145
21 15.734157625894843
22 6.364738201990291
23 12.702139262002564
24 43.213715640779625
25 -6.499234835227229
26 47.504216770635665
27 -27.190753733200786
28 45.29041243933942
29 6.202843233826054
30 28.02683642678445
31 -26.323456636943483
32 9.530461687006987
33 -4.628062743200316
34 -18.3719717917719
35 -27.31212974959343
36 2.459887898758132
37 -28.674306339734652
38 -24.67524645995064
39 37.59439749440343
40 -73.12466873535804
41 45.15887084672201
42 -15.986508736817086
43 7.002443392498013
44 0.6043955475501692
45 -13.440227588001829
46 -29.504383407004187
47 27.23183034260844
48 -96.29272018408146
49 78.37046542877702
50 -103.25179929197223
51 9.911600667154907
52 -0.5814184181399328
53 15.973991146206084
54 20.56562405464162
55 29.822717036386056
56 15.075694259492103
57 24.24214066043864
58 30.97372283468445
59 6.694477308123157
60 30.65976501463711
61 -15.127530491326562
62 47.62961156225762
63 -81.87666195238074
64 40.311893609314495
65 -70.38776323367921
66 6.145923704467114
67 -57.61674080884037
68 -24.214148295689633
69 -17.86561869089481
70 -34.8491339929882
71 -5.721155959688907
72 17.23608825014632
73 -49.869688047780784
74 22.172647737876343
75 -33.93305276821943
76 -3.9123613025286486
77 31.610183487896894
78 19.79269625296943
79 30.78663300189405
80 -20.76165858611597
81 82.90591277071829
82 -58.03876733055425
83 61.940688068118185
84 -17.79477615227332
85 13.121965659621912
86 -1.215318750907457
87 46.69963737843051
88 -23.202201430876315
89 22.11522608714826
90 58.673583872503954
91 -18.29737023817273
92 26.682441417843705
93 -16.2075122375662
94 -28.119173844156727
95 28.459316583197484
96 -16.196731081287265
97 -20.352690216291634
98 26.03571139779309
99 -59.51358118237259
100 38.52806605825636
101 -35.55670239250757
102 25.839099932522984
103 -66.39722274041044
104 5.74799744679463
105 -26.089826568800373
106 -20.420168003544248
107 -17.870619350652895
108 -21.95047550378039
109 16.623665101749364
110 -28.56906247636971
111 -5.38223760924801
112 4.7707910671570435
113 -3.2024625079129563
114 44.72513763946004
115 4.371214696033908
116 5.728320162649253
117 73.0979339592036
118 -50.681692579260044
119 77.22717098401787
120 -33.867171252923356
121 -14.364940357805501
122 11.485110651468409
123 5.393030337231797
124 -11.321730760376825
125 16.66311914721487
126 -1.9685443362124635
127 0.0
