0 0.0
1 -5.627173257343402
2 15.245767260991968
3 -28.694112910686506
4 14.360084463411205
5 -15.632429684352198
6 -15.412144889557519
7 1.3370870934481263
8 -37.3556883940807
9 41.057808364506826
10 -110.95862952326617
11 82.11989828396635
12 -125.20567882597037
13 61.11721671827421
14 -11.985840026442112
15 -11.055606461668752
16 27.771591277622313
17 -56.064276487285404
18 65.67328017837198
19 -69.73929854983672
20 41.19813069689869
21 -29.063507986528503
22 -43.22823803574034
23 -3.067102210973506
24 -32.98798013412113
25 0.6983179549833295
26 -13.388277867685023
27 -18.948933377752237
28 9.118605437703318
29 -3.905480374880251
30 18.92056645876186
31 13.754373251838098
32 -23.43721552099775
33 46.89078207331789
34 -69.96203302475384
35 57.37674336530059
36 -90.49572862889045
37 32.255320033712835
38 -11.743336806104871
39 -48.025330804212516
40 42.292388464077035
41 -47.05541109347342
42 44.564165984193714
43 -59.86796643681573
44 50.84994510686523
45 -27.88485401738744
46 -2.449207421258678
47 7.926841640229477
48 -31.43957341713429
49 6.298454586732181
50 -7.954680571367809
51 32.01126268954921
52 0.9913085861440197
53 20.648643289906495
54 7.03796849602084
55 -51.11174093771549
56 -11.844650804348872
57 -66.7764344605258
58 -10.083905801411001
59 11.922674622941484
60 -14.051423484223825
61 -0.7033293192464186
62 -33.583891817836864
63 -23.781430486240637
64 -13.370585852852443
65 -20.905463026612455
66 -8.622351936968105
67 -2.7671748988616827
68 -14.834592781144472
69 39.077335128977325
70 -16.271183387114014
71 41.4965626105995
72 -30.410287905627538
73 22.674338130716702
74 41.91870311791528
75 -36.66670612354768
76 38.68376609336911
77 -17.418345305890288
78 24.38239840066906
79 -6.612328024485598
80 48.89934646568495
81 -26.89322875849553
82 54.14431632861367
83 12.87561542353748
84 7.819560198474274
85 59.11088275623107
86 -20.283923336227904
87 38.62688229835572
88 -41.13501918124501
89 22.748153205297346
90 -46.82791705819221
91 5.825180358558369
92 -9.349044451743053
93 41.11503255177631
94 -14.323875221195804
95 -0.6256136857574267
96 -26.26672462891396
97 5.680953773121864
98 9.616025373730524
99 -25.504637165389312
100 40.592108821667345
101 8.237472470002304
102 11.901061118594733
103 11.454219428396689
104 -6.416100434654349
105 0.5972161575536409
106 -0.7777570477729514
107 -5.881678687866842
108 -19.7350434417143
109 -20.8514088761687
110 6.547428245472613
111 -7.702346512423606
112 -26.701839440790806
113 34.97351692636292
114 -4.309369166135246
115 17.935749716140776
116 3.7084212551579556
117 39.67768290764272
118 -30.486272391316742
119 -3.9593590735839017
120 4.617643591035581
121 3.719026889877075
122 -1.209685629354671
123 32.02154021140172
124 -4.259754393985555
125 11.91616867186851
126 -0.2189309772557256
127 0.0
