0 0.0
1 -2.150659670600662
2 9.767213197220231
3 -11.4044316588202
4 20.002472241642213
5 -32.87266858251575
6 -11.966313051668939
7 -3.2352934515450142
8 -3.0371924791772895
9 -37.38066053867537
10 -14.31140119207937
11 -41.86433071007938
12 -57.288509443380384
13 -13.654472388997624
14 -39.8653705146451
15 -28.42400552604259
16 0.19912563312838782
17 -32.79159159627022
18 -20.27733758939288
19 -17.890325165640633
20 -67.79956608783662
21 59.777779579340766
22 -96.97974507901223
23 17.549139014218735
24 -29.474574412453794
25 -5.120443608048459
26 -35.64807395472484
27 -22.843574845487012
28 31.063831411647072
29 -109.54136918642465
30 52.21008011765157
31 -70.39907422971105
32 -0.37968389676994607
33 15.882349981898228
34 -49.65853267040643
35 55.92246291259863
36 -47.43415915946071
37 14.817807025630968
38 14.940657334812151
39 -28.655285729044877
40 21.264197479119012
41 39.28272506366669
42 2.303923914746071
43 65.75219649013846
44 -2.2518637358303937
45 44.25159796273083
46 27.823190133029076
47 6.719622343324143
48 15.757566050889015
49 30.842614495857177
50 27.25214259358618
51 25.23580288907873
52 -20.482723274922808
53 51.7755725807858
54 -14.792255377903228
55 19.488046804476774
56 -16.60129501371678
57 -15.910342772031967
58 7.94883317035765
59 -25.979843887061815
60 -15.709923848685108
61 -2.2527289767178753
62 10.77105936736685
63 -52.440751646312066
64 -1.0871183872131158
65 -48.61275200829393
66 0.5536343223453581
67 -39.35682117206463
68 31.363646848106587
69 -28.559002534659353
70 -10.971752600360345
71 -0.9589440673539829
72 -2.440531758192603
73 -11.774670079125766
74 15.762405345774596
75 6.520610765811852
76 -8.803021389051894
77 9.091521580752806
78 -8.198590314693686
79 22.475267452321205
80 -12.003988770490345
81 18.804124395655816
82 -42.54643150149551
83 -4.948470538385071
84 25.402793815730327
85 -52.643040727675974
86 27.88627434498051
87 -2.1140177326873517
88 -37.76185425809121
89 54.19211152730506
90 -22.45513620333219
91 -22.218521595990374
92 32.143006436349154
93 -37.52487322645679
94 11.453283658974057
95 -10.128404983939353
96 -11.569581013637453
97 22.475873662179662
98 -19.3445631543398
99 1.9522324332297087
100 -34.546374327081324
101 -26.34136501147339
102 -21.81788936999681
103 -68.27184622235741
104 -3.043494428257219
105 -65.53610942786439
106 -6.904131501979704
107 -19.93782122387937
108 -31.792225012072358
109 -24.194298354602264
110 -89.65239094132588
111 23.439825912014037
112 -69.49254529252467
113 39.2392733641843
114 -26.549598959761056
115 28.970372799974893
116 28.954994705381395
117 -8.316295543901397
118 83.86711319814603
119 29.032045810118483
120 -8.575404436322792
121 78.01061141648056
122 -9.446825166713722
123 47.54980401888609
124 8.577721715535711
125 13.682886430268006
126 2.4064766712781216
127 0.0
