0 0.0
1 -4.309013243040646
2 10.947371436364701
3 -19.618961908102964
4 -5.448312462683752
5 -14.301867292147467
6 -4.013816004065975
7 -47.65656897790203
8 -0.17690477229684093
9 -96.19329004581562
10 -6.636561388935372
11 -49.75366645225672
12 -73.22470204760141
13 -43.06702505450203
14 -31.726210179699855
15 -32.67462945652617
16 -10.175118183659382
17 -28.72956762450777
18 -11.403958276592757
19 -22.608470801379084
20 6.231764882347256
21 -32.84711300105883
22 0.019848115062279306
23 43.32372418787988
24 -11.671315268880111
25 42.567161089817574
26 -29.16636957961893
27 65.31579989954169
28 -32.90472705103665
29 91.64782395797779
30 34.79026369221673
31 -11.398849270548242
32 70.33268214564912
33 -55.78339808425187
34 72.16301569754071
35 -33.542831025308864
36 28.645731007850557
37 -13.879910982206793
38 -4.794511491520433
39 62.75518089187881
40 -54.25841877431098
41 25.621172512670462
42 -17.097611801487464
43 10.925056412552749
44 -47.003875076509516
45 1.402836690121699
46 -39.81119813369059
47 -10.72102179775476
48 -9.043718947379432
49 -34.592780145027525
50 42.13897416072549
51 -40.18554737255119
52 39.616733004343175
53 -41.711273770616906
54 22.163376029151646
55 -20.998121024267594
56 -32.09271797017951
57 68.07803507858229
58 -37.56075074261951
59 65.20508063277323
60 -18.209563477301423
61 61.18699300311458
62 -18.903128840869407
63 66.88638849642422
64 0.06443739659348528
65 18.144336860245897
66 32.21856795227963
67 9.21618118866166
68 14.548740881820626
69 -51.757157738472536
70 62.216702724940276
71 -60.707692724521316
72 26.840098661043047
73 -20.544482043311756
74 -18.516891393546462
75 2.747277283522525
76 8.61863773873612
77 -26.59340676157931
78 15.013591986308098
79 14.957676895553279
80 -38.69855109434588
81 26.54151301363517
82 -31.224845092068954
83 4.153573024615017
84 -34.07631228331279
85 -40.1021284323765
86 2.2195976359021174
87 -80.81980591520792
88 -11.73551450590058
89 -66.4664512280468
90 -18.187112368776685
91 -42.77620771146476
92 -50.71191663200047
93 57.9313423833832
94 -78.71299105934945
95 82.43677573962528
96 -53.47876728811715
97 74.14275133332757
98 -20.872926459041476
99 34.82837384760356
100 7.136747262678389
101 -24.234336315361958
102 62.00787103162819
103 -65.57984072208116
104 27.133769990743176
105 -11.68447037735739
106 24.74131539066633
107 -30.224254335092503
108 58.21262658656022
109 -67.89928405239829
110 50.925857707329115
111 -64.5012486062961
112 53.9756872861116
113 -46.279428704238235
114 23.93061798198662
115 -72.00675313073879
116 17.87801445930052
117 -4.351939139923784
118 9.191038949103932
119 56.22236224315907
120 -45.226855289980406
121 97.97645644570792
122 -40.309256565100185
123 74.42719865422998
124 -19.488101856775558
125 22.321288501326535
126 -1.4375797089640427
127 0.0
