0 0.0
1 -5.6386361004991405
2 10.019857488901467
3 -17.496995937596655
4 -2.4993410009049897
5 -23.26967285156557
6 -40.45945887145018
7 -19.57877441624196
8 -12.715508843103498
9 -16.7710065086672
10 -29.71834907140231
11 41.60373461402157
12 -48.64502288853822
13 52.938002010687796
14 -60.596297130264134
15 92.6233447303136
16 -26.444465372787377
17 20.10413258363483
18 -12.491788828392876
19 11.772125366640582
20 60.475105870406665
21 -33.122696916168124
22 59.48703141364074
23 -37.7039863696113
24 43.66016515786279
25 -35.32045247858216
26 -4.236326923265071
27 5.390744010493747
28 -50.09619766630739
29 11.027475420188042
30 13.737138400916677
31 -8.196138467784607
32 -14.212729981734372
33 34.164496414011445
34 -50.01295921645083
35 24.334695803228744
36 -10.296070064967074
37 19.946814779966818
38 15.867773734732701
39 11.614370965598543
40 6.388643139118511
41 -0.23687155738307022
42 -61.864666393297654
43 -3.985106588055976
44 10.0466219276956
45 -26.88461708101675
46 1.1950375791987278
47 -4.890788015811255
48 -39.81466201749398
49 4.440764553433715
50 -5.807696507224911
51 -40.494946229435854
52 54.58505873127987
53 -27.860065746348297
54 45.11851912055337
55 -10.585594700795188
56 49.43778899964904
57 -19.20901960715881
58 34.64607514662642
59 11.47037792910822
60 -37.87250508585319
61 41.57745860806038
62 -88.36668215682457
63 44.12208180852322
64 -44.36779540007564
65 17.565522739316222
66 -6.960754282652508
67 -1.928274845763238
68 -1.1431024941999577
69 -50.50240912728478
70 35.7066531534658
71 -33.254371541235116
72 -1.7252379907957744
73 8.155839104330763
74 -1.1915200272278643
75 -2.1540908602877273
76 -38.5761395522391
77 1.0392401474846322
78 24.449954428016785
79 -46.42973062652973
80 39.92895490831544
81 -10.67534156125119
82 -17.533747309560116
83 -25.509699317209567
84 32.147066062846356
85 -17.02649951369152
86 33.92138924758303
87 -29.902266290206008
88 25.989453786866736
89 -3.7055138628383526
90 -22.362250673120396
91 -3.7632782922476897
92 -5.062906248571081
93 26.18100584770088
94 -28.624654632873078
95 87.09090177358246
96 -63.38714013943603
97 67.59685903421055
98 -68.5627915795535
99 40.13611702936328
100 -82.15596582470863
101 56.91480345803579
102 33.51035647886365
103 11.09575757019746
104 63.40794155129854
105 6.5450876158721325
106 61.84811433916791
107 -33.48835950479943
108 20.708235269866616
109 -28.806238186620412
110 9.25957229276363
111 -70.2188798120404
112 62.34338736120779
113 4.324114261149956
114 -7.577385450747944
115 32.87722201883459
116 -52.849658061800845
117 75.3327039815198
118 -37.89174288974709
119 17.158942660342507
120 -12.240979142411778
121 -1.4878705288195841
122 -15.90337586593777
123 16.105916863235056
124 -5.308148159536787
125 5.614659128619725
126 0.40309332031052075
127 0.0
