0 0.0
1 -5.949283510890686
2 18.79260026896762
3 -27.325109555012634
4 25.64894491793145
5 -30.077297882284995
6 -31.080343403239173
7 -7.864601692479108
8 -37.56186832862773
9 53.04285676438884
10 -77.56342257167329
11 50.61543719732326
12 -60.65640383120967
13 8.971417729376112
14 1.1490662028454492
15 -3.7914678185116415
16 14.170771616718044
17 5.080854499041817
18 14.865645221762088
19 -55.02196408531001
20 48.164656749030776
21 -31.249814656087228
22 14.953833580915056
23 -10.426770899589274
24 -14.40148442004076
25 31.982782250904556
26 -55.50154537440916
27 -0.6211525634640257
28 -30.837881951019
29 -19.934237199133403
30 -38.80550536686659
31 -7.5111822526959555
32 9.581535322664848
33 22.02037963327749
34 -35.58130232732248
35 37.8003023299349
36 -26.94111797282663
37 72.06696218360091
38 -60.66702441511729
39 105.771596520838
40 -44.00534546685561
41 18.717953027290392
42 69.90325414293585
43 -63.79983462819395
44 54.76565548550722
45 -14.384873470157896
46 25.966232771841188
47 -48.441393884424606
48 31.194339725430993
49 -42.87459938170691
50 -20.20019512862566
51 -22.12336887600199
52 -14.075714601332109
53 -10.531664574746113
54 -1.474378493493562
55 -23.37694438557882
56 3.2663737135669657
57 -40.61715612834649
58 -10.61145152693947
59 -46.58552735887917
60 -15.324554322082285
61 -47.664921133033964
62 4.2220709413109025
63 -30.876155268821066
64 37.070509356068825
65 9.09570693678279
66 -26.74173867256054
67 52.82163299940819
68 -68.73770480161362
69 69.37114565580762
70 -55.11885300259041
71 23.211634374875416
72 28.718653398362246
73 12.561094818572288
74 4.952082146776628
75 -4.422056018686506
76 43.486775703909075
77 -34.10887409215609
78 67.13213340718514
79 -39.263819356283705
80 24.532626413587348
81 20.060161885581284
82 26.07094782296217
83 48.18402044884999
84 -49.663174942711564
85 26.98038879044169
86 -1.1758116424390268
87 -36.16317783023528
88 1.404584004294589
89 -58.23134201594296
90 -11.797902920923867
91 19.79105301496699
92 -19.224378064530935
93 10.321691222703839
94 21.98604294953456
95 -2.05774999157916
96 -1.7442846349547378
97 44.54399588737336
98 19.84166429761375
99 51.50973951908317
100 0.9365168395802389
101 7.971642871560832
102 0.9795103884724758
103 45.9153369547698
104 -28.201163659729612
105 -15.224694368339918
106 -3.7950852093780516
107 -70.22052100098985
108 10.788230679422353
109 -64.1389968045572
110 42.4149472858918
111 -55.37265436655027
112 -16.281719475452235
113 41.95621597224564
114 -48.94620225033728
115 77.35962798819361
116 -57.60573222859193
117 69.63960388387149
118 -25.885297429530855
119 73.23364902869255
120 -35.935720569656155
121 71.50325830806763
122 -31.770410134659876
123 15.675471504955638
124 -3.5595935621325565
125 4.256319408541676
126 0.12631408872181749
127 0.0
