0 0.0
1 -4.639061846538277
2 6.68588683145583
3 -18.296983276455787
4 -2.0607449618955616
5 -28.2190348545666
6 4.023417860309391
7 -29.05078578906776
8 17.036468416459698
9 -71.25443636866702
10 42.54025617049331
11 -90.00808566869003
12 -36.51036551178764
13 32.64399359894618
14 -77.36113525427238
15 17.09163655933112
16 -27.485798474908055
17 19.668125073609694
18 -38.04581292370039
19 77.94727487437794
20 -51.67036630190954
21 55.43405339394733
22 12.957106628288876
23 25.716252267281323
24 39.37180428170794
25 5.105898125390455
26 30.628441945962283
27 -56.15815966006494
28 62.65034812021383
29 -24.732222180106017
30 12.927850148872567
31 24.381905836962492
32 -12.332754248521189
33 25.05003582528684
34 -38.21423243188669
35 23.090053746328973
36 -40.333177556511714
37 -14.105020264280228
38 -9.566296254843069
39 -73.95136637294175
40 1.2366261214030771
41 -30.05569939316644
42 14.451609876990979
43 -48.77790001070375
44 12.863676466324785
45 -46.97168213802419
46 -36.211510086550355
47 14.333034735539249
48 -54.257870512024354
49 5.499202342817824
50 -21.819848426887177
51 12.239939015493238
52 -43.927793688899406
53 27.31373634879124
54 8.433081100613531
55 27.070009276824212
56 8.377341767598702
57 25.51743929312551
58 48.30754199293115
59 46.50695782793262
60 -11.69757925252547
61 8.607620104778265
62 39.750990343488056
63 -30.094648994663807
64 24.260098962730932
65 -47.05482429811712
66 25.973588974196048
67 -24.802898322681898
68 -4.0076224814629695
69 -33.870853686901626
70 29.434807569924267
71 -18.68427153872858
72 -6.409011973484253
73 33.24071760946147
74 -13.282962322534974
75 24.72020057825494
76 -34.97660725665608
77 23.313854914796266
78 -26.30811396680292
79 6.155761682160099
80 -26.68177039674679
81 -42.00999154985438
82 0.06110646810474297
83 -2.678075108129554
84 14.645368554862221
85 5.459680986238295
86 5.225236279961061
87 14.513336808376005
88 -52.928517101350366
89 61.26023726113229
90 -25.69846173057424
91 34.09515405657595
92 -20.58428725693773
93 24.072576217352875
94 -27.335415303458618
95 -42.18846364493689
96 20.617335535844358
97 -47.194115985798696
98 36.29411948013689
99 -80.60136432036839
100 66.77935442450752
101 -44.59714326595915
102 18.606157297024332
103 8.050816271833934
104 14.943246486425476
105 -8.480262305587965
106 41.529902113168305
107 -32.557866810867964
108 -6.05566544261074
109 4.772770759470277
110 -41.570472084549834
111 24.401417674600335
112 -45.191327387297854
113 27.800578859737147
114 -28.580314339839344
115 1.9894127723904056
116 -18.62895831152556
117 41.97170011045271
118 -5.0751210215964795
119 35.01039545846265
120 42.235245789618105
121 22.144497198099955
122 -4.300477369172827
123 42.842873327528935
124 -18.970538080518768
125 17.605235263768865
126 -0.7665255820405047
127 0.0
