0 0.0
1 -4.442702741964472
2 12.794399736795842
3 -19.11790254874639
4 10.313283809022298
5 -57.66620136326234
6 33.77488213588905
7 -84.13423613745903
8 -21.966792390023297
9 -42.223855560389595
10 -75.54683792785508
11 12.675255138214306
12 -55.637541370742625
13 -28.02706770794104
14 -0.9049386197870243
15 -29.55223036847813
16 -25.34253735499354
17 4.961209735088181
18 -50.004219006370626
19 10.916886619458031
20 -79.86672802127951
21 69.7892997962403
22 -52.6855498784842
23 22.939370647123337
24 -19.743461151761778
25 -11.805583824278314
26 38.24267704084289
27 -12.82506683822043
28 6.839909351116934
29 23.570692147274023
30 -24.544253094110026
31 -14.802961831092007
32 -19.31604560084289
33 -2.2791713330463192
34 -23.814695661065397
35 -20.126169589089784
36 -23.793944704015384
37 -24.861791952654162
38 -13.41314525253076
39 11.586575757768063
40 5.80911701895543
41 1.0136971274247764
42 25.546179283328474
43 17.021310219317474
44 27.2983509735088
45 5.470691060239994
46 14.743128457852873
47 -58.64371620683127
48 -14.38833870002158
49 -54.936941941094105
50 24.519585750634484
51 -52.646103011884136
52 28.981820984572863
53 -3.4804709418471527
54 7.2181948015071695
55 2.976441350746919
56 2.1758171514730633
57 18.59050446399821
58 -13.805062872004429
59 14.048297259016007
60 4.938103833362288
61 27.204586259006962
62 -4.956066946050269
63 5.474371109781596
64 -3.7120708503354503
65 21.88852362520046
66 42.503969666334704
67 5.422948999247175
68 44.23349695340161
69 53.96313160281561
70 -25.473769544008785
71 26.13794075640184
72 -38.308616170225854
73 69.24921154439613
74 -26.859179098354005
75 67.14355354141142
76 -33.83537015973558
77 54.656418054714244
78 8.725147032727405
79 -16.086382047350828
80 25.36057421766086
81 -69.93117749267437
82 12.523337421812679
83 -19.64775806938148
84 -29.373470884169674
85 -19.720294298143273
86 -32.41674713533213
87 -29.956775894704727
88 -4.30120071938966
89 -48.75654227925313
90 29.89304438340038
91 -22.385396978056082
92 -1.7530109129092677
93 -0.00581579092489269
94 16.230665423601412
95 -14.015950432664788
96 -11.10504548257786
97 -22.024315508218955
98 24.05357758792698
99 -53.1399048164626
100 16.51009801736833
101 -41.02561346314708
102 -8.735598940558134
103 -14.879048853122983
104 -14.441882344602014
105 -19.450318414006762
106 -54.48057600930045
107 17.683118822810137
108 -21.729048223817518
109 6.778509718099688
110 41.68563838201783
111 21.876704066261077
112 -16.808261786285897
113 11.712223638653876
114 46.6268166683875
115 18.63563185340507
116 11.898156812928491
117 65.56165986224802
118 -38.04784090371504
119 64.01895731089236
120 -50.14149254625245
121 50.776358460875386
122 -20.583653757857377
123 53.86129770355153
124 -9.866183354172547
125 16.615072557750853
126 1.3057957741010078
127 0.0
