0 0.0
1 -5.494764424845538
2 12.864639817728435
3 -20.874453613022443
4 3.3132783488682835
5 -21.914288125420914
6 -35.620267773344935
7 23.34904865870119
8 -109.88325717619125
9 54.66768941540847
10 -109.05297190741958
11 16.15488640109579
12 -94.80979828529168
13 39.48600899119117
14 -52.35359484413147
15 -11.711674929179493
16 -5.46755071847667
17 -14.351256555663669
18 8.623162166004304
19 5.872068536557775
20 -5.638640828040861
21 50.94484784643602
22 -32.39179916411198
23 54.50298382658054
24 21.41718259527399
25 -7.631719208096999
26 28.789029262481158
27 -3.4968655896504868
28 -25.567680181430536
29 58.63381194070043
30 -93.54290383112046
31 97.48910853770371
32 -55.84464414488966
33 22.107974439649986
34 19.73056316537371
35 -110.13736110928552
36 80.66721478570967
37 -140.43776994344938
38 31.713741831683656
39 -89.61588013012903
40 40.78817899231455
41 -101.64810598101829
42 75.74128618759555
43 -40.25471626100623
44 -18.06030484294225
45 67.8438645351809
46 -54.64560191097325
47 44.514160840640365
48 2.2685695525952654
49 4.917834360850398
50 -0.7880591770471583
51 16.283240142474078
52 -26.968436273125178
53 38.72588745467264
54 -27.48216902528438
55 44.110091372749146
56 -0.646169928606363
57 -1.5285123964855327
58 -8.600527548820978
59 29.814407390697326
60 -12.141419568562776
61 24.212161909516766
62 17.160130564438365
63 16.57638245784759
64 -6.145425085196781
65 42.87756436118308
66 -21.37553446879008
67 28.324192029564518
68 6.6338456379679425
69 -5.365187692652179
70 24.285680469316546
71 -38.15627555425464
72 67.40969217616319
73 -119.46217187663532
74 34.14361771215767
75 -43.7920499587153
76 -37.86685230968911
77 3.2369995624394226
78 -26.177651536619354
79 -25.408792252215097
80 16.076368678114477
81 -28.960030928395657
82 9.646390980018245
83 1.0090139753574943
84 -74.38444803068376
85 36.3841863268842
86 -80.64381643943622
87 54.44017806000742
88 -16.58210607752782
89 -6.255516772748404
90 37.482273919384674
91 12.37128847805421
92 56.78201363910252
93 -41.39661888075114
94 23.028417529613805
95 35.64441529376341
96 -35.89722225441916
97 24.730051399319173
98 7.986933289941504
99 -25.68499931101839
100 17.50712268530823
101 -46.731703210192855
102 10.275371199275416
103 -71.40426372561603
104 9.619350672643115
105 -17.39135429921404
106 -6.006953400010087
107 39.504485711075255
108 -52.99959357911192
109 41.31928927035373
110 -27.29251839676546
111 65.30328890937794
112 -67.95823276332904
113 125.63633611205914
114 -37.4507085370868
115 78.63921928829872
116 -30.297845677638932
117 42.786034051727206
118 -5.4628093231525
119 22.20966784975704
120 17.521699515783975
121 -26.854364745762616
122 29.382388041476677
123 -3.89943281992199
124 13.347928590317633
125 4.715475586009617
126 2.2049691859411613
127 -0.0
