0 0.0
1 -6.021218101599572
2 19.942040453452027
3 -33.98192773752797
4 23.2304555157474
5 -77.79160985241252
6 23.657252107963192
7 -71.88576803610124
8 -26.358642265986077
9 -28.57904561948521
10 -49.6538199774722
11 -30.639716709965047
12 -36.21323884829464
13 -13.740393059418249
14 -36.0887481839902
15 -19.49351512526738
16 9.616943213094673
17 -24.169448334644347
18 0.7285853128544544
19 -24.710322007036257
20 -43.9209852942984
21 47.32486205439133
22 -98.27505692984494
23 50.39398650059507
24 -78.42115612325192
25 -17.0180025979361
26 -37.27391110713716
27 -8.715069912832352
28 -8.165410652077265
29 20.894188294768604
30 40.30643266229148
31 28.93095165457697
32 67.27314600851973
33 25.785811037005825
34 50.12310800789959
35 -0.7576086231334977
36 57.21202791037774
37 -4.264122993697092
38 37.250480569778865
39 -7.7512015755028845
40 8.022298991661087
41 0.3340579435887926
42 -58.576965309882375
43 11.470739894963327
44 -25.059073843244498
45 -41.474598335477395
46 -34.64889965755276
47 12.308956268338848
48 -32.43404001838594
49 -25.788282761950573
50 4.194990650411311
51 -103.08995605853681
52 41.92651648771277
53 -29.96708903473421
54 -17.495771860375392
55 18.48866086970441
56 -16.85288490353278
57 -1.241931394395812
58 23.89797630265887
59 0.6088414297901347
60 -1.3804739500526444
61 39.532118441155156
62 -2.260307316086065
63 44.93291894697106
64 11.036849590103024
65 -1.2411326579129072
66 31.233390818436785
67 -6.62013652796095
68 -0.5529134063835576
69 41.67912559484851
70 -38.87305683591875
71 -1.4424325998180723
72 18.940661005622744
73 -19.41700493826116
74 35.59419972004753
75 -66.3131107258218
76 59.920605619306464
77 -1.6772565457948698
78 19.381805154553433
79 77.97953823289713
80 -27.85497985421881
81 95.61712345050097
82 -72.61187666977557
83 53.94832862701197
84 -30.41082740463266
85 -15.408540380519282
86 11.303119408221194
87 -24.95060597449937
88 40.81671050955209
89 -21.48262202900892
90 36.126347675042986
91 -6.086123987289102
92 51.01252231542539
93 25.367552084383046
94 4.666689323684177
95 16.97660737368476
96 -21.411816379090173
97 17.27984847178732
98 -16.951134351581295
99 12.103463463015729
100 -29.8385969567057
101 -19.776856932412482
102 -19.793455562985447
103 -35.24511022285649
104 -20.45423140127738
105 -29.11703577328268
106 -19.430595504129467
107 -58.31132843355474
108 36.87910047771407
109 -51.807517740544974
110 38.49342273490902
111 -91.45929694739714
112 76.12219723074622
113 -59.66760672003514
114 -34.57292881127222
115 14.30205142013148
116 -42.38508586857541
117 66.549617176671
118 -67.26181874349768
119 108.2256348402493
120 -59.73658523602417
121 105.25945469916695
122 -39.25934340748249
123 65.95656943021731
124 -21.012754039477255
125 23.35106879449087
126 -2.071505988507971
127 0.0
