0 0.0
1 -4.12844572865854
2 16.191117033825094
3 -17.671524926526804
4 31.560389162738655
5 -37.59250148975984
6 39.840532118230186
7 -36.37342692821372
8 25.56386790070368
9 -22.6031445820726
10 -8.723437091037402
11 -19.374512739934293
12 -17.152419045608298
13 -57.91502838469583
14 23.792861598888297
15 -58.60782292234293
16 -20.974472011226943
17 6.540957685038106
18 -35.943703739428834
19 22.171960688395732
20 -54.68907288876424
21 40.64811773137727
22 -53.70873983051784
23 9.215196765261803
24 0.059566748582707586
25 -35.12047340297446
26 8.016163806729741
27 22.42160178559365
28 -45.86432921531284
29 62.96800491640795
30 -24.811920168674845
31 21.53239415969969
32 -40.49385148594139
33 -11.918608351120678
34 -22.24347056241293
35 -33.559239478967626
36 -34.5001264115108
37 14.951083231869678
38 -38.858549168455696
39 -16.82449445470676
40 19.59906593414037
41 -62.21059490303714
42 31.533644566054914
43 7.610524190947068
44 9.746126888698186
45 52.13625063186087
46 37.42292303511008
47 65.63675189552322
48 9.758235740296428
49 16.046134533588017
50 4.353883800616075
51 -5.31368691543925
52 23.118615975868096
53 16.606310825540103
54 17.403720722922163
55 11.807527678103247
56 -31.708449141871267
57 -2.877977563106606
58 -31.42262514572165
59 -8.505934099416303
60 -30.777596333054948
61 -60.813445223625514
62 -18.954164900232133
63 -48.81259031416849
64 4.510986350387174
65 -77.18034087245871
66 42.05538725019425
67 -58.365500827976476
68 12.73494140864405
69 -12.068561750933265
70 1.2862361316278728
71 8.3566749923106
72 -32.62256608937528
73 61.86736186300991
74 -35.02981430539651
75 20.433176008593755
76 12.465220098444698
77 -30.24051158012384
78 31.55171730612433
79 -26.320158368120403
80 26.770337092352776
81 -2.0853846057965724
82 2.9253361115563807
83 11.66148917803589
84 -19.023063262983275
85 12.014311631732477
86 -43.43673314842475
87 44.390790580290336
88 -93.42801027032048
89 11.497029320458541
90 -27.961310443054366
91 -3.1601222469160306
92 17.897787025835598
93 -67.5319334140089
94 34.90419788919766
95 -5.182656647094756
96 -10.493953128759124
97 36.95830728155633
98 -0.2592929936261253
99 -28.74782673779729
100 58.789501777788566
101 -10.966198416154837
102 39.17028715844147
103 -35.86318683255651
104 40.57024021845916
105 22.805050664010984
106 -20.022886781621008
107 63.6486148462463
108 -45.48294849965972
109 71.84993473029387
110 -29.964189615741176
111 41.20726101391193
112 -34.93646718441759
113 26.945610919445226
114 -15.373067509609031
115 8.179588063817102
116 -10.382017061048458
117 -48.57608522999504
118 30.3350376197054
119 -20.330662626813673
120 -16.233881783549105
121 46.19249365332143
122 -29.61948466617517
123 39.207028104560244
124 -15.330645391485923
125 16.201488813644282
126 -1.1591253535640496
127 0.0
