0 0.0
1 -3.448527676500284
2 10.722972965321226
3 -21.220606353436487
4 -0.7141245822453188
5 -30.81588566709563
6 -3.6711247719469484
7 -47.174158661082664
8 -19.7840676910759
9 -43.57848353581675
10 -71.06823016966362
11 -27.322741142411726
12 -96.4508365515459
13 23.69412389567533
14 -52.19700570655322
15 37.035170387501665
16 -13.224763906715188
17 -16.691940879686214
18 3.686797472905824
19 20.86528649561996
20 -63.30867759129742
21 24.974374694461297
22 1.6659780944419647
23 -49.99852332010543
24 47.86212863251706
25 -38.3480086512083
26 2.0726165986120972
27 -22.950410133010916
28 29.303587611327572
29 -33.24138988334534
30 2.514962847756488
31 11.490448720101403
32 -25.418021501049342
33 13.07005704011964
34 13.937159505098359
35 1.8756895356714482
36 39.1515166719739
37 48.44987802174602
38 5.09483376187133
39 27.24407117824411
40 7.637835387938422
41 35.306398009915235
42 -3.425106018431968
43 51.70601996881093
44 5.696061675680282
45 3.356250655401773
46 -4.452784662667485
47 2.072050561817969
48 -33.96458524901072
49 33.61559178623134
50 -46.74523611860815
51 54.23570650744127
52 -51.29380775140826
53 52.909061084945776
54 -74.66872229817375
55 5.679430841534647
56 17.517866857702426
57 -30.663066535152424
58 20.708037537753455
59 -27.928583268254872
60 50.04772055134563
61 -74.36644688601721
62 20.940593699574972
63 -59.48585653827152
64 4.983902939234484
65 -79.17855521154343
66 37.0434399538943
67 -56.54891755857978
68 -1.2441694441261906
69 6.535216498356991
70 -51.15920579624109
71 -9.101178382725443
72 -11.929585711627551
73 -25.120798355791415
74 -23.731186016599718
75 -16.548139584387126
76 18.78480498873753
77 9.762159199576365
78 29.060277429062292
79 8.067769757692318
80 44.766475024143816
81 15.263334994288982
82 25.332120492817335
83 44.076292562301326
84 -36.21064574533575
85 38.89282095134125
86 -47.17526774274124
87 43.16375809813414
88 -57.99304458007269
89 23.529705575130077
90 25.997613054591973
91 -6.168103157721212
92 5.411200393241299
93 -5.85926652974658
94 21.946555083841524
95 -23.477838454688165
96 13.697928218590242
97 -38.921769829941454
98 38.033273440642155
99 -67.33318605165466
100 46.85024365612043
101 -7.954121165251839
102 -1.108533431923185
103 37.37838212734763
104 -36.03558302211029
105 18.84102869806181
106 6.617829286195516
107 17.55563766761239
108 27.346005954089758
109 43.28953730964014
110 -14.975727433664494
111 56.482649083527406
112 28.016856066863493
113 -19.585823709651866
114 10.665033004200819
115 4.006887110687745
116 -54.409975125149344
117 29.38308360167186
118 -25.26391532805931
119 22.699830886208304
120 -13.125529885649044
121 33.103337517529624
122 -10.476647891165639
123 20.347849821230138
124 0.10472074933716365
125 7.213141697408645
126 0.23559237218135892
127 0.0
