0 0.0
1 -4.993903689438203
2 14.878739543887887
3 -25.101987250671
4 22.342726914291337
5 -26.6408331269568
6 -4.70128878741672
7 -32.11048155401812
8 1.3858195966144449
9 -71.47167636614944
10 -6.551689297276188
11 -8.47000579883331
12 -69.26738856715576
13 1.414006682208953
14 -95.77507281612876
15 -21.203827496832226
16 -70.92631136266402
17 -41.5104168965929
18 -10.61080224072931
19 -9.23734758349215
20 -7.573856576353853
21 7.937579524916321
22 -23.291929193896348
23 16.88638137805456
24 3.8455720338050337
25 -0.6502033603730933
26 24.048943282502183
27 -17.886297291544004
28 -16.004591301935392
29 46.62505534478723
30 -55.17109343401599
31 39.89214245138719
32 -66.83035141080168
33 -1.099125210048
34 -5.943872150545209
35 -24.894115244964013
36 22.817484883068108
37 -11.83036463697324
38 -0.5233136467218223
39 -16.517767987703294
40 58.547715618426885
41 -7.667990983897582
42 -6.554786309198457
43 23.519446763764194
44 -7.237876595325868
45 -4.97120668008765
46 19.760281846830335
47 43.32774673316352
48 55.940023811864215
49 -15.646271286912059
50 86.00645942856649
51 -65.9553047329037
52 51.75084087890006
53 1.0772207223826729
54 -50.027242470193706
55 55.38068838654181
56 -38.79500304697059
57 8.849369415041714
58 -4.914110078548777
59 -19.850490514690655
60 -46.75974955404684
61 21.063030591711577
62 -57.9740121851913
63 7.224144830300155
64 10.006225499320456
65 -13.0920309350481
66 -14.852540255898772
67 22.4009667984653
68 -12.581639503125674
69 24.542743529313075
70 34.95913872977003
71 -22.977323799674284
72 23.80344041490094
73 -29.945563663800915
74 27.457504636310656
75 -18.42198999804269
76 24.535598424485904
77 12.80464698965798
78 -50.36518320895719
79 54.07688802258978
80 -14.89745370732709
81 20.841239765062074
82 40.34074377442394
83 -15.30528900864107
84 35.72597018584745
85 -62.195718342653834
86 7.013667638688698
87 -53.173757583323564
88 9.995257910864003
89 34.43198563968412
90 -49.08340287483399
91 67.27304318599579
92 -52.32369921270311
93 34.822799610599276
94 -17.90672452457105
95 6.44703267140403
96 -20.237809739890967
97 23.58366028761901
98 -30.850371193004495
99 -19.597684236750382
100 -22.070594346120647
101 -43.748319971860795
102 -24.113871763805054
103 -40.00133937739133
104 33.79566089002716
105 -70.21202869420325
106 16.77498341864172
107 -21.685762543132032
108 6.685907999849143
109 -14.377566741234691
110 -18.637591494273344
111 -4.016814301458409
112 4.190708789200789
113 11.36050771989401
114 -16.368122152096085
115 74.81902434221386
116 -24.97785556954217
117 86.94200822874659
118 -17.367587886178697
119 97.92427934171694
120 -27.150992088758706
121 56.5049255392462
122 12.02612465578954
123 31.628081936111624
124 -3.3246166896140763
125 10.336852638584089
126 0.2038372204136378
127 0.0
