0 0.0
1 -4.782246578417884
2 15.998733392985622
3 -25.733776994336296
4 0.7548404880447371
5 18.441235456826075
6 -58.9862780647231
7 -4.228506223692221
8 -53.44267688666671
9 -27.066902531810193
10 -48.29197248913629
11 8.43277015961187
12 -43.238277422015656
13 39.04028067103403
14 3.8454549260982405
15 -16.189394419848604
16 15.710434794833178
17 2.9071542038896583
18 -12.889316484142643
19 15.033378375461611
20 -10.466706460205712
21 -7.113324906043361
22 -9.786993490964235
23 -10.936821895085162
24 -66.20745822541294
25 -6.242128223660818
26 -20.88335210491615
27 19.21924533578685
28 -28.187444282647732
29 -25.189810785559054
30 22.480509139364788
31 -62.17254963537302
32 15.829767522324687
33 15.096487842263652
34 -34.39443538023205
35 36.747719158356354
36 14.559902165787692
37 15.62372728767582
38 100.66526419830252
39 -23.000726033083396
40 54.747010811853194
41 22.327489941310308
42 -0.5510133830311743
43 34.673681881670404
44 -8.381989048767085
45 56.03893555263638
46 6.791097713584846
47 22.152556582894455
48 29.569240807668013
49 -59.22992751544138
50 70.88147039869409
51 -26.574461341152748
52 -0.15272405479763956
53 27.786403681960792
54 -18.59205028356328
55 35.81250930886813
56 -58.44054807051004
57 42.383893150755405
58 -47.03523087244008
59 16.401458407749445
60 1.3395830268181883
61 -38.93209450691388
62 -4.189201343644129
63 -32.535138814405286
64 -38.576182216797264
65 -29.913930388887668
66 -21.42479917994714
67 -54.98517526458618
68 -21.60174438604237
69 -17.701975975924334
70 -30.728160812940107
71 -11.875691334927637
72 -51.31708979902149
73 38.55007124112831
74 -40.38561347309861
75 -8.269824134721175
76 -37.10572685432343
77 -36.09864588977563
78 23.39288281281102
79 -69.22947226774995
80 27.61650445680862
81 -58.067637295932954
82 14.024041106150923
83 -13.057949564533821
84 37.65039189380179
85 -10.022004508394438
86 -10.72078163419814
87 72.88609081234692
88 -46.03382648681681
89 94.8039674792043
90 8.530044067624575
91 28.2857289316575
92 49.895352890671404
93 -42.61245411584884
94 75.06963183204775
95 -31.115812569694373
96 22.59250850358042
97 21.974190618533637
98 -9.18188677481059
99 10.481846156907688
100 -10.456068881691968
101 22.58167409815511
102 5.40689894177829
103 17.081872969901525
104 -21.784167200905866
105 46.24577772519483
106 -0.1156037740793838
107 4.578769408506016
108 38.77193780836642
109 22.16333114891516
110 -26.317607059978997
111 -1.5398360919371927
112 -0.03609213461837584
113 -33.563969175560764
114 -42.85837667989513
115 -4.467183678291066
116 -38.858037990800746
117 6.1039130208889265
118 7.1116404094319225
119 -11.778096031174924
120 -7.638083594413596
121 29.746195501814398
122 -32.136530044906394
123 44.89055843837576
124 -6.95149791003728
125 8.69948054295211
126 1.1781758051443931
127 -0.0
