0 0.0
1 -4.277085318969159
2 13.319658080450616
3 -11.881639962914223
4 19.781228814139812
5 -30.22480727307049
6 40.938199575540644
7 -59.25234658219433
8 4.6063850258227825
9 -68.74905735054773
10 2.1757837421054504
11 -18.232659428428928
12 -13.585404515735654
13 5.46528459485051
14 -48.94098144805621
15 35.41211946984942
16 -16.606714461022523
17 21.345655330904606
18 18.182162541113676
19 7.747320431104496
20 -6.5591799102157475
21 11.965851922055458
22 -28.81379345300537
23 -67.80523057354657
24 6.115301725157983
25 -75.21210444367108
26 -40.51456094767716
27 -0.25013687328555695
28 -46.133437926649
29 -60.168464333018306
30 -15.921728367014586
31 -41.87125657593645
32 -45.817732800393266
33 25.34395677644702
34 -87.07134762231443
35 22.228941201457413
36 8.298440723276244
37 -30.251011334534933
38 63.66092665018238
39 -25.665318723696863
40 -18.91637887170747
41 68.43441016255699
42 -92.57424801851502
43 46.326842891463706
44 -76.01380461345595
45 -7.609618364491213
46 35.15924017200843
47 -19.490472129105413
48 87.90973423946717
49 -19.216958324216307
50 47.71253168530142
51 -20.264141066795297
52 16.041736189886834
53 -22.908948443748994
54 24.76863271726104
55 -10.939542678448268
56 -0.8331308821786695
57 -17.460096231239326
58 -35.37125063892956
59 -10.598039472964405
60 -34.238469023969635
61 -10.918205144847152
62 1.4097613169531795
63 -12.90973674875395
64 14.526763223609318
65 27.4189285108036
66 4.47971602143289
67 53.89838628558583
68 2.0459523412136242
69 63.23596601595618
70 -19.378885902058098
71 19.312920879633616
72 35.813529663499416
73 -58.833270338147216
74 22.714150349478643
75 -5.8020002796935435
76 -18.259657874536916
77 68.21407046519549
78 -63.356731705485274
79 31.313715283623335
80 -21.101095699229038
81 12.002361388629112
82 5.6316904907404295
83 -5.416722610569305
84 55.75887976612999
85 -31.681512551475304
86 74.00406010339502
87 -42.00588777347804
88 23.656765806537905
89 29.22795999910148
90 -32.81141387959331
91 12.145783966614738
92 -18.462039130694546
93 -19.898502371810505
94 16.66663059704663
95 -1.5072124495389165
96 9.301344157911043
97 12.22646878428134
98 -47.03088283323086
99 29.52762510164203
100 -14.821143848062595
101 9.347820007320898
102 -8.435614722153765
103 10.86773238629414
104 13.078949170249581
105 -35.84671127799596
106 63.03367097649471
107 -75.86502594338276
108 21.393940371508318
109 -33.29409831700888
110 -4.022971631349759
111 -26.573563625046503
112 -5.294373423092043
113 -42.5611330072789
114 -20.008987738328535
115 -38.92326546566409
116 -20.437147651693238
117 37.79887428518292
118 -70.05691446734583
119 94.30258906944542
120 -56.44887700701907
121 76.38538660838667
122 -40.0814499638286
123 64.82224291481059
124 -15.26966329468477
125 15.535938568646436
126 0.07664400823470331
127 0.0
