0 0.0
1 -3.995485037356281
2 10.048250918784142
3 -17.683642319247788
4 11.451662240098857
5 -32.303567866706544
6 4.457998884882267
7 -34.966778713661945
8 13.431885563838946
9 -63.731347531657875
10 29.371982207920436
11 -26.061334945793448
12 3.331700255511334
13 -8.223570163664153
14 -32.79924212000605
15 33.48831361913315
16 -49.52479155004481
17 15.789032693278388
18 -68.83998239366237
19 40.69404512125561
20 -65.95175057700946
21 4.880051436755784
22 21.374777710454673
23 -52.555607059830145
24 68.13638007180639
25 -34.69561507527364
26 19.58550152838103
27 -18.318193593050832
28 11.361933680893852
29 17.263623906167876
30 6.125722247894753
31 17.600257626912665
32 -15.445140867710492
33 7.7119912868851115
34 -13.890205565018865
35 12.931395997727956
36 -1.4317768422412627
37 14.819986084944365
38 -11.463620244142497
39 -16.7900273836596
40 25.224804424500377
41 0.5613580184694907
42 -13.833763388023964
43 39.54230048421895
44 -20.413152927163793
45 -1.2967828268224868
46 18.35462416203208
47 -3.829506827636618
48 -47.27011366120061
49 2.093194850134347
50 -14.599571767085717
51 -16.20886281932555
52 21.30058460470586
53 1.9098123071599888
54 32.10490773095303
55 3.8857564708250196
56 0.9415512954185067
57 28.452456375727117
58 -12.785437464522643
59 26.985117521549753
60 -32.763488692959804
61 -21.696380648079735
62 -13.048487016749881
63 -68.7587730103076
64 -7.192741817219331
65 -63.19431962638662
66 -20.157404692971472
67 0.7683302242693063
68 -15.271883677778588
69 42.81818214151536
70 -51.96535870255213
71 76.3810018366156
72 -9.886845592192206
73 22.806917328937985
74 50.600385031916225
75 -17.22372076794422
76 34.682711355263805
77 31.693929015706306
78 -23.556588256177704
79 38.7194784119334
80 -6.499834755614982
81 -38.52569525683492
82 76.4892097235379
83 -69.7075142457094
84 13.52900748767677
85 -16.18570048110117
86 11.132230444167687
87 22.444117860267887
88 -2.048517638131373
89 -8.714543143747214
90 15.727926118191213
91 -15.894698114260969
92 16.759426233908382
93 19.90388275480078
94 7.268166437992993
95 -11.256395110433232
96 32.87663159752213
97 -43.36749748880851
98 4.532724313271537
99 -6.45467042238752
100 -13.217544206019198
101 8.092161219624952
102 23.959581313416464
103 4.917970038945649
104 -19.976158996994222
105 35.88685283609085
106 -66.74201893827313
107 43.98265838868844
108 -31.193306107041877
109 -10.1590066840482
110 -13.864401305145075
111 -57.43035119825371
112 -17.44651238999321
113 -75.70670841490255
114 20.9313017618178
115 -59.36731793871903
116 -17.911995942638036
117 8.361562792315551
118 -29.06309065557285
119 47.65206926348981
120 -57.58267899802035
121 60.06589275140597
122 -51.199326683371325
123 59.24422419523425
124 -14.73747675175403
125 16.206688492904554
126 0.8350549739210694
127 0.0
