0 0.0
1 -3.648807557736883
2 11.95361836700139
3 -8.5388115964759
4 -4.210272142581397
5 -1.1891559773066003
6 3.38715833299698
7 -17.179678177850445
8 32.83501505318647
9 -45.08804799964564
10 -12.897691104312504
11 10.178007532905529
12 -68.2586595176223
13 -11.64116854988503
14 -52.90924966387916
15 13.970533713064452
16 -65.94686138558045
17 0.8889828685222456
18 -41.53197398948016
19 -16.775850292703606
20 -36.37787677730278
21 -24.759234729211542
22 -17.92830224748239
23 -75.56885457624016
24 10.85248878551791
25 -40.10742775699529
26 -25.5354029833836
27 20.7754270630989
28 -13.381891845533643
29 10.912135256056253
30 11.094978616948456
31 -22.533956911525834
32 52.59848059508004
33 -45.62413335878204
34 8.215178290377443
35 -23.69306649628681
36 -7.671689936528565
37 -2.8816555397959984
38 14.383436755253308
39 5.336716910924568
40 42.006016119298344
41 -21.23116141254555
42 4.144225336942699
43 26.629581919609173
44 -46.738778336865224
45 32.01345563563876
46 -65.53747910538068
47 0.5888655860500128
48 -39.425604429188624
49 -7.910309440150991
50 -27.161625372914084
51 -0.942419846445815
52 -0.4006787095966807
53 -27.392892946380368
54 -11.375124641820335
55 -48.38706561138264
56 8.46000571170018
57 -59.62252066166754
58 59.440414630016996
59 -33.53887182181544
60 56.09398206851326
61 36.389588255114596
62 24.39669468941512
63 44.29370546812184
64 56.820681488033884
65 40.09535645020157
66 53.80892757266363
67 44.79850817533915
68 23.151712129879325
69 11.30870187556565
70 6.507991015328915
71 4.78320521616984
72 -13.254908343148191
73 21.294380163919428
74 -39.87122842905703
75 18.31826808717864
76 -35.87567256713201
77 3.966185923678176
78 -19.791458136695766
79 24.329260016675555
80 -43.85376879258323
81 29.186336935087493
82 -46.112302763164315
83 25.007090496682544
84 -73.40864635781853
85 44.42932402300525
86 -36.69825087297686
87 -14.8003167886088
88 17.147254696480715
89 -26.652097357789064
90 12.282624791297787
91 -0.29676532037177555
92 38.34174496358676
93 -13.008761609531815
94 33.808714946285605
95 -52.94713902204642
96 -2.810377890942764
97 -9.875057790864778
98 -32.492968091767594
99 -14.377003858047019
100 17.274764797856413
101 -46.54877773654785
102 0.3797768782342948
103 -27.136455910774114
104 0.64847314069328
105 22.31135589834737
106 -23.778226622524375
107 36.68490861807577
108 -27.431096033314287
109 1.558244862735896
110 18.174761108755423
111 -36.24550353326213
112 47.06961426169439
113 -57.38704994705563
114 27.142473093312997
115 -34.624743557932774
116 34.80053120986848
117 -42.01862825736474
118 3.290952010942176
119 14.766403316914769
120 -17.419587378811254
121 30.24778931157763
122 -19.83480196803238
123 56.022313323783834
124 -15.804549733904658
125 18.71777416101073
126 -0.5360114905935587
127 0.0
