0 0.0
1 -4.23261769084087
2 12.410375004439173
3 -28.61147540108072
4 20.379828923676275
5 -72.3133884756183
6 43.745233496735274
7 -46.97975876367376
8 -22.982283190923447
9 3.282751739128373
10 -31.324040060143933
11 -27.965539621894674
12 -37.773219820383694
13 -30.151157089656788
14 -21.87351997399502
15 -49.76224863544649
16 -30.784521334575473
17 -31.82816533633582
18 0.3685414354526579
19 68.7776767934286
20 -48.47930532793384
21 111.74825327953718
22 -86.44745842721562
23 77.15223584432383
24 -2.124731865673135
25 -20.552871646971152
26 59.95171080398936
27 -6.29096591197214
28 3.6463718667669363
29 7.625998716500219
30 30.360479949323558
31 -58.45996141411052
32 78.7278974435993
33 -46.79923949676787
34 18.224425844172085
35 7.49855733958037
36 -29.140945057034145
37 27.777014676187655
38 -39.913973393950606
39 25.31689223754623
40 -15.863805352580528
41 -3.1182793815238967
42 10.374654423862209
43 -33.144206873459574
44 12.966580363362628
45 -6.077198616725108
46 -2.9465517919691284
47 -25.928054608308553
48 33.92418848979373
49 -14.196365263370467
50 -4.899804569062086
51 39.68059075129805
52 -62.58393373807534
53 -4.733528684034159
54 2.200921661737361
55 -11.945054455741806
56 0.7409438146092955
57 34.96789821794802
58 -16.419527827823373
59 24.68347784098255
60 16.2741585908537
61 -5.175628708872826
62 44.43889580928736
63 -14.141573874180768
64 5.988628979787281
65 14.736709086659639
66 16.331314965209813
67 -21.778980374603258
68 52.49577965839353
69 25.5213656493676
70 14.51449533388424
71 34.1117661724178
72 -12.220758220088275
73 13.636614364860861
74 -0.5017201892360168
75 4.625223114191968
76 4.341751178038102
77 14.53196655934225
78 -4.887642748368221
79 -14.984820641798303
80 -18.947141453710373
81 -18.77488134782585
82 -24.522965508908918
83 0.22830600844207985
84 -104.49813425726717
85 31.33720070429946
86 -36.21147222764946
87 -39.963263051992215
88 20.048265206699273
89 -30.67536932502233
90 -10.617538067005526
91 -8.08448979518438
92 -16.035124074070097
93 4.068209898055751
94 -19.55248505800513
95 1.3208765104922224
96 -11.458803147334185
97 -17.83230874467244
98 -2.1867186674984205
99 -21.720093726673227
100 -21.56652546181591
101 12.418770549642192
102 -31.06701773309582
103 18.394049246126887
104 6.641192392294852
105 -37.32262884431647
106 58.33982976211384
107 -47.029863377212955
108 47.69668059892415
109 -2.891767469833346
110 10.56450133272906
111 31.81888349022619
112 31.73621038084055
113 3.580882368987713
114 29.237541026063656
115 28.710385414916733
116 -1.450805686181858
117 44.90752510236796
118 -28.520391807619422
119 21.77538625260826
120 -45.16469613725167
121 47.37617492956895
122 -47.478513555049126
123 35.027222917283936
124 -13.4944169217379
125 14.415657951633163
126 -0.983447740628195
127 0.0
