0 0.0
1 -4.622356107775341
2 14.3242231167321
3 -30.028482825242982
4 18.673981680482168
5 -34.79605475719594
6 -12.937205348292812
7 -2.8689602616336147
8 30.117212174618825
9 -42.87253953938408
10 67.65688243128021
11 -4.525791045373683
12 -43.3000235222967
13 2.5433409766342616
14 -78.13205357743836
15 57.21101198767785
16 -90.52346129104835
17 41.89685859434295
18 -57.493067773002906
19 -17.616014974440006
20 37.877635442784246
21 0.9373740334449091
22 64.32193307120967
23 -8.836458965492191
24 65.64027540781021
25 17.56414896670578
26 40.90028597076678
27 -4.72842911350861
28 -7.395907528352565
29 2.0586630793919745
30 -3.359189009430839
31 1.559975485858056
32 -32.46764476681146
33 36.33805539991216
34 -47.28746806664085
35 73.70519223922294
36 -39.20387704377982
37 44.21034541836728
38 -13.415276651183424
39 1.8301729781894878
40 -5.971820547507145
41 28.073014444177943
42 -23.42570789610665
43 -0.8408052579946184
44 22.034404348697105
45 -41.56196633705748
46 3.393142682105141
47 -34.70699358568955
48 38.61997652497704
49 -72.87150538026093
50 37.75319471633368
51 -78.12228227207761
52 -5.228498318274378
53 -36.55989940250475
54 -34.724485294543186
55 -9.314163955842496
56 -36.23640702195817
57 29.305864145314345
58 -11.709132851190416
59 13.390126025585976
60 31.091619266075487
61 -2.9796986140828903
62 44.27180346897709
63 9.197435953600815
64 77.89639104583593
65 8.241284386073433
66 35.64451159748714
67 20.56329537817318
68 -27.694969935993722
69 36.46743195065546
70 -46.26466687507319
71 33.21768121015258
72 -19.277047660199194
73 5.408762655621897
74 -7.470569248197497
75 -33.04724919861855
76 9.251741112556171
77 -30.783058663659343
78 9.482371855983144
79 -10.307840903600047
80 6.577196787952191
81 9.055005725053272
82 -9.082021502647747
83 -37.856929503278366
84 -25.525976374451655
85 -21.648630272830776
86 -26.22746260483684
87 -40.619326686771004
88 -5.475300269936142
89 2.498227063601129
90 -67.00983969103294
91 32.020843623260305
92 -49.109540275294464
93 16.033638382494065
94 -6.410479441977166
95 51.81779465632248
96 -64.94308559980496
97 31.74952185845631
98 -54.56625069239296
99 5.0234918398279
100 -35.48892451012371
101 37.95705544487593
102 42.723533091836416
103 -39.715983276981646
104 81.55025371757313
105 -69.33100849530254
106 82.80982839171637
107 -45.08553087369121
108 46.21163503084639
109 -12.758583012362552
110 -2.8122415103671177
111 -39.07596125891185
112 13.368511309346705
113 -17.750576810639735
114 -11.078393919183263
115 3.327663724393125
116 -56.11469743710248
117 41.69972029835723
118 -14.527707277116498
119 28.42226142086856
120 -51.976426896660996
121 78.97116722136083
122 -42.407439534529146
123 53.154944691116135
124 -12.157772939175302
125 9.127415467619837
126 -0.22940139268847223
127 0.0
