0 0.0
1 -5.445217952668924
2 15.747914848485793
3 -23.427947744834615
4 10.725856440521145
5 10.699872332108315
6 -43.09328267012775
7 39.296922985114115
8 -94.92482207950849
9 61.200541673535994
10 -103.90660592329904
11 22.10910020033677
12 -20.92982539951753
13 -59.03286915162279
14 -30.963853736210684
15 -45.452098433155044
16 -28.918002293552757
17 -12.762557430877038
18 -110.37325237911057
19 57.42807359334423
20 -63.77799504836841
21 -4.049484389964755
22 16.9130767040374
23 -64.35880940639309
24 40.557838680564494
25 -12.327705558901307
26 20.523328195227062
27 3.4980228172242636
28 25.2842055037807
29 48.07435840550272
30 -9.824877406177885
31 20.22719184971708
32 44.469807608369216
33 -22.325065198697015
34 11.22612583995299
35 -10.839422748828627
36 8.27387349944903
37 -21.413065221605475
38 -29.225602922521645
39 -20.22376112824623
40 -15.130683727896448
41 -55.428758173311955
42 -14.811110563717488
43 -13.195505550744192
44 -45.94429774589387
45 -25.304013778685576
46 3.022257942899292
47 -80.46999772142503
48 62.9933835623129
49 -44.07611749443985
50 41.76906071290119
51 4.998248039232399
52 -8.937571151213524
53 17.280349888361048
54 -17.895811448481986
55 49.702001680239164
56 -56.702859358525245
57 114.3692072084014
58 -36.17839961664104
59 68.26890490394784
60 57.99118141330414
61 -10.787939882688672
62 42.69454792157965
63 8.309112048853976
64 -10.720630102778902
65 46.61878458618318
66 -34.64132151283122
67 -20.651693927793673
68 27.270308704718463
69 -38.9651890413424
70 1.626055775326714
71 -6.799584706135138
72 -76.87348364394427
73 10.14171225758494
74 -75.22306271360867
75 65.1386062488043
76 -27.717793620436588
77 -20.84122126998156
78 46.613338135263994
79 -23.922156408788233
80 34.95941261847771
81 -44.673265134092134
82 39.21023908285933
83 -27.812554720788885
84 77.86415142395761
85 -48.66052341343456
86 19.267775475131515
87 -6.557969555736256
88 -20.096883549728645
89 0.716307864359347
90 -43.066122261522246
91 21.63359715939155
92 -38.74606370319777
93 14.513306726754927
94 -0.3530481178932374
95 -73.211919206189
96 40.18397871352524
97 -37.74213723151909
98 -3.3381070211086987
99 7.0602749580270725
100 -7.405024008332822
101 -41.128801445579285
102 42.535323392447935
103 -17.3770987398918
104 30.31939834722255
105 -1.7195423107457846
106 9.405516388430927
107 38.898816951988444
108 -20.502120878684792
109 76.45831049354507
110 -82.73764431500862
111 26.67278334764006
112 -47.902786650559335
113 16.30720015805457
114 -95.93380630988833
115 28.796237068147143
116 -52.99426853474008
117 42.485958253577685
118 -69.61254883983938
119 73.53274709638688
120 -14.440818750848775
121 61.82618881999838
122 12.986483901111317
123 25.417001247257716
124 19.38537034643984
125 5.038242986618795
126 3.1391407586104645
127 0.0
