0 0.0
1 -6.297767894151891
2 21.334077644089845
3 -27.2881741030633
4 14.787590425048915
5 -30.672761771679635
6 -22.798912333737334
7 5.153309492103683
8 -62.9592801078202
9 40.203354341404015
10 -25.18961617403324
11 9.972219819203938
12 8.488689902160528
13 14.918399445707886
14 -30.512271254903727
15 38.6909719480475
16 -83.29032600932136
17 52.62977626365713
18 -51.4793616599589
19 18.842674919381444
20 -61.40558407087102
21 16.029309871099017
22 -39.96080913344078
23 -53.51741297937128
24 4.044046471462549
25 -55.85112038772126
26 39.57252703780873
27 -61.11612294902704
28 19.32224847660027
29 2.605832685960619
30 25.69848804334815
31 -11.634015945657207
32 29.68973638026274
33 26.209366813329783
34 22.953237789907494
35 28.328449761095136
36 17.556232550054855
37 20.7245082987375
38 33.9879520433082
39 27.464042598381493
40 7.371921214016885
41 62.77272100227395
42 -21.973907968038517
43 -10.883347091972887
44 -16.42126658948063
45 -56.00155157931735
46 -1.2253445931677376
47 -62.613528766235376
48 -26.67981646875379
49 -5.225249755474162
50 -48.822524499605116
51 35.84138504114911
52 -5.034643526210707
53 5.901510327587107
54 9.154407908160138
55 10.60103717383915
56 44.95076275386837
57 -2.2696859679135235
58 8.689939697391829
59 -34.408296251348304
60 -12.473853734938865
61 -4.861950433579368
62 -19.49655561586199
63 -23.942777555242326
64 11.300955724240636
65 -9.03878061254069
66 26.92742572597015
67 3.759606680020497
68 -27.98102670018654
69 35.10740554178399
70 -18.373934740589863
71 -2.0647102179026944
72 -26.051472739329125
73 9.957571599826016
74 -50.713359949914704
75 27.090167571708793
76 -64.42564407254402
77 -4.764301985675959
78 -33.95493422992306
79 -50.179576143631614
80 37.01658559002603
81 -27.71971897665638
82 54.64882507398314
83 -19.664429084460135
84 15.461078070214693
85 28.474897167145304
86 -14.509260836511928
87 75.02717196287034
88 26.745009385841012
89 15.021591730770027
90 -1.1695337354168671
91 4.9657915403797
92 17.839519964094734
93 -79.7170098445231
94 56.732438583176105
95 -113.9766676450099
96 23.872555716749233
97 -1.3461188808895679
98 -71.66765908146695
99 28.589702131311363
100 -51.7553487482974
101 27.503624514899396
102 -35.83269509970104
103 17.537017449395826
104 5.12647782654823
105 -1.9215813491333602
106 15.619583776055627
107 -19.715015083985925
108 10.648675944068367
109 -3.1418777456334115
110 30.091172347412172
111 -21.839000716578138
112 2.686964466849928
113 37.99838562953601
114 -6.336327286228013
115 33.25750588745426
116 -68.11179779844798
117 60.65115058672153
118 -11.527162015885272
119 14.582574156079906
120 15.957815648708534
121 37.61542061122197
122 -26.771857190269692
123 44.27100634270897
124 -11.86304343538944
125 10.824222601117663
126 -0.557211191776876
127 0.0
