0 0.0
1 -5.9524231764156275
2 17.46907035068844
3 -26.391618478295072
4 25.234462753909984
5 -33.27231438645875
6 -8.792005539176493
7 7.391797131772483
8 -68.7077596485591
9 19.043355069619754
10 -75.02482460302242
11 -9.01720748103373
12 -75.12926191310386
13 30.219955505841472
14 -108.95815394519866
15 56.452418124334
16 -76.9401910391068
17 22.317813360149177
18 -65.09540597268227
19 27.62462321404333
20 -25.15191089856211
21 8.037049414642068
22 -13.157924924990684
23 -3.8459530723555537
24 -1.8966863314755242
25 7.4678000255691765
26 -7.385630822279034
27 -26.573188612421788
28 47.58485294978225
29 -65.83092953157175
30 66.28849314244286
31 -24.50329677140114
32 55.05524760423141
33 -12.62724812251825
34 33.62150475162077
35 40.704242706338135
36 -6.393564241736917
37 18.238338957290914
38 -19.238988805132415
39 -2.78642891982216
40 -1.5047031321938182
41 7.439595092499915
42 -19.65154770570751
43 8.478015583240836
44 -7.0763778896515594
45 16.14759621263879
46 -13.248538845694402
47 3.435150440883603
48 -2.6360307516501313
49 20.928908256191797
50 -6.5511363897258565
51 42.40425190365217
52 18.93074588276126
53 -40.31221402598007
54 38.17293663889244
55 -17.33207733899903
56 -4.355951948992433
57 -5.097953198752803
58 -59.85238149035852
59 51.48152653804861
60 -55.78136567028105
61 34.31017302875914
62 6.4321361034652815
63 -71.45246661208161
64 57.539733747835825
65 -77.05760011360346
66 64.06487725922031
67 -23.33729012307544
68 -17.949958783574385
69 8.462147036379761
70 -20.140606973837535
71 27.27004295940767
72 -23.941530101207256
73 63.47312845733644
74 -39.29613764605997
75 29.71993685793365
76 -11.962268312241248
77 -22.562576592261625
78 23.448599177861134
79 -74.451484602045
80 18.91305321561099
81 -41.96649346437412
82 -20.839356981067894
83 -19.60600594676839
84 -37.117311515744234
85 31.45913627182583
86 -46.665252181303586
87 27.957914585573075
88 -2.6466951702458337
89 7.628133537396563
90 13.120365850588623
91 12.260913799707694
92 21.964398258404966
93 -38.990511802992465
94 31.799092093674194
95 -34.58244148855778
96 -2.850240323691293
97 1.6351799995673746
98 -58.97105909053713
99 30.836750836204008
100 -47.91239038209426
101 19.374337565021047
102 -47.83222496768836
103 -12.794539931805998
104 -12.289456258571342
105 -23.697724095060043
106 14.077869160572115
107 -65.1103982892027
108 28.688064524276733
109 -56.28614799589815
110 25.351574926178543
111 -23.079323601846347
112 25.934409106973572
113 -43.37449671053604
114 8.101967146361766
115 36.35255689701568
116 -35.693014000682574
117 53.294871570038424
118 -28.681927625730093
119 84.3595429743422
120 -35.7040445070605
121 74.23997765338717
122 -1.4371062013151463
123 44.44995767296534
124 7.129853075308886
125 11.501407407256076
126 1.3253027793895074
127 0.0
