0 0.0
1 -4.824480001740258
2 13.120306036662697
3 -24.23050823127884
4 0.5272059630093657
5 -2.839817162845536
6 -15.611611423050478
7 -14.113155015279554
8 -9.419830384363815
9 -16.86892853501017
10 -39.7029195979976
11 6.2924303047865955
12 -52.12562235280461
13 7.551373051108454
14 -34.68072377398431
15 18.7419570490225
16 -7.308136517736103
17 -22.729226382639883
18 -22.66692912725326
19 -40.46984367391291
20 -42.23351377322324
21 -6.434129258601457
22 -56.032921331150746
23 8.531400952754874
24 1.8283479064870993
25 -8.543350897646533
26 68.81452241836318
27 -1.628168151292817
28 57.38371973916382
29 14.455140332879727
30 95.6633559171578
31 -5.7495955431442685
32 60.18513636366408
33 -23.167305886525856
34 28.87010124941554
35 24.32655663914383
36 -55.77217371830076
37 86.35115613400967
38 -58.85306358034245
39 38.92154174979408
40 -38.67030322040219
41 -20.283961524414103
42 12.078050182233293
43 -51.80997895881995
44 11.951382668209032
45 -27.13783488853257
46 -7.769565561550779
47 17.989836350552267
48 -55.28430339152643
49 61.81102949910849
50 -40.18604505308225
51 26.5522942333078
52 -25.642966507198413
53 -2.259774829026903
54 -34.622606379145346
55 2.3182193269367324
56 -37.939547449399015
57 -3.669734635041942
58 9.693110203914669
59 -54.83175452707331
60 29.285290647315957
61 -46.21571658936932
62 24.591477239706382
63 -47.33964146854594
64 35.658131141921444
65 -35.46453715042083
66 28.97610886404891
67 23.6674427086885
68 -0.05155871871636149
69 37.32678579032785
70 -12.039816732330069
71 -1.5774801873309185
72 -9.797602150100959
73 -11.496665503544746
74 -4.376591255276214
75 -32.21590442345411
76 14.428553181319023
77 32.8756767070647
78 -6.406224406979798
79 40.72632945820405
80 -29.64327594502077
81 59.81797196611746
82 -18.195239523456713
83 14.344458061713523
84 -3.2612562805086727
85 18.514263792622117
86 31.701595275610718
87 -2.8848996095897292
88 79.01078789468328
89 12.136966922121452
90 -18.14435388337004
91 20.429314047295097
92 -41.27117101106977
93 -0.7499813504581082
94 -20.560678569046775
95 -10.532781490432345
96 32.28427237887467
97 -47.58060893349373
98 30.448343408977326
99 -54.656628115864194
100 31.860288454266215
101 -52.99125322888731
102 -2.4194299681499096
103 -37.304928191762045
104 -20.018779374122833
105 -17.093314047290555
106 -55.03312233329622
107 30.656879711485978
108 -44.50797794446157
109 -2.254819081756338
110 15.00932245440164
111 30.641752739047224
112 -21.039740374157912
113 62.315256083701605
114 21.442796490978328
115 21.04611322257199
116 -23.09426889254871
117 70.54604702637434
118 -81.03653958094718
119 56.05995182167976
120 -44.75732557991719
121 1.0000474619378743
122 7.328374039475692
123 3.924582314256452
124 -3.7943780701355445
125 11.247723240207284
126 0.23123359188285217
127 0.0
