0 0.0
1 -4.7271750127715535
2 6.154635337104767
3 -15.094069031860267
4 -0.21188921576515599
5 -23.44467066036256
6 1.8501674881819263
7 -39.10156537640918
8 26.23805960768595
9 0.5765363273816881
10 -22.21701322217587
11 23.806849140431005
12 -42.83803090829021
13 -15.111053102868079
14 -10.842434372971413
15 43.34800554663126
16 -16.750474240183514
17 11.882154668173218
18 25.609377087133232
19 33.053208788858704
20 -8.749938835874099
21 38.30049504190773
22 -40.91314527935765
23 -33.024414351130396
24 4.556190191833447
25 -36.53849898448286
26 -7.193697667636792
27 -67.23459537904036
28 7.125607535304746
29 -50.52024217664218
30 -39.85392147202634
31 28.501660596171572
32 -64.57496989415866
33 31.83886027493173
34 3.339310283543358
35 -9.529420596256722
36 8.085832420175043
37 4.5159971332447215
38 -26.53310716243669
39 22.717317459458823
40 -9.937997537876912
41 -9.527020161536727
42 1.1702638010546502
43 33.53397460591025
44 -46.5387571942515
45 45.5186572710581
46 -2.890116125505986
47 -46.990222041276986
48 53.452304529673604
49 -7.287015385786033
50 57.69049117916617
51 22.622479424451274
52 20.93552437058617
53 47.32247923668279
54 -6.687069111292544
55 40.49528383362309
56 2.853988179660243
57 37.97883006630986
58 45.9726917207148
59 -3.1108868998637313
60 50.62176020631921
61 -44.31591855760658
62 19.172757424147697
63 -55.943995617525374
64 -6.975047962520919
65 -27.26042379525858
66 -13.109242763791249
67 -27.363307871147107
68 -22.31423633565446
69 -1.9887637866026209
70 -61.306189432562746
71 10.13129686431884
72 -25.137528470448242
73 -19.849496179638805
74 -11.916459965229329
75 -18.193944191089436
76 9.440278237276104
77 -45.54573268268654
78 51.18297622679024
79 -8.747139656972221
80 -32.3525014428852
81 32.22409165131027
82 -56.013223742691316
83 29.852452212447695
84 -64.69719712268186
85 26.04308290709191
86 -6.208384294527167
87 -19.884221280797256
88 -6.337754852580351
89 20.175361880583786
90 -42.408288595063745
91 34.94607552778923
92 19.589350197184185
93 -17.28958012240382
94 2.5921644154567125
95 29.352066075439126
96 22.232115356944217
97 7.552952946691777
98 21.75927797617921
99 13.65601701636953
100 -11.11169809400029
101 30.71698043677979
102 -8.599956357755444
103 24.54424242083818
104 10.622808939056497
105 -43.896410008782865
106 75.0043220056553
107 -80.13596627093489
108 72.41526749171034
109 -22.99940692888994
110 13.777680505292834
111 12.59154452972911
112 13.039310889018836
113 -23.739910378998214
114 -5.446382686749092
115 -25.84175986008096
116 -4.600598081422306
117 11.2173827789413
118 -37.38915442578042
119 87.26295266524087
120 -69.58147136710993
121 67.16145636877556
122 -43.278350016719315
123 38.309324157604244
124 -7.320274384485056
125 7.097729001893903
126 0.7921350046742631
127 -0.0
