0 0.0
1 -3.6540080228975755
2 15.787222746057289
3 -24.356552694770894
4 8.76088184580738
5 -36.857479360893805
6 14.60184715357295
7 -60.33766070041262
8 16.932789415012387
9 -77.84782320469202
10 11.571945494468977
11 -99.08684100661222
12 -7.727489598781809
13 -43.69322418804361
14 -23.636910473830348
15 15.925853682030182
16 -65.17794195971705
17 55.707913344422444
18 -79.6622937146784
19 97.80841631926583
20 -90.58019937685454
21 40.738017387787124
22 -34.38591790437575
23 -16.790948456554098
24 49.71329027880353
25 -36.56847622657794
26 15.592761023604096
27 17.113629293244113
28 2.308304698155276
29 -3.533205579988548
30 20.963924340165306
31 -15.52355797863979
32 -29.127926044928266
33 8.098488490401039
34 -14.296337584463675
35 -35.33841803368371
36 -14.595492798051282
37 -25.943610749813224
38 -48.9818410916668
39 26.435875259615795
40 -36.490483269633785
41 -52.32775483587724
42 17.56058325815896
43 -8.344299229841004
44 33.99501089444154
45 9.791416117025378
46 -31.449232945599334
47 30.84152604564706
48 -12.094535620425669
49 -15.178626155551092
50 41.65906644925902
51 -5.013864243545008
52 63.39808906324178
53 -38.991307327079845
54 28.388361712872122
55 -17.500851399429237
56 41.20483409597556
57 -1.6978690382874284
58 17.45234629320138
59 1.5434816803398996
60 -49.12255907127704
61 4.2367950992095125
62 -26.367858975715123
63 -14.960330706836253
64 18.707377620211087
65 0.8255732002493598
66 -21.329995080815053
67 55.9594083096214
68 -12.408646590378185
69 39.22987717120713
70 -45.403977274261436
71 12.166957730847919
72 -24.007178981755626
73 9.144022358687664
74 -5.20861016001507
75 -1.7353714560818687
76 1.8255730011851106
77 15.837852425275962
78 -17.593195586808072
79 -19.719314123930253
80 -3.275710865437381
81 6.987239859810101
82 -44.834959922262414
83 27.583357349298346
84 -1.3683975183135613
85 -15.893997905140685
86 47.761657275817754
87 -54.62258911973867
88 69.75173029568603
89 -63.52913592388687
90 13.412979468630978
91 -27.852879098645612
92 35.973939267794044
93 0.8272023912607565
94 20.498423156514296
95 18.36236471195517
96 11.147441319815767
97 61.710423483157406
98 -34.42261322396406
99 50.74373814258394
100 -55.493751269380695
101 24.185158337290837
102 -38.13731060746187
103 -3.2146448904939784
104 -54.82828568924112
105 33.501490710498786
106 -12.747161884210469
107 -2.660699604431306
108 -0.618863574502604
109 10.2122340741292
110 -1.9876749653390706
111 -63.21974224873172
112 15.780450595994475
113 -84.29291222564441
114 30.261509156094192
115 -29.28617282323056
116 -5.41782471845399
117 54.23147037263959
118 -27.16360688007698
119 76.44416815212067
120 -26.110041167910737
121 60.22778646632282
122 -3.8752808419014664
123 30.250371784509753
124 -3.5772767463649724
125 15.134927433834788
126 -0.8146854356596843
127 0.0
