0 0.0
1 -4.846599409322501
2 15.97892320595856
3 -26.927008166267033
4 3.320955287814988
5 -40.663719262324015
6 -10.8246012336671
7 -84.82609821969908
8 12.725409307953802
9 -80.63917507425529
10 -40.70077729830783
11 0.25094110356116167
12 -60.13543472211738
13 18.071240177304283
14 -76.8788671580069
15 21.815853281506683
16 -101.73941801855405
17 48.99424337630918
18 -44.8523498584388
19 -17.03940112199773
20 6.239826126453069
21 16.542448571266892
22 -9.201425972760859
23 -8.2077976869015
24 54.8404961448133
25 -50.9933973602351
26 55.80583657669054
27 -9.242032500051424
28 3.278507318284785
29 79.15286469707699
30 -20.924589295253412
31 50.98021117381075
32 44.693693365418426
33 -7.585375730683468
34 36.57669313751208
35 13.032291569053653
36 33.20918795214822
37 9.413758584209114
38 10.252692849693418
39 6.0687288734354174
40 11.423075875680626
41 -29.24717669705558
42 -14.617785759708376
43 12.007995556925312
44 -51.02648456891433
45 54.70851222738597
46 -15.711885669111002
47 17.198509661704286
48 18.5034252137551
49 -31.681112003180925
50 -0.7579756404176758
51 -15.111994766348563
52 -37.0253110706402
53 -5.220324457906925
54 -11.15714029350869
55 17.06577279096245
56 -9.486337284143605
57 -29.886315919781765
58 5.380197706489908
59 -12.622734701376555
60 9.677193246630983
61 -32.56717097642972
62 -8.676204939920378
63 -37.309774456166714
64 32.802930988070855
65 -40.95992994518168
66 6.596038633062525
67 31.97058756465544
68 3.6838283210467693
69 5.19062452679504
70 21.225428607879756
71 -8.107523538028772
72 -5.463174638479326
73 -25.432174498887004
74 -4.453991566374197
75 -30.23865893455277
76 -20.487477764933427
77 20.07017541251744
78 -33.819887132161924
79 33.81155387092842
80 -58.91100949899938
81 10.072811844787585
82 -4.697001729497592
83 0.14594895606183172
84 26.76764718524483
85 27.602633897658222
86 45.301768375192374
87 0.16142969033501298
88 30.984495743887763
89 16.64673187255764
90 12.418988233171104
91 10.635636621072853
92 29.969490249058644
93 15.476501996553681
94 -35.73500972671117
95 53.86832548291463
96 -54.15516802226554
97 -18.631795262082825
98 -16.270548249118136
99 -70.0812770361503
100 46.18255561654582
101 -89.50321556545651
102 -4.294424913093922
103 -28.88513036102802
104 -7.692756967404954
105 -44.56347460182012
106 -33.35569512176905
107 -5.299580458020456
108 -45.300153432657424
109 17.912155586730698
110 -49.63719207129554
111 32.48613940225129
112 -38.89385555477662
113 28.933476654255138
114 7.221292942280322
115 26.133445229538307
116 48.646770109580395
117 -47.23909154948833
118 36.12798436076776
119 42.80537108482657
120 -27.545741068328173
121 93.5494320266837
122 -42.133656241813846
123 60.48437723787157
124 -8.739790077892776
125 15.304096071937433
126 0.5987913634643741
127 0.0
