0 0.0
1 -3.812036437989382
2 11.119414419989994
3 -18.03906935127123
4 19.437194855185364
5 -41.13493575398827
6 34.42111631184635
7 -60.88885195402328
8 -10.087461558426295
9 -44.42904102248828
10 -57.817763442983114
11 -31.857949987480307
12 -49.59603092082512
13 -31.529104744767533
14 -58.49015827588573
15 -18.742878702331254
16 -25.52547087077423
17 -22.96200144626018
18 -8.18953513930521
19 -29.31739561317144
20 32.078536698637954
21 27.85677283400478
22 10.466904052484521
23 16.70804989521
24 -19.190979790412282
25 66.03494395421373
26 -69.7023925492219
27 43.51711154315719
28 -34.07044522030702
29 48.7965956246596
30 -25.734780903618166
31 -4.660433688154261
32 -14.453789092441935
33 -20.683043283418623
34 -62.16590905743469
35 13.162043363230254
36 -53.77109740631761
37 20.94763043308237
38 12.441710009284911
39 -29.938824603759148
40 47.69087371071298
41 -37.94401328999851
42 25.703379569206344
43 -33.87349324862088
44 71.66002202168794
45 -42.557407518853566
46 42.53321776533304
47 22.80561021985273
48 8.99314233568576
49 54.110268981111766
50 8.166737230861242
51 28.82196814844757
52 9.986902812691937
53 -12.758131066027419
54 -13.262205311321328
55 13.602086871527563
56 -17.838603700793307
57 -10.072013009188765
58 -10.328913174530589
59 -38.09153768671946
60 -33.08128081682193
61 -6.79122540401623
62 -32.93784104590883
63 9.43992063351718
64 -9.831572108364236
65 -41.17769618072916
66 -9.406156913359963
67 -18.53224440055166
68 -65.71122002648404
69 39.5563190338055
70 -15.594111682111304
71 16.0250714399401
72 93.76024543245592
73 -35.75319899409842
74 55.860733241066626
75 36.022873582464165
76 33.52650979372365
77 -0.4030471790820479
78 23.66139882073056
79 26.628320906237434
80 -46.329211063012636
81 36.62664585464428
82 0.0009686559619085952
83 -22.47440502829369
84 50.65122366165475
85 -67.11846378003588
86 -8.18135340411348
87 -12.560990177707886
88 -97.90307950666401
89 38.317060156127006
90 -94.26857687430015
91 23.39619401397889
92 -26.493932797868915
93 -25.143705141738035
94 25.107530361589607
95 -33.52089632148166
96 21.976828205236103
97 3.569110965504746
98 30.46473395743961
99 10.71025643152892
100 63.98235782087419
101 20.557559782746154
102 49.8541395791051
103 23.662784190848132
104 39.86794255356245
105 -0.13849357633119228
106 10.605809411293585
107 5.288996780844715
108 -28.646164898408717
109 34.057486638174446
110 -38.97888292671724
111 11.120396952469148
112 -3.16122312521568
113 26.784737270395073
114 -23.715845084303844
115 55.42948807278617
116 -34.75878067440202
117 30.411114629610204
118 -70.7582381442877
119 61.27157792131183
120 -34.13961903611055
121 15.882521561963765
122 14.577576288026087
123 4.265216722678902
124 -0.1728250415039303
125 8.505331769966677
126 -0.02950471186650722
127 0.0
