0 0.0
1 -2.88809704487594
2 6.119911813217108
3 -17.71237486832781
4 -7.369551464033905
5 -16.59650744474102
6 -2.6195380579359115
7 -7.148046100485316
8 -18.495954200410296
9 -11.567351926757649
10 -32.28666642860593
11 -11.317297110296073
12 -68.79525392506342
13 -22.953191644269364
14 -1.6610403916415966
15 -117.01116228675255
16 40.87205134837559
17 -88.63794161599041
18 28.342796472947672
19 -27.89631698387035
20 -5.074365336850964
21 79.99645901359075
22 -86.47002751625004
23 86.10248687926118
24 -68.82475597636828
25 46.97385306062208
26 19.08284855869833
27 -15.253505173727453
28 18.292836475165203
29 54.702199831611004
30 12.257944927874018
31 3.290867856770189
32 8.147560546192931
33 56.775682358428455
34 6.686889395401493
35 47.28262166726359
36 -12.200967213170323
37 5.64683315597499
38 64.18578606101063
39 -27.74068979999525
40 56.6803764844539
41 -8.00999064678837
42 -16.1611234174715
43 15.70458485090152
44 -24.47321330339094
45 -12.076117470830816
46 26.68498708079829
47 -77.2647382530559
48 28.264573736480873
49 -35.07352949997076
50 -35.0739022215184
51 22.433256772608672
52 -13.626176462656543
53 -20.772739989071084
54 -1.5191475217029493
55 5.359819673465
56 -25.93865158514155
57 -4.747822429715413
58 0.9999021642239775
59 -15.316502791470029
60 44.99935298216165
61 -5.090626345476841
62 22.751631715735236
63 43.22512993092036
64 -12.47144213004188
65 7.913369713699848
66 17.146600642631736
67 -4.0637742723462935
68 -9.387130123920631
69 -17.700262643835643
70 -24.778332525948294
71 10.505556606087358
72 -24.38933037989749
73 16.365505202771942
74 -47.40294358136305
75 23.315841624440615
76 41.04138868425469
77 -46.83018528140094
78 17.03749327815826
79 -20.287105424215266
80 22.613110438099657
81 -40.045538490623436
82 15.362002561750561
83 42.34359372145039
84 -80.46239330129194
85 105.89101830576327
86 -61.51096133608472
87 40.88285942351126
88 18.611858628651657
89 -3.300432832397744
90 45.503965518368005
91 -46.916326865194236
92 39.8798098312269
93 -16.03859487312361
94 -4.1038064351551595
95 -4.851305693535222
96 -8.382456493997534
97 -19.247992298846327
98 9.900318426434776
99 -60.84878629684522
100 -0.4462781345242518
101 -13.425862564273862
102 -35.88650427554798
103 12.26380373940383
104 -3.3783505318700304
105 -1.695866089467777
106 6.957809954521555
107 13.397991511776306
108 -29.561446711394026
109 -4.9700093136965275
110 -18.27252020889528
111 -45.80797382555082
112 1.514748483008797
113 -37.52376742210127
114 -36.0648386395864
115 -4.6986451860679965
116 -82.05024165021159
117 28.909975085749124
118 -26.881199634151205
119 -0.06042916715982498
120 10.072089846686932
121 4.3749824782081
122 20.290472725615643
123 24.619769993774245
124 -2.9114576006455724
125 16.447279933090762
126 0.1689603848844494
127 0.0
