0 0.0
1 -5.418689350779904
2 16.060871830135618
3 -26.35545229318759
4 4.633956374305423
5 -25.8359957008431
6 -15.362693919941913
7 -14.772298001509427
8 -28.547868248675634
9 -21.84002319733628
10 -38.34938895939038
11 41.45110340884155
12 -77.3123690700438
13 49.498121044378834
14 -59.546823307600725
15 14.83010583221558
16 -33.07952049857514
17 43.99177053495714
18 -22.22419817550854
19 -20.349423535187928
20 17.904700180857677
21 -20.19296941247592
22 -23.28354812985212
23 27.413861245929503
24 -32.36298648489295
25 -5.534338642014281
26 -8.345604018435493
27 -16.26051239727431
28 -35.40625931905066
29 -36.423547825632845
30 -15.847714765941475
31 -72.98462156983202
32 32.24760616960391
33 -56.22883714548225
34 -15.914651968107064
35 -4.258248642604534
36 -13.437355078691766
37 6.150056817115539
38 16.42522346044132
39 -31.442923361399497
40 65.67976959424195
41 -16.360598765354734
42 15.967967698320706
43 39.08499975853433
44 0.5552246988412974
45 30.56880150454259
46 -9.970996267895035
47 62.29464592905956
48 -87.28765312740126
49 77.72151863666078
50 -47.05074927929279
51 19.482203294949286
52 -28.490447895445485
53 -4.820149164815086
54 -16.189278227625493
55 -14.571379752269316
56 1.0080081043794629
57 -23.316426362367526
58 -26.59719551873153
59 -27.73243259499999
60 -11.606888178273298
61 -10.474604127334297
62 8.549518711264557
63 -10.30108465790681
64 7.662352890498705
65 29.89918739663804
66 7.629082508706819
67 -11.192059095108503
68 70.33887216787797
69 -18.84108743297342
70 52.32080591529928
71 -9.2624532513701
72 25.15266163241156
73 -15.552693121873865
74 52.83974344637646
75 -11.305109095750382
76 5.128785026953349
77 25.050615754136764
78 -52.67186018724843
79 49.310699799364585
80 -40.96485414724787
81 10.985442177929617
82 -5.840666137279407
83 7.507302125493885
84 -10.714984530623767
85 77.63601248414753
86 -31.936710781675878
87 8.976910553808205
88 23.50651501416049
89 -41.46920659199021
90 32.12039918865391
91 -49.906112734543086
92 5.95136767687517
93 17.37916185562686
94 -47.28036751512014
95 -1.321795574623941
96 -12.121832215402245
97 -60.269892408901526
98 32.07413733236345
99 -56.21769095878646
100 18.306236491480366
101 4.057532698981963
102 9.79773271035444
103 -5.25944838030513
104 43.75743600378335
105 -3.4355490022709154
106 31.49545305696712
107 37.111953344971546
108 46.28657327867436
109 14.62173348723837
110 -33.7737624217767
111 32.65241682104201
112 -82.56109556108144
113 80.99307536574487
114 -63.3630844159569
115 -6.186556880473717
116 -25.279789549491394
117 3.2996848130835406
118 -36.455167221394284
119 44.957939628354765
120 -34.42705798480475
121 29.832121845230837
122 -4.046773065644452
123 15.1066899845538
124 10.198806233560871
125 9.47192277419284
126 0.8905705977429715
127 0.0
