0 0.0
1 -4.788577674708827
2 9.17385908550537
3 -15.002458940114819
4 -13.565133131310047
5 -18.107717705720162
6 -13.164655315329965
7 -60.86142176142679
8 37.74539898862736
9 -12.671787350029852
10 -10.756624995807373
11 25.033445028442063
12 -64.23884035290554
13 -26.402913921381973
14 -64.47598217246465
15 -7.198527383881455
16 -73.52494864603294
17 52.4653138795574
18 -94.22026344319806
19 31.006719522453345
20 -3.5697216078197407
21 -52.81520585499946
22 57.3612999228243
23 -58.671687804898546
24 91.68271165232969
25 -30.861152527210514
26 21.05884764130772
27 -45.92134228550721
28 31.280068235465077
29 -42.25399486153067
30 59.20986198238819
31 -23.909677282955947
32 -7.770651148844995
33 34.62410971922792
34 -15.422890036187926
35 57.85778824780993
36 -28.084140304150246
37 8.996757340308948
38 -23.546114727832503
39 -2.129947072807254
40 -8.60970944985697
41 59.916807804514455
42 -77.25670351397267
43 64.72697561843427
44 -70.55884098754737
45 19.59582169604724
46 -12.067013478035669
47 10.883965709040405
48 8.128335639917804
49 -34.5627137537429
50 44.98324702764097
51 -72.94824127895083
52 47.20059300022096
53 22.15341793971419
54 -25.483653117439253
55 45.707950559944365
56 -9.379441501251334
57 17.753769602639448
58 6.7768727866985445
59 -15.652048400461746
60 38.037810003313815
61 -18.63474853401574
62 64.1075013563286
63 -54.09475519363433
64 39.714029537565814
65 -29.27992003206745
66 -8.87836861899841
67 -21.916788177519077
68 -67.8843486612698
69 1.9180492237684563
70 -59.44113537526834
71 23.83368359763051
72 -81.96110360678801
73 13.967114771313648
74 -49.555936764770045
75 6.505222341725479
76 -49.60648457438276
77 -25.260633738163378
78 -30.08727880775638
79 13.341971350759362
80 -0.7063625078117566
81 -14.935117694076864
82 46.35543998073957
83 -11.80819323069182
84 89.88194203763973
85 -12.422720698643353
86 28.967264458411066
87 8.788634512594012
88 43.72611472604735
89 -4.836638776091407
90 26.086760072902916
91 -36.78225340388725
92 22.89103285943406
93 -23.17477253971399
94 -0.6959271447807246
95 12.498517048505391
96 -23.221007080890846
97 23.31949247342602
98 -59.29347015767243
99 30.960925218764388
100 -10.978671179562928
101 -22.499292148249985
102 8.929572701631027
103 -44.66654936863135
104 -13.722502143771806
105 29.515224184399873
106 -40.27636225091222
107 42.098359554968944
108 -56.046581770314724
109 33.725979822573805
110 -54.10426239757753
111 23.90608103236161
112 -0.46555425826325375
113 -9.16676072523605
114 32.017515775583256
115 -53.77218746404997
116 39.151792455254025
117 21.882685893925817
118 -17.30554502414321
119 31.804700592902325
120 -0.9524323506483642
121 48.31357993965689
122 0.2864336490366896
123 44.21634557272446
124 2.225268803724176
125 11.103229573936982
126 0.968178046069612
127 0.0
