0 0.0
1 -5.873310210236304
2 12.586846515503211
3 -27.529520668285613
4 14.410264631481345
5 -21.71143498145779
6 -20.390678806763816
7 10.773879514275034
8 -40.150809765069276
9 -32.8409251124471
10 20.00237127737467
11 -7.844841429626802
12 -67.16851296661099
13 54.30086921534274
14 -17.01207038230891
15 6.440672718117258
16 -21.617658793290897
17 14.947566954576875
18 3.6189827807730626
19 -43.20075276474895
20 0.8050678299218366
21 -18.736366674616715
22 -24.014398288947547
23 -27.80545587171853
24 -17.931801369175158
25 12.6313751005855
26 -59.05939741746955
27 48.28696640174787
28 -21.83207765640117
29 11.389207427352801
30 -0.20260895243273663
31 -23.85606930771614
32 21.587501337657606
33 25.319139483006985
34 -55.912489254191506
35 36.6732030627919
36 -6.1658004389020045
37 -95.27083287702264
38 37.3761972694744
39 -44.20954582954318
40 10.884712126388239
41 -6.0352141211736265
42 -9.131543274094494
43 -19.841936347009703
44 -48.78848774837701
45 -27.3847432888238
46 14.059759937568659
47 0.6599965771062816
48 4.1017258654439015
49 23.36498580984836
50 -40.93429630032619
51 16.71274131512386
52 6.855180911879937
53 -41.40831313136738
54 48.815008049851706
55 10.240623337793119
56 -28.55337721355342
57 23.93028394479772
58 -10.181922399599436
59 13.603634262779844
60 -15.473784902515254
61 16.27513388266751
62 21.94472543034798
63 22.593386576993577
64 22.23356038443707
65 18.256437625982525
66 61.74535227013903
67 0.3833116184047491
68 73.31313141277512
69 -18.30978991170177
70 58.959215685139604
71 -10.974994617568322
72 -5.108208129577945
73 31.199797410584665
74 -41.52491059538288
75 -14.280625871411125
76 -13.52826544494069
77 -38.984607574116986
78 -11.8140226127082
79 -12.526358524043706
80 21.1341706547056
81 -24.280879811563416
82 8.032598621254508
83 26.643122278020833
84 -45.438720731991246
85 41.18400496011062
86 -51.21439402119199
87 36.224944427336304
88 -42.26498162744676
89 6.936127135113572
90 -21.791423156106656
91 9.856665819306233
92 -41.247527854929395
93 39.089962231834875
94 -55.26379581617473
95 62.43126404673093
96 5.211328571927585
97 -2.0735044464299177
98 51.94179432226988
99 -16.23611620155699
100 43.1952230771044
101 3.560640274601932
102 24.480069436123284
103 -26.72145196589811
104 9.905409885502081
105 -46.19444011805704
106 -19.217491465078183
107 -8.680576277791209
108 -52.68222604171695
109 -16.1972113169701
110 -31.893899207406406
111 -22.289015702431183
112 13.638108271935623
113 -0.5808713659520245
114 -14.232467412598922
115 6.521172543504275
116 14.909384826461988
117 1.7420897331369505
118 35.315366801184226
119 47.21356080239486
120 -2.6972403378860528
121 49.37324515425649
122 -14.551772031474046
123 35.553681703472954
124 -3.756802553787736
125 13.15928836939506
126 -0.6763006021633652
127 0.0
