0 0.0
1 -5.530726041712736
2 8.104591808546818
3 -11.693628314417378
4 -28.305608561187658
5 -22.013665495042684
6 -35.87592377640929
7 -58.2999531136131
8 -10.066411012533745
9 -26.296187972297687
10 9.735002064666352
11 -26.228215420506857
12 22.16849020813254
13 -19.50053312698453
14 51.62120740624988
15 -13.926659384602408
16 -28.484580610253552
17 47.03197415067894
18 -44.53412177626151
19 -14.412788479340259
20 5.936262949884696
21 16.689308251269477
22 -42.18193828606378
23 72.79386383407329
24 -56.78372819879191
25 45.77752921237713
26 -44.71239993648025
27 38.537627413822506
28 -57.05600339419828
29 18.88182048123089
30 -20.784459378356743
31 -37.26250973907623
32 35.45978931151255
33 -58.881763319037134
34 32.7675326955276
35 -48.92512541642906
36 27.470432302545383
37 -2.0202654374353832
38 -5.53685703818247
39 -9.826418522004902
40 23.689326301976397
41 15.023371826155161
42 -11.313042767811247
43 20.17944554629221
44 -17.656347305619985
45 -11.212428128124037
46 56.81433182263725
47 -34.16582770727928
48 53.28499855068826
49 25.060712326110647
50 19.900736828127013
51 -11.335620896461975
52 26.767157673092406
53 24.939386219285282
54 21.880841262480864
55 11.806492717878768
56 52.34682600384152
57 -3.9069609090001958
58 1.597821077151165
59 50.5103523475594
60 -9.44235890621653
61 49.24539015841404
62 -46.50488512857246
63 30.98557321006489
64 -28.999737311169334
65 -21.779693817352033
66 24.45595393630673
67 -53.758340819916214
68 13.069990034261489
69 4.301030678139617
70 -21.484343893737197
71 -13.313051314445843
72 -44.507807894955036
73 -52.95799570644246
74 -64.21120542215957
75 6.27071513565547
76 -52.89144925154335
77 0.1442791974552393
78 -49.787664499210464
79 9.477340036905877
80 -50.23023160884419
81 41.74887949041184
82 -28.313304722795156
83 -6.974568256098908
84 50.04808500619672
85 -64.59425861086433
86 51.668861392943406
87 -68.71092208537995
88 28.731368800390136
89 -28.987949783174027
90 31.233446123679652
91 8.1188789138401
92 -5.591428759358138
93 45.10874023484199
94 -30.05608611742775
95 8.1082763847532
96 19.099835594396033
97 -46.395864143562996
98 31.123361844011797
99 -54.12841773057353
100 12.735507350194176
101 -5.494893917166002
102 8.953315929546763
103 29.423455181296386
104 12.5562606420918
105 29.516903126968614
106 -20.32712964586549
107 65.12087592315552
108 -61.02036636604822
109 47.63220217413358
110 -65.23121418131112
111 70.15238956007894
112 -72.5346721469588
113 58.153917824647614
114 0.2901263300276549
115 32.11678441433302
116 29.707671441696935
117 -3.2303344434141485
118 58.04180484457243
119 -19.803742488808783
120 31.187597044123766
121 30.604422317061307
122 -16.86446269671388
123 27.091213706866206
124 -1.6329874339374093
125 8.034723470941673
126 -0.15769631617544808
127 0.0
