0 0.0
1 -5.124609240701523
2 13.980040757616239
3 -32.50388943145231
4 36.705977074904645
5 -59.15263915690133
6 28.439070818349926
7 -28.723022294563943
8 -7.219432828723022
9 8.309958957865465
10 -56.11017967644206
11 16.98164128275786
12 -37.060639578401386
13 -4.677613767578682
14 -55.832217011455825
15 16.616679441401423
16 -59.9670785404407
17 8.931794012105144
18 -40.57633208060267
19 -25.661112240929214
20 -33.50860582464618
21 37.20320777518132
22 -19.15997403192775
23 26.40473830842203
24 -6.095534703316806
25 11.057812783073267
26 -12.360594846539314
27 43.70550593734865
28 -6.706705493115154
29 20.140004114073115
30 -2.619855170523437
31 40.0240040887432
32 -4.187281449885468
33 52.25042880453566
34 29.01432009646873
35 8.521799350717009
36 47.712176576164794
37 1.9450221819550506
38 33.306637638392495
39 7.191572601597785
40 -52.65499195505627
41 8.953384538877092
42 -17.751758068100525
43 -52.92304573397901
44 14.228632221925405
45 -24.423910807414376
46 -50.321814121496644
47 -10.135677751108718
48 -7.482830524543221
49 -32.951105530035925
50 12.528567949137186
51 -58.58867811353536
52 -31.844573843402042
53 -25.61668569131839
54 17.17192892717536
55 -52.365991938529646
56 30.41169776893131
57 -7.453230695058198
58 27.43041923586719
59 10.251967391175754
60 -17.608701751101457
61 19.62977593074748
62 8.316996520403446
63 41.22614517524559
64 -15.10964465383906
65 48.551557398445084
66 -16.95794100275795
67 83.11142986796374
68 7.8261788040706515
69 -27.70572147839739
70 39.46075413165701
71 -51.74113789337612
72 17.13106544492919
73 -46.38477918153634
74 -46.27838415160485
75 58.708429383155426
76 -75.13708535164858
77 68.46179918740826
78 -14.707013698592446
79 15.398473885713805
80 44.037769913795984
81 5.762145939746589
82 18.112712601512115
83 -21.455739057383955
84 50.46869910479586
85 -25.120871290148678
86 40.68112086147877
87 -18.432028835149076
88 -19.599531408930183
89 0.34015388868464375
90 -15.098203133670935
91 -53.94515288637316
92 22.302197182869616
93 -45.7926259543995
94 1.5641383938731346
95 14.53406251322788
96 -35.75222067823667
97 41.7589032801004
98 -56.74199025064605
99 -2.537074626007691
100 3.5698630408046603
101 -42.86516038686597
102 -3.8825674368385177
103 -22.18505598715594
104 -53.48811574724197
105 21.483666271693778
106 -4.554303239860157
107 -20.68995188107642
108 -4.867706369998651
109 5.791799743544378
110 -15.514338935054184
111 50.65998353302255
112 -24.207961574166305
113 20.145027776521086
114 -17.604064584506535
115 -0.2063114619551906
116 8.449143734643448
117 -4.924274500570085
118 -17.652114101005836
119 36.43188521486595
120 -23.901683797544994
121 29.436558151327006
122 -16.690679209821248
123 39.07085384585347
124 -8.59971233651342
125 14.225540348133839
126 0.627377429420401
127 0.0
