0 0.0
1 -4.7527348339666595
2 11.739191083128329
3 -15.142866796704576
4 11.075188413919792
5 -0.784108015269869
6 3.1147376472640995
7 -5.440903189885046
8 -38.782948989626284
9 34.262508879929996
10 -49.64205234496394
11 6.467347743660934
12 -38.910691205264605
13 7.422213803721912
14 -12.933605393261587
15 -32.98090141167064
16 -25.095822527901937
17 -6.357554141102975
18 -2.4504663445233374
19 -14.512367630334763
20 6.269026960615227
21 -11.175358905161987
22 -40.94402978806427
23 35.72431980996998
24 -53.278744336962845
25 35.467658505123545
26 -29.55231610682201
27 16.974665771381876
28 -23.160391609772248
29 22.24588080438322
30 -46.055382922353935
31 15.835061589554837
32 19.476950793273993
33 -12.75607624022732
34 22.86949192096218
35 -38.05006793770177
36 31.8521109884902
37 -6.578088174956662
38 -30.688968215858345
39 14.571177480661532
40 -31.218206267209133
41 -15.258630712783525
42 0.042438787898784504
43 -19.17931143178242
44 26.38440037335128
45 -36.494376084149366
46 50.59766766812096
47 -56.26092766243857
48 78.28479938908649
49 -71.1862961764332
50 92.46398466180392
51 -3.5627113982909635
52 28.88864914889404
53 37.976791886259726
54 1.1820699066637894
55 67.84018342906772
56 7.89737836443127
57 21.855760896579874
58 8.687111606023587
59 -1.5707304420410915
60 -39.10493259332659
61 11.432552255911688
62 -31.17796751366722
63 -5.490044261591461
64 -40.81393402240832
65 12.775422492501518
66 14.242756622238456
67 3.013021496859075
68 9.014692597187109
69 7.089625523836992
70 -57.20285676786089
71 24.36264460261962
72 -96.73769426819531
73 -18.23790895419382
74 -25.725134164633513
75 2.6475716847636477
76 -17.6343772013969
77 11.310879660906469
78 20.707660527139005
79 -5.203482493732466
80 8.447889542570246
81 -40.610656892796875
82 18.160796262532372
83 -42.096179429356106
84 1.9593905277983301
85 -14.528031132385271
86 6.188248301958396
87 -32.788038280055126
88 13.44507695952205
89 -7.718876611517979
90 -57.82245944403532
91 17.10547325779059
92 -34.51117785830348
93 -6.642326169693618
94 -26.645046875042212
95 -31.860276329833034
96 6.64096253911902
97 -43.79839671441416
98 21.77367553333061
99 -11.176682385350153
100 -20.79918228675966
101 20.117730818232268
102 -10.376851951993878
103 1.642510215986067
104 -35.080754904774444
105 -4.512785793522557
106 27.0320421082253
107 -17.78326215051196
108 18.508813826322303
109 21.702576543372174
110 -1.750792621966603
111 38.87282533295832
112 -11.025478278243
113 38.734126372123065
114 -15.240926170989368
115 32.12018582305849
116 -26.760603700244726
117 43.02037079003613
118 -24.087927299615835
119 14.358332630639138
120 16.53560124079624
121 17.626628370038063
122 11.590684276751796
123 24.81381043955085
124 -4.439527850164164
125 11.103680754645804
126 0.17327298359830676
127 0.0
