0 0.0
1 -6.782125048819594
2 16.864366853509566
3 -34.821231602551954
4 10.648079266083549
5 -47.7259891653872
6 -9.810518941105139
7 -27.15134333787256
8 -67.31965225205722
9 34.33188016245625
10 -76.9182541652807
11 0.9332883027313392
12 -5.5189412766491825
13 -5.214819584118518
14 10.552526211504258
15 32.969487285309796
16 13.272649396759276
17 52.707843115800905
18 -23.53416417368231
19 80.135410112924
20 -71.90858878601468
21 35.952106624661056
22 -63.505930939611254
23 11.690123623857128
24 -49.335667654092354
25 -6.313394452767431
26 32.62407015264892
27 -40.473860538953204
28 52.59061817185004
29 -37.735442886036644
30 11.119182847060518
31 -8.067180223843401
32 -18.6960189202144
33 66.12903783641181
34 -52.75208273166731
35 6.356673417985452
36 -25.800219898866807
37 13.032320287326984
38 -33.40386148363595
39 -45.83936403661305
40 46.274530190726956
41 -77.17427166487043
42 62.884886054452814
43 -22.082276405496867
44 39.39546364460537
45 -25.544702188619688
46 14.159390196474115
47 -33.68262695040893
48 -4.609363751724009
49 54.525392887170455
50 -39.14531133969418
51 108.2123130172892
52 -45.90635431193688
53 36.713888489952524
54 -1.1106383396207522
55 -2.352184019115404
56 -27.71534900377175
57 -0.9421581151601847
58 -21.854426132079464
59 -3.923642037775427
60 2.611366256008622
61 7.639208096229548
62 9.755715901654622
63 47.34102314824969
64 3.4827116616732394
65 25.78219110849031
66 13.21196854652764
67 0.33144374275061145
68 -4.375911485039646
69 -19.68704795501593
70 -0.9758874409006152
71 -16.03335146128243
72 -42.01844234081483
73 -8.484203037720519
74 -26.94914677017045
75 -57.92062341772614
76 3.819999335604615
77 -46.955434762715704
78 26.927902377841942
79 -31.430087772280643
80 1.6201345859566418
81 -10.9220902785888
82 -5.5755401597520775
83 23.17851263006224
84 -0.6174044852663046
85 -8.0080208247904
86 20.420090487643293
87 -22.79098422057716
88 -16.606711576388708
89 -18.418419448538305
90 -14.834159462273979
91 -16.440788183437515
92 -9.212346060601167
93 -1.5823390471903938
94 -10.984352585812104
95 36.04621889286879
96 28.00769675811007
97 -13.864344486898002
98 78.331959610054
99 -28.523767452458017
100 53.06643353289359
101 -8.762362518840085
102 27.311219123433816
103 -18.636109355285743
104 13.321428854717043
105 -19.28019217966836
106 -9.200075387888974
107 -23.954279445767373
108 -31.88664906307453
109 16.688270296304715
110 -26.827164318209295
111 30.255955663968933
112 -57.80602399025713
113 75.45002443457697
114 -42.13431675667699
115 41.24337632431952
116 -3.120965203826587
117 12.26617917247719
118 6.792672807470169
119 74.42178277058518
120 -57.56129795453731
121 84.2861823948399
122 -34.46249510164357
123 36.88138495101024
124 -4.516989313378297
125 8.940452680018849
126 0.8556556353481252
127 -0.0
