0 0.0
1 -4.164059171936556
2 15.908289556132244
3 -30.710324343196636
4 37.840191061003125
5 -66.15501691350676
6 57.57005923339614
7 -96.71676206318436
8 47.605232876804706
9 -19.514023472942405
10 -35.358017808023064
11 30.04837136178763
12 -98.8300945806703
13 46.81772600300402
14 -83.72732771997256
15 49.34553051969824
16 -114.34827869384743
17 62.37743850202227
18 -73.7894055766067
19 21.352592943285263
20 -53.93438490953936
21 -36.19682968901002
22 18.732119150554794
23 -23.75725072849277
24 6.924158273062711
25 -2.1397042194981934
26 31.99937163503052
27 12.097882488622503
28 25.352500048141327
29 6.7399826259561255
30 23.925594228188476
31 -16.316479108728174
32 51.21017744087861
33 -34.5011065955239
34 68.12009053954438
35 -14.93711836257126
36 -46.68854379773883
37 21.391745858278682
38 -46.57178872078001
39 18.251370630906024
40 -79.79986070635675
41 28.91230192711809
42 -76.72296442463437
43 -66.45997830321687
44 -30.878533174910768
45 -54.22770352876271
46 -17.31774976819977
47 -62.694844750436964
48 -1.749837228736459
49 -66.09812546712985
50 14.676394617755241
51 -17.64325165413151
52 -10.269964960695763
53 45.11732560973787
54 -17.19763536096039
55 49.352379345779326
56 0.6783714790974995
57 34.865026714371176
58 73.54926901285332
59 23.073540043193326
60 61.28334342449915
61 24.837910227345613
62 -6.971062842515808
63 17.127245807353138
64 -4.803995000993606
65 22.269294538668024
66 -39.526530450958866
67 -60.53192890601437
68 -10.880865381368444
69 -84.60990515124504
70 -14.24920024775877
71 -33.67338862766261
72 2.0312956095361985
73 43.54017382105447
74 -67.23710807538309
75 92.8727051078004
76 -30.1349132620169
77 25.42612631400734
78 10.943559403590651
79 -7.89559056307251
80 -0.18446428645138202
81 15.557922511185872
82 30.462212166480086
83 -13.029298432485001
84 10.954315937835192
85 -11.428831075998495
86 61.284695474731535
87 -54.50194818898712
88 67.97158814447945
89 -17.700216998428104
90 15.560801560756044
91 35.64245401926865
92 -44.25706931573728
93 31.77119134971675
94 -22.322954551723225
95 36.539233302098054
96 -22.118886537070896
97 46.82449432997758
98 -7.6957810583918365
99 51.70582983604049
100 7.614638294258222
101 0.769127573333962
102 59.35362921523941
103 -77.9494604358815
104 67.36099949786806
105 -30.025515690896512
106 -13.544746469484187
107 20.35440440451282
108 -33.93327019517059
109 10.059939479904896
110 -33.662195677984606
111 -12.817655624336286
112 9.543135245659952
113 -37.07834419049389
114 -33.21052133672787
115 20.428877420832727
116 -24.01839175094892
117 5.4082186961149326
118 -30.584777498760165
119 58.30613998881037
120 -46.25641598515634
121 75.37468400345419
122 -40.93726421891261
123 39.71272255183518
124 -8.591273258092343
125 11.087260416317855
126 0.35698356425752653
127 0.0
