0 0.0
1 -5.706433692830035
2 12.810714652617694
3 -18.27848374774591
4 11.34145201641944
5 -38.18539092893131
6 27.594519483069355
7 -54.88653115791628
8 -30.395388887998827
9 -25.5109885234515
10 -99.97595009512506
11 -11.382584424478221
12 -72.81393386651787
13 -0.3757376414330562
14 -30.522819386090745
15 31.660787331127477
16 -44.474522496401654
17 34.19870265258089
18 -40.16187446974525
19 32.602505040360704
20 -15.132731795328446
21 48.717999853803796
22 -43.53540315276627
23 61.17070531602469
24 -27.722729952252482
25 10.79934859706951
26 -8.602844009191015
27 12.238703266457923
28 -39.03094668855223
29 -8.523419114002472
30 -57.32525372874412
31 0.4093555229539554
32 -18.439733041998693
33 7.866001045677655
34 -31.768152772527564
35 -14.927646312641752
36 5.989914575695204
37 -62.215007011938845
38 54.85361769837906
39 -110.8057779943406
40 90.45440390504412
41 -97.46072408540033
42 52.915006434013804
43 -45.63953846862871
44 -3.104317952874141
45 13.301419678652971
46 0.8970741685375189
47 7.361239279976207
48 10.648819228313702
49 38.75706540087574
50 16.836872264993392
51 43.2364542983756
52 18.539878076567387
53 27.643085735413838
54 12.754224068552778
55 12.142467433748038
56 -2.1016432199192705
57 1.9231843637481523
58 18.677571580075966
59 -15.072662095666132
60 27.45101473048991
61 7.269057012778762
62 -6.701347065141152
63 79.07074917212358
64 -19.8918266880031
65 65.53109382476899
66 -38.221782611479476
67 13.35568961517999
68 53.68774636315019
69 -21.67467300083286
70 36.56409486552563
71 27.05261506457434
72 -21.50088523977677
73 74.50066426634046
74 -28.878197850816257
75 -2.5362105188490216
76 32.50147391046603
77 -26.852199770536778
78 -21.99054067157584
79 14.885808934456849
80 -51.53358642905673
81 -19.110046442417882
82 6.184152037582297
83 -35.26736289326189
84 -12.887176684556794
85 19.883883519976195
86 -41.56030676441221
87 -4.774845017245748
88 -7.428858090474874
89 -44.604262393559914
90 -12.119559381824788
91 -11.948574067706273
92 -19.04205739620313
93 -29.350892102818374
94 48.05473390883885
95 -31.42953392161912
96 60.25160379289982
97 -39.27427919176651
98 46.27940101118516
99 -13.648881079992684
100 38.356589655719546
101 -18.91248661116669
102 26.89293930285922
103 9.102928165590177
104 -27.02099189646541
105 52.56501891358046
106 -29.939844358615606
107 -0.36028833700212975
108 -47.863962891857575
109 29.03084517463158
110 -57.80307764286418
111 54.1367379061136
112 -25.38948634257974
113 92.23817237518521
114 -40.745211977969774
115 44.95736149448242
116 0.7772644905801304
117 16.06777172513007
118 29.309671665342172
119 -22.160578179086304
120 31.893156212445824
121 -21.1667294628711
122 -14.352465174387156
123 22.099240441416395
124 -17.201181306370476
125 11.770903737861936
126 -0.28233319767150183
127 0.0
