0 0.0
1 -4.0949269772998
2 12.130645636486523
3 -2.3154066225011634
4 -14.087181368251057
5 10.320323865031538
6 -31.980594272526712
7 -22.621757573549523
8 -27.676340024348065
9 -29.947705001193924
10 -30.54842821804869
11 9.518377652932273
12 -126.15516887587617
13 51.17331872801897
14 -86.70198510461391
15 18.847782237401024
16 16.317398351392356
17 -35.368423196567576
18 23.115219272345097
19 -16.21760226400442
20 29.1018283230697
21 -14.108886697036297
22 45.577864540817814
23 -38.081406082837034
24 67.29259231973826
25 -12.643629355878517
26 -36.682772520278355
27 26.973025578933825
28 -23.776590946834194
29 -26.657615683776594
30 -18.5651509835917
31 -11.000665801971167
32 -8.276413492402082
33 27.550093194286962
34 35.77365392173148
35 3.3715955252244947
36 52.06572306298537
37 -0.4182721282690708
38 14.362034796145222
39 40.951573544548836
40 -66.65591506160087
41 23.518326368685383
42 -59.14605786047277
43 20.00136708058329
44 -42.57724994807642
45 -25.828843630938803
46 9.174221160823414
47 -10.03212044074169
48 25.84944454318168
49 -46.23456220832615
50 26.80063215778927
51 -39.18959800451518
52 21.07029796427275
53 -13.727891863020503
54 -1.8185448877992023
55 22.303872830213308
56 -19.515133908715935
57 11.637485014110647
58 -30.516902221136426
59 2.6583079720111242
60 -22.92390133058788
61 -20.71235111342445
62 -12.68120195048355
63 20.12845073040464
64 -20.201573257197044
65 -12.63322240349831
66 56.35612684685879
67 -60.81705326881793
68 30.77568409468182
69 -29.32893641416325
70 -2.232751900462132
71 8.302972315393221
72 -16.83864518122249
73 35.56344613691595
74 -21.505966619003118
75 14.764332780213332
76 -19.86855754270208
77 0.6564894671565974
78 -43.46776207995354
79 -6.8845628958197835
80 -1.6140684951695907
81 -30.60709299241232
82 -10.56866663846043
83 -56.08877187278141
84 -12.749125423096112
85 -43.79582015726471
86 -17.284334820067926
87 8.78733821770796
88 1.7894158698549163
89 41.35285591958978
90 16.543474742792377
91 43.4777909414911
92 28.216548555030084
93 44.271719374034426
94 24.86855839702014
95 91.22405824845583
96 -10.522280858034643
97 71.48160758897957
98 -11.830750201192595
99 25.871717489447285
100 22.596712604689824
101 -69.37000813641565
102 36.947028469994684
103 -79.38075207220079
104 -3.3055698889163234
105 -77.56096234817274
106 -11.89469058384004
107 -51.94231077709569
108 -38.38877545125994
109 -23.180921034274476
110 -10.339974088285713
111 -5.807483957164354
112 -70.97587371367526
113 55.7035901602372
114 -35.41681930657688
115 30.191257609155606
116 -10.36663793408913
117 46.84584231825764
118 -26.84844849360677
119 36.69466900726929
120 -15.021492731824033
121 43.53300759264441
122 3.4719838859847383
123 17.345084347472454
124 2.8166991765925053
125 6.950831610880224
126 2.3689682883474044
127 0.0
