0 0.0
1 -4.297651369819758
2 14.270087358359925
3 -18.638190115895817
4 12.27991894869698
5 -37.249384036536206
6 -8.18216895993301
7 -5.695252107615553
8 -84.53922425054279
9 68.0736224613946
10 -94.25204027286335
11 18.88248960846777
12 -52.68228093023135
13 -7.915946305024275
14 -0.8036441132893923
15 -30.023686918226918
16 -29.94884583454068
17 -0.7550311476714747
18 -9.400841573735404
19 16.921755803870784
20 4.477677976667041
21 29.942876963410658
22 40.87389099155357
23 -25.973691010061053
24 9.293186092436473
25 9.014199780430662
26 4.483185977254337
27 -6.276437917055208
28 35.777801789274505
29 -66.54569785588988
30 51.93025461212495
31 -87.380339206016
32 6.0115377079675
33 -26.23519210916463
34 -57.60027581079341
35 23.61436029828633
36 -35.57645418632426
37 -1.6767823867630598
38 4.9975803523904965
39 33.87772137378252
40 -23.357784284003056
41 41.45479023233209
42 -33.520562186211386
43 -20.906362085581478
44 -36.89982470052113
45 -27.5113121550477
46 -12.105801807536576
47 9.477758343163531
48 -14.345271776590435
49 29.451789934950284
50 -14.65127885731049
51 13.1734460367804
52 32.97729591140753
53 -20.513767915710996
54 -2.3775173379094263
55 29.355610030603383
56 -8.622303528935186
57 9.058771196488939
58 34.22525492368208
59 -6.042477527983667
60 32.00963296444761
61 2.6813565361950116
62 23.69949484860494
63 -18.556012181087617
64 33.90240212825484
65 -36.256531739569134
66 -10.863537907593663
67 -8.615522769469631
68 8.246177194980422
69 2.3523687861891993
70 2.82622841361482
71 26.40774408818747
72 -4.927968214851243
73 30.895640286047595
74 0.9840885517914901
75 13.06383035508227
76 6.471525877737291
77 22.99643388368337
78 30.81223655760212
79 42.9567748186816
80 14.036037058918403
81 10.190645037543103
82 -16.71978149777483
83 4.938248093223398
84 4.412925270877009
85 9.607449183011258
86 -13.852182818567474
87 11.026773737065314
88 2.5535990516649787
89 -20.66866544250936
90 -30.918452811624753
91 -48.65966742230498
92 -28.453277511154187
93 5.714335525686067
94 -16.836492225173885
95 -32.28941746226324
96 4.686236042402453
97 -51.448720103727304
98 27.9031910428272
99 -32.65413865010901
100 -40.135042886339136
101 -37.71236542147093
102 7.204545772560715
103 -2.0718400073913563
104 -41.51963895966678
105 30.85652206905691
106 30.557312204797068
107 -43.7440596376682
108 68.43754208220629
109 -52.92108100883058
110 31.488798360446776
111 -36.66676997573427
112 31.31010489196899
113 13.994763749761768
114 -2.962136200099223
115 57.65731300587431
116 -43.086969355014396
117 65.80442132570431
118 -11.457170581427125
119 20.51013038842083
120 -23.098971988192286
121 24.18557632576734
122 -36.76533391671521
123 41.681248067394456
124 -20.92470193259405
125 14.039253063166045
126 -0.5899730033802704
127 0.0
