0 0.0
1 -4.6329670562438094
2 12.638819242940365
3 -10.84615965281283
4 2.1478523901017006
5 3.681091485200135
6 -23.434023039841602
7 -22.881709869876083
8 -37.43533983861365
9 -33.65421946046627
10 -36.46190763324314
11 1.15619044408078
12 -79.38118482399165
13 3.5191856432195294
14 -78.28514082531892
15 34.06853854609707
16 -70.044092614217
17 12.400796834826455
18 -0.9549771299025747
19 -22.232248868171332
20 71.3602888499991
21 -2.020897624457389
22 43.48154199074456
23 -4.588218958573705
24 63.95581408528474
25 -48.10042377466915
26 57.168866397473444
27 -13.52580507812151
28 -14.102085257949911
29 -51.87245615237261
30 10.546604192829637
31 -34.65614749050709
32 -61.47051376848455
33 54.90121605961753
34 -85.76482426534325
35 90.54572909641696
36 -90.6772225693982
37 88.73900764274755
38 -56.35606214269657
39 21.031505326329096
40 29.292514339317272
41 -41.88025353209275
42 46.51528218212166
43 -25.730543819704994
44 3.5858370126989656
45 -28.563511611028133
46 11.677863048060775
47 19.404152510028062
48 -6.480321778540389
49 1.0930322167604987
50 0.1272316824336044
51 -27.010402564102538
52 47.04165446179169
53 -13.311609566967402
54 24.84990657043606
55 -27.90298055594544
56 1.6859928792009584
57 23.841474926500403
58 13.647836553650059
59 -6.86296109724959
60 13.649005220621884
61 -2.177373905765866
62 -5.852747953473246
63 24.67404997810665
64 -12.170320588169721
65 3.5269516264536946
66 -22.961328584179913
67 23.800731689583728
68 -32.08808004763779
69 17.446927458505005
70 -13.295719025807287
71 -22.690381864431995
72 -11.174105450434666
73 5.097645743235681
74 -11.75653481383868
75 62.894492046736225
76 -25.572712779888963
77 60.379989578572754
78 38.38100692956232
79 -45.85789477300096
80 86.65889253334565
81 -76.09202020049315
82 76.73460958395457
83 -47.73743172662625
84 1.399007552983813
85 37.64872883671575
86 23.84602510029377
87 -32.07730829611659
88 11.374070890455283
89 -1.1103496747682093
90 -7.8982551506786844
91 -15.340646032371646
92 10.541280064827424
93 -34.31486474501916
94 -37.15538230785308
95 47.97703614423613
96 -89.58944438153905
97 28.845995007967186
98 -1.0193633948840726
99 -46.93629257429526
100 3.190313880004422
101 16.58808259938164
102 -57.73350630428495
103 4.309440658123175
104 23.078764799078904
105 -22.847456174536497
106 11.074097191198076
107 -32.546143958617805
108 52.88809784061456
109 10.6883851100375
110 29.24187608464705
111 34.835471109280824
112 10.218349731996446
113 36.18600271686377
114 -56.576221189580124
115 58.48658329263383
116 -91.31810574387289
117 62.53915571714711
118 -92.91474542598998
119 43.373436289475514
120 -52.38885313633148
121 -1.7433552184885135
122 -5.425806199857656
123 -7.0454313773758095
124 -0.29205306868747627
125 8.034927334700098
126 1.3149241801369582
127 0.0
