0 0.0
1 -5.158217252619458
2 13.077694087963847
3 -17.041170840846988
4 16.760257810087285
5 -19.335929002240114
6 5.238784747456007
7 -34.40694874956201
8 -21.936544631339636
9 48.69899658482386
10 -51.28410363436789
11 36.06316107367887
12 -18.47739480325416
13 58.091202496086005
14 -4.938413215785738
15 49.23865268298214
16 10.98703923609805
17 10.261785355849005
18 17.690764933053234
19 -6.712297560174531
20 -3.8771453906878355
21 44.26340388663053
22 -14.765504561427615
23 18.46741201360788
24 6.503226387731137
25 -10.469844397504183
26 41.98352542478599
27 -78.2847844843153
28 65.04148089520287
29 -49.16800826871343
30 -29.965384312148498
31 -31.562353533575
32 -22.596027895073448
33 -2.8612844254341563
34 -73.70968568277426
35 19.071457357754706
36 -50.50268141990875
37 -53.57177378209339
38 -8.072311315127095
39 -58.657217831341974
40 22.432777931242676
41 -41.508267542310385
42 44.99469803656588
43 -17.997124315513954
44 20.841095356160267
45 47.76196105244098
46 -23.524727345069614
47 38.12339618615304
48 -40.07115239453961
49 16.96022787603926
50 -54.62185947391017
51 8.455470551858003
52 -19.266070508242265
53 -5.383414633093561
54 -39.076257241289674
55 12.868815556749615
56 -33.72818787609359
57 38.175105639969395
58 -40.72827988246368
59 12.465111393103742
60 -13.780021495932868
61 -22.166450943719294
62 20.539549670927528
63 -21.98468371760438
64 36.14385487765801
65 -36.056178334069635
66 14.638814820266944
67 2.944752635440492
68 -29.674595599294864
69 11.891305241429425
70 -1.6408233252831168
71 -26.152893879316668
72 31.267605452061186
73 -2.575859122374927
74 28.130714468535352
75 32.34393890476392
76 45.75518981045532
77 29.473532081589756
78 31.3651348701492
79 85.34328657788654
80 27.200801090718087
81 53.91272922951778
82 17.945660870896774
83 -0.8930422033170816
84 46.90830226097324
85 -29.8500204208084
86 2.7484808284693374
87 10.384906029715946
88 -27.107029063578985
89 20.937105534168392
90 -30.927721126425343
91 3.9575500328417235
92 -31.428626030709367
93 -14.810183411417084
94 -34.44914783892967
95 -31.475135106680106
96 -39.62425326984788
97 -56.22361775737619
98 22.939736628519128
99 -59.18115100969055
100 26.782557804709985
101 -68.83495936510774
102 67.79908812056627
103 -48.56978159325232
104 -15.730164815305544
105 -19.560375070600408
106 14.428370702359546
107 -23.52560158168903
108 -9.089276375138533
109 6.483667383003109
110 -60.2138948941288
111 77.42869129784128
112 -87.36593147253244
113 72.89453398850473
114 -42.3604804953432
115 10.545337169379286
116 -18.66688127674214
117 -6.036951942053713
118 -19.70109325174886
119 18.597088995531184
120 -9.713941357984972
121 27.67243172974099
122 -27.462353259150618
123 31.968278680004822
124 -8.442940599157984
125 10.8952335365469
126 0.9542083866660628
127 0.0
