0 0.0
1 -4.834697155421509
2 12.800732934261193
3 -15.504203324032487
4 -15.398023622418869
5 -5.929495468889865
6 -44.37092784195379
7 -39.70696237118547
8 -62.727875418100155
9 -20.709063570343602
10 -77.83462064869158
11 -14.089563894615894
12 -51.335786929406694
13 20.522388614833247
14 -53.73590156827131
15 40.95263434444658
16 17.825858154140363
17 -12.86659254800496
18 22.0394731842802
19 -2.1510654972644616
20 -4.5961139773887005
21 7.823376507559706
22 -4.298315042708802
23 -36.64924190468212
24 20.534935673372647
25 7.330526613700035
26 17.215278432265457
27 -37.925816979710135
28 33.26768970032038
29 -33.93560133929782
30 14.22906608506785
31 -13.581609698932732
32 -60.7887447280321
33 46.15478111202346
34 -63.791177541553346
35 -32.28410507944332
36 -9.58855816657114
37 8.390575788861948
38 -24.63077686593255
39 7.478630549821707
40 13.076032213816319
41 26.607687211628896
42 -26.902039668743218
43 55.24699128477777
44 -23.942517539500464
45 -27.79688453715454
46 7.385130517275512
47 -52.294500744535355
48 18.252416947069825
49 -42.03547047071923
50 -22.891417970545273
51 -3.1665766190449802
52 -17.473768146796342
53 7.094899355361697
54 -27.610985058997993
55 60.660648764743385
56 -5.734873914685103
57 28.999390493398806
58 71.19565733779805
59 -61.57519858258714
60 47.929231672531124
61 -36.30576262251236
62 25.41332124079786
63 -36.38878292231994
64 30.24471946138985
65 -30.601426873081614
66 31.990213875979773
67 -35.20456326209113
68 12.037124655725412
69 -13.450001709524251
70 -4.107770438842752
71 54.54299847226755
72 -44.03070657077469
73 83.2587202487032
74 -6.208514253305292
75 33.987840803826
76 47.125990029299444
77 8.041452267879027
78 40.56393588192799
79 10.065711177504893
80 15.66732885842018
81 -9.374400606646347
82 33.74688610322744
83 -19.61802624406645
84 -1.548725262393123
85 11.462755546399418
86 -14.580217112103485
87 72.78627667192043
88 -92.11452571019858
89 87.51391483400573
90 -35.018593504165175
91 10.387761736897573
92 -57.295009114526025
93 -1.5127462132659675
94 -5.859038755289152
95 -36.77205154279107
96 18.53137342760808
97 -51.502603929726035
98 -3.8900617965425615
99 -5.92425116376363
100 24.92728383002005
101 14.200465462922784
102 8.027896615668674
103 -11.957050872820107
104 12.800529130036562
105 5.619026792639053
106 -25.014170140870345
107 41.70626908898352
108 -66.54809713904321
109 -7.52361240248303
110 -27.191601484522156
111 -53.42291695307322
112 21.082106600565098
113 -54.02906439055342
114 20.79855505374743
115 -32.47546308273465
116 30.612790537269053
117 -15.907356723269093
118 4.24461457770022
119 32.319797976719656
120 -8.683184234427204
121 48.37387071081925
122 -27.300077287890044
123 49.32529777274954
124 -4.581519679123383
125 12.136506676615
126 1.582951174571851
127 0.0
