0 0.0
1 -3.642458031757531
2 14.841410002958755
3 -16.45871077534678
4 35.154416489909885
5 -23.612042041191724
6 29.51703811331483
7 -25.08670694956981
8 -9.251825925402821
9 10.478232485264451
10 -34.67858000564461
11 51.15661240963779
12 27.25884746646032
13 -3.7866491027160016
14 3.6004862401653117
15 21.2317420177277
16 -44.892165602179894
17 11.06097034649309
18 -30.739101964874497
19 -30.471066391751144
20 -60.75906755982138
21 -16.227852884341374
22 -63.98277968856208
23 -12.321766857902041
24 -97.51199882171012
25 -14.181571373783012
26 -36.07031961210778
27 -52.47350741681566
28 -28.877941810807968
29 -31.016893161747113
30 -22.327535860083646
31 6.618739202954941
32 -50.01475985647711
33 21.90139543199226
34 -9.702609465104983
35 -65.49781049179161
36 33.13460486702183
37 -28.502650226596902
38 8.67296638977064
39 46.84181839423641
40 -1.1472389576188893
41 21.11161479800368
42 98.64755628320509
43 -58.316734950417015
44 120.03493816794496
45 15.806331426653575
46 40.79469681448694
47 22.65776692565395
48 -19.07452902789402
49 33.99476676813495
50 -52.39108356563274
51 -9.214640467183424
52 -47.225297406527886
53 0.5255749924400618
54 -47.557049160388516
55 8.794852300258102
56 -24.088822688322768
57 -44.46690665587775
58 43.33792697998383
59 -84.0633279772135
60 17.733607079911202
61 11.951787836639086
62 -16.100521543435455
63 37.7590851788931
64 11.091982454454834
65 10.786982881599092
66 21.048026056165423
67 39.187311075320444
68 -30.235312662229344
69 50.42396073094181
70 -7.9366365025231405
71 6.535224610746211
72 -12.404563144122694
73 -14.36704762015066
74 7.434959568918701
75 -18.13511112427957
76 -21.357418975003984
77 -29.975522267796084
78 0.4872537530456574
79 -64.19222409723218
80 -16.194049078177592
81 49.97226580887679
82 -63.28900798887956
83 45.11820052681568
84 -22.39654290019975
85 21.650262929926516
86 -17.99636719688709
87 -3.3151120557634104
88 33.018008228320205
89 -52.32154501504315
90 22.805463448132006
91 -2.067167099043243
92 13.554168941221741
93 -18.836828361961636
94 36.65431463876409
95 -30.40294180990013
96 37.126831989168686
97 12.54952279093096
98 12.896932161373938
99 6.361786448404899
100 30.64493941252876
101 -1.1325472746904919
102 83.85273972915968
103 5.899253873265251
104 48.043877536622674
105 26.876711575647104
106 8.81343121737638
107 31.885752894322007
108 -41.42195913756582
109 27.510361349601475
110 -66.54406407030305
111 45.513751058779754
112 -75.32278411400875
113 27.892281844667362
114 -44.359263942815645
115 7.939558412948323
116 -11.191506856903766
117 -36.336449423625105
118 3.3501263676229094
119 -13.527129702481082
120 -25.52714018223285
121 28.39002690981105
122 -41.714250430505054
123 32.94083708572599
124 -12.456747100204593
125 8.824151717060778
126 0.5100589832492928
127 0.0
