0 0.0
1 -5.490100930435841
2 15.87852240252947
3 -33.525737664659815
4 -7.375317328724536
5 -39.55838906497769
6 -17.16254432740823
7 -40.19907885404784
8 -24.265634071958402
9 -13.40273016104288
10 -35.10060110552557
11 1.222582871974353
12 -39.93044910258057
13 41.71573395520744
14 -71.23906121428772
15 46.454474032553186
16 -40.613249275243646
17 -11.62307389095464
18 -10.720868201247537
19 -10.026480944778715
20 54.62125423576662
21 -37.3902317814015
22 45.234567081710786
23 12.131253589444844
24 4.920429888328641
25 13.886359421738364
26 1.3298178923086748
27 21.581889666924695
28 -36.85572106014542
29 44.93183773553577
30 -20.822492179539744
31 -9.638208437361829
32 27.094349290110642
33 -6.067948813257737
34 24.276489394342516
35 -11.774508167074764
36 -4.913137888972309
37 -10.805171675566823
38 -19.922274275636838
39 -38.67631011228464
40 49.278332561689645
41 -22.794196160912893
42 45.661483908553315
43 -35.67574925793303
44 23.52767559149317
45 6.36937842717888
46 -72.41298602612333
47 42.09224319367803
48 -70.99856798026072
49 -29.260816804157525
50 -28.593199381308366
51 -20.57824431787682
52 -24.23421977837013
53 34.139963903189624
54 -4.645555373864484
55 21.573491775721692
56 47.00991507687499
57 4.756718262611
58 35.93475605280575
59 44.216321696372184
60 -34.565175395911446
61 39.79030262756081
62 -12.930338655205965
63 -4.39580655386609
64 -1.2615930712589087
65 17.428652254470734
66 -60.81260556880067
67 10.94498475897604
68 -48.12447047774953
69 -44.61824020116528
70 19.838178830395982
71 -104.08980364868877
72 83.812351193921
73 -58.79484033800827
74 51.06037750716134
75 -39.68452083237728
76 32.85899249628552
77 -34.517117707782624
78 -41.14949321476682
79 36.19482264515253
80 -61.498873393961475
81 43.11317272146477
82 -3.7890980214611343
83 -41.74703947260678
84 -1.7737867960216351
85 -7.538624594255514
86 1.2845326708911102
87 -31.54757999137398
88 20.20857920183158
89 -32.93068681078073
90 -39.73076990116489
91 23.795712244136755
92 -60.75897474914586
93 -2.4730003096128654
94 -9.250821439851288
95 13.277058901157357
96 26.94347527260202
97 18.22281978236642
98 4.5474729016901145
99 37.96825840217932
100 -0.10552420781722781
101 47.1973875920668
102 15.823740658372328
103 -19.970324341728677
104 64.97132540971494
105 -50.435784098357914
106 35.98361111451532
107 -23.751741587975697
108 14.805835423461614
109 -26.08361106248528
110 19.95345156813375
111 12.318875929676492
112 -37.82939177798668
113 51.30012365880773
114 -59.383368081056055
115 74.38055173244487
116 -92.68175645448721
117 127.39283370908008
118 -41.66727108525431
119 83.56074658233169
120 -3.2875273279710675
121 31.68474110401596
122 1.8688535380082063
123 21.861202124282848
124 0.6156199907436168
125 13.243432594339769
126 -0.4434576438543673
127 0.0
