0 0.0
1 -4.44336092948608
2 14.372420093182228
3 -28.540069302207062
4 27.47221045547881
5 -53.56512329118093
6 42.87800174272779
7 -95.5944317522311
8 21.30583083928635
9 -101.21337308295405
10 -4.562497227351692
11 -50.91598240744682
12 -29.70778989106903
13 22.27620103765222
14 -36.010756901203244
15 48.79732621940929
16 -65.67414795962017
17 46.5890087034332
18 -21.326817734915913
19 -4.21527463955194
20 0.4360374900202818
21 1.9592002091281486
22 -37.51483915423777
23 74.74548849600006
24 -42.46693707899133
25 58.290653050074376
26 -38.316578024285164
27 7.968749780632549
28 5.52124028207189
29 -21.805934837749085
30 4.580579669627867
31 25.514248395148
32 9.200496979283855
33 4.193370362219917
34 -5.348772536507208
35 15.203855524239197
36 -14.046629900460909
37 41.41007836377178
38 -38.88421595329762
39 50.20259290732319
40 -9.496577623318716
41 12.378603945809902
42 48.60117918234815
43 -18.057535521574486
44 27.223917454006916
45 0.5577290936279019
46 21.382066376963234
47 -48.17414264080561
48 46.498914463648006
49 -111.08848641113148
50 3.926217176072238
51 -25.45895067624563
52 -60.987596272400744
53 -35.8052639002966
54 20.352702631857127
55 -74.82725935882667
56 0.19628023520420657
57 14.814557915163016
58 -44.355497269441024
59 52.02021254502312
60 -14.79688163149459
61 56.203047730172074
62 -2.791989715291837
63 46.865193432603064
64 -4.76309276219586
65 -2.4821044636649736
66 75.03536594348357
67 -46.14215391087954
68 22.965956535522306
69 25.145380755369874
70 8.762247145726905
71 38.86640906628521
72 -58.423927715413285
73 42.032455875066496
74 -21.45496718598089
75 7.87562566232273
76 2.102232013388344
77 -39.93143080420325
78 15.771951205370208
79 -70.22013579762512
80 10.932157405654767
81 -45.01393375205455
82 34.65867944408583
83 -11.183794627496837
84 -26.93538767610148
85 55.87820229885365
86 -54.66013659894265
87 35.649921361829804
88 -8.79113053900616
89 -54.92139081026906
90 20.61020182592446
91 -46.6359925729101
92 -5.763630309795296
93 -29.836655666736128
94 3.3187869249806554
95 24.106407986329664
96 -57.70019812120347
97 88.20603448057416
98 -78.67799747330794
99 39.71225943174232
100 -22.304877056789465
101 -0.6581375396256539
102 -26.739465386331293
103 -17.22212028457097
104 -6.570279275137307
105 -48.831388084101796
106 68.46228703367686
107 -65.22353641106247
108 111.9861314094578
109 -77.29010594845022
110 54.90549365901417
111 -0.534591205399195
112 27.327935406470516
113 43.35863035232278
114 -50.75605812138926
115 70.92066313496895
116 -32.464210469081976
117 27.294052574693232
118 -43.038325145136504
119 45.2440528102322
120 -54.220407114000785
121 59.997620270946726
122 -42.88214010800479
123 42.315372278411935
124 -16.043524262783777
125 15.098498569653204
126 0.2002413921567215
127 0.0
