0 0.0
1 -5.478481732572642
2 11.503270560743578
3 -24.45782843555689
4 -1.4543366532334345
5 -24.09570594810622
6 -23.048310991253995
7 1.212048449814202
8 -67.84796458177894
9 5.702467457917129
10 -25.240851003397374
11 10.141719312770997
12 -1.6218833003049866
13 17.05633243065407
14 10.570427031853736
15 -45.05117922812156
16 68.52113807732827
17 -28.666906187373556
18 31.727291050532475
19 -17.90356763095577
20 17.82410313348346
21 12.659155949104404
22 -35.022175129733064
23 -2.662394573925062
24 17.83303728518037
25 -40.853672579527924
26 0.6439168396171777
27 -31.90386465332907
28 -55.8596076937794
29 -34.16917305923867
30 -48.55563452309456
31 1.7318183548799848
32 -81.3375450023988
33 38.5875976650705
34 -37.91007785802981
35 30.873295279686975
36 1.9242678760422478
37 51.26834812443259
38 -14.754655608327162
39 55.85057399488548
40 28.411119212961605
41 -3.668478677601707
42 2.307426289275989
43 80.30606635554992
44 11.217725041550938
45 -7.545509170747705
46 70.25617412769267
47 -40.91987035940423
48 26.237786944171205
49 1.271968160066809
50 -5.743149944821438
51 15.54784541781678
52 -10.745174661071374
53 25.187051022919956
54 15.309184222720612
55 -19.53276022354198
56 8.817831590512407
57 -34.440201923133124
58 21.584560813607904
59 -48.39087352155132
60 -24.519195011929988
61 -24.092580951482493
62 -29.60453159983614
63 6.547590185341888
64 34.91527465507119
65 -32.259459666467606
66 23.850561418460572
67 -8.832581136177025
68 -15.949008589707626
69 21.678365712773733
70 2.376812345660751
71 18.965727996228132
72 6.896157917569426
73 5.197005933065406
74 13.269683301506912
75 -3.5289344721088414
76 19.367579063941196
77 31.534822487252516
78 -27.740313367124934
79 35.474668939615924
80 -37.14953413339802
81 -4.906870460057862
82 -0.5864491496162867
83 -53.646349444395106
84 2.3755775718210166
85 -14.456632377078186
86 -31.783195385945618
87 18.971436018571843
88 -30.184055686380606
89 32.557642057017105
90 -31.076272030573048
91 25.621966089980468
92 -6.532210971885808
93 16.348044131400098
94 -7.198408987815286
95 -15.520075230177302
96 -2.020438317510206
97 30.830107848694706
98 0.8511115498558531
99 -37.23515380575874
100 56.344648647879154
101 -48.07781135614546
102 66.81685551999453
103 -74.55604918518429
104 45.565890170376086
105 -53.224119796921045
106 -15.840315078624728
107 -13.840819705706213
108 -24.791304432915673
109 11.081598197788292
110 -44.3124887933787
111 0.6050352598724529
112 -32.842433978382964
113 -6.411913015513188
114 33.859914891602585
115 2.985937416269255
116 -4.72035720989482
117 48.82302027610372
118 0.6599625799992075
119 104.47610171045818
120 -10.490900972890143
121 53.41693325748931
122 -5.7556518275828665
123 32.715688066728
124 -17.563610014913635
125 12.940405730831511
126 -1.4923131566960597
127 0.0
