0 0.0
1 -3.5436226304498892
2 7.170764372563148
3 -9.260427217547667
4 2.957041616050003
5 -34.48472732084374
6 21.554764525911246
7 -78.67946621376741
8 63.130780546135554
9 -59.16190355475578
10 39.82859142566051
11 -64.02012769151173
12 -0.9505325467510076
13 -3.268576208752881
14 -53.41337773363407
15 -5.36398912436256
16 -64.32823924505537
17 24.92528271651631
18 -90.52760658417964
19 53.06339785756765
20 -125.46711144605943
21 27.969122334546295
22 -64.42462208549506
23 -35.93907070140712
24 17.35415394539229
25 -81.3359082880537
26 -1.2731375222438979
27 -11.677681113488829
28 -6.211761641247166
29 1.186722317012071
30 -6.487225441554977
31 -22.321603240881792
32 15.195050884098432
33 -8.69980666190805
34 -48.054618511321806
35 31.717567996271303
36 -6.037233991453247
37 -11.055976734977019
38 49.938395002891774
39 10.275924769706139
40 72.95219023802285
41 38.215772854882246
42 37.79326571884068
43 5.806681618499348
44 9.146868657532284
45 10.240586263551267
46 -6.169870681411809
47 19.125375546639063
48 -4.604093039761037
49 12.64814934939365
50 -25.809115963905732
51 9.100514659373763
52 -30.21709682141807
53 -42.69539739172849
54 -24.78905541718583
55 -12.27144257344444
56 -34.72581642392685
57 14.21362523005844
58 -26.11359835677134
59 27.88491725508279
60 -13.394644868877975
61 7.135013057776855
62 0.5064310794198236
63 -0.3577047482964733
64 20.516162691650877
65 7.731415889890726
66 38.411182466412
67 2.285689012599841
68 53.83431989552559
69 -1.0915141908462982
70 47.250752367402995
71 23.139165459960754
72 53.78380789002793
73 -10.45099971789167
74 70.40518057407962
75 -1.4755758993530423
76 18.18035002877507
77 -25.282370774585885
78 16.290354711510485
79 -22.26344225435949
80 -42.868064834038364
81 39.31009253521397
82 -58.845546608793086
83 15.281704742367726
84 22.803512202819444
85 1.0925643272297307
86 -8.479331035943158
87 -17.679987759370977
88 14.037108633824069
89 -46.32249003615338
90 -21.13468082087562
91 21.09266726412739
92 -44.566766337593684
93 -2.8314303804727654
94 -35.45421588286186
95 -12.921219572963105
96 -47.39098016726952
97 -8.847809232298895
98 -19.00447086016729
99 32.82540883911168
100 -22.9615916739781
101 21.234401409622627
102 -10.84499154221472
103 4.685835090411984
104 38.14685105913117
105 -3.5288728430808973
106 77.6989806194557
107 -95.64981764178933
108 101.55951265791998
109 -59.50119081419212
110 2.3007400279573043
111 12.56702559090999
112 -61.83257916262907
113 44.20802450249648
114 -54.38672084813913
115 16.371647770696246
116 -8.17708460922893
117 44.64671378909924
118 -45.75230328391456
119 70.15206204769437
120 -42.443989531010935
121 40.5742296531825
122 -10.379655951140549
123 25.058360346445873
124 0.7580837039122501
125 9.918268469677514
126 -0.1619107995474767
127 0.0
