0 0.0
1 -3.934810103508378
2 13.417785032997909
3 -15.72705933039338
4 2.694147454502891
5 -6.0858403842684625
6 -10.920556985351203
7 -6.161947419983712
8 7.858605957228727
9 -55.202032767081164
10 19.935301649502872
11 7.405330579352116
12 -12.412355646100183
13 5.217838385190413
14 -12.138255574282741
15 36.66733855186542
16 -31.60472176140174
17 55.47636252116868
18 27.108365112482783
19 -16.370968004523487
20 9.923230043767326
21 -3.765981920404416
22 46.1753271309349
23 -77.73296784041617
24 71.21791676321014
25 -52.99645064668074
26 -12.948895309637072
27 19.269057053230277
28 -31.162324847158963
29 15.017356697353986
30 -49.904702867822806
31 50.887494670745134
32 -48.97630898761531
33 44.73716968324482
34 -28.01603134492048
35 1.234703881484499
36 20.196491283366488
37 -60.28019906923836
38 20.151437554313016
39 -33.434919970633345
40 -39.20601092482263
41 -10.721766782659664
42 -24.051825743637963
43 -49.01153929082246
44 18.83402379909826
45 -4.948549539684905
46 -12.288050166699426
47 14.369976862575996
48 -28.838967809134683
49 13.534069289198476
50 -36.175017657019296
51 -7.2537133859870435
52 44.83372773800432
53 -61.03998221545638
54 24.102333305655275
55 10.137344853074124
56 2.31274306376155
57 37.09966358960823
58 -18.666430910761047
59 30.206497117622284
60 -20.15347487804335
61 41.62159474869072
62 -21.78237792645477
63 28.869777097060208
64 -5.132672907537146
65 -14.416070954459213
66 32.53481081389125
67 -33.80914491223351
68 10.011202803897547
69 -42.22129855509553
70 4.334919446531458
71 -31.214424479625283
72 -16.371208196869954
73 43.948564169896194
74 -32.103323632486415
75 12.736841372383738
76 10.49102903928846
77 6.296441923710555
78 4.320415027975384
79 7.393611383184088
80 39.68431914247494
81 8.44629676299148
82 17.977912531210002
83 12.110751770594822
84 0.5671801846965402
85 -2.0015796278143165
86 47.782130451387054
87 -20.05852551630776
88 7.991325946710749
89 28.79678582074401
90 -9.505121082708113
91 2.991468469612696
92 -28.289928625956797
93 8.063006154523903
94 -57.352260245525684
95 -3.5133395846180795
96 -50.70760695932714
97 -29.8339777368883
98 6.997331735414861
99 -48.531654970170415
100 27.588986094031174
101 -60.210738155653516
102 64.58947387902873
103 -47.10712920912947
104 77.78042532712134
105 -18.22135355751121
106 79.49922445587356
107 0.7900526446843252
108 13.808999916626444
109 38.77432313788198
110 -45.17358350657307
111 111.49888541092824
112 -58.89860816682997
113 35.92753551543786
114 -33.24217553898809
115 15.967676365721688
116 -49.674847231673944
117 -1.7749337486701031
118 -20.232895994276003
119 -40.53114659695055
120 -21.168440668783827
121 43.93757792309735
122 -28.46182110944444
123 37.25337650699774
124 -16.2182247835298
125 10.172172157482533
126 -1.7929433466043
127 0.0
