0 0.0
1 -5.025066506571261
2 10.118123194677457
3 -26.037356300101685
4 26.40653472765727
5 -31.847905897671957
6 2.4723050442666907
7 8.648898754656363
8 -12.747960990939843
9 34.99789227503604
10 -40.84111596501834
11 47.79423602216973
12 -69.30613559070729
13 10.920037545652029
14 -48.172177389850425
15 -10.679819813633936
16 17.97248982993669
17 -32.479906533433685
18 48.21252796457759
19 -5.315868599334453
20 32.98465401127432
21 -26.53087441108116
22 19.360843386502488
23 -6.902260305531874
24 -23.182398342265078
25 13.471823191334625
26 -3.5989443337017732
27 -15.442554402753732
28 7.630567673518896
29 -9.223811521121451
30 -48.4246528097785
31 -7.7518255888728955
32 -43.84741347798328
33 16.866094838072758
34 -33.45077779541657
35 35.144925592965684
36 -33.27130331623285
37 42.832664566235806
38 -21.549268506870856
39 36.27802674172497
40 -2.36511180999117
41 29.807035674645416
42 10.946734727572581
43 -14.054586968662548
44 16.3236062950212
45 -37.2333839349384
46 12.792551327908361
47 -81.30405764579147
48 -3.54955927907266
49 -1.306510915178979
50 -28.565802370876185
51 35.2139279047362
52 -40.800620074157344
53 4.279804834123858
54 -25.63122988407172
55 -22.331187443116566
56 28.592438258321895
57 -73.55100794645072
58 89.63910056309683
59 -14.930783044529708
60 11.702328636303779
61 56.117104771088016
62 21.562523810745116
63 14.674223360553148
64 67.29197973090905
65 34.90032873948808
66 25.4556177044333
67 36.24858602975656
68 64.06180328276362
69 -40.53304843055417
70 63.02107333549988
71 -14.724309486375699
72 -4.77418577103457
73 23.195605237108666
74 -47.19150731763274
75 10.98980429117426
76 -32.75996107362589
77 14.664523535945678
78 -60.55053269040447
79 13.66370512476347
80 -61.67044182599158
81 -14.853948300140887
82 -27.497228603420638
83 -44.66134549775772
84 -14.307919588065523
85 -69.02731228668242
86 -37.73914767531568
87 -5.6399904412569715
88 -63.810898724043774
89 32.003398930060406
90 -61.3015134702946
91 36.75593075709769
92 -39.852085541889124
93 26.490469514802403
94 -30.792889920019164
95 11.971761702234616
96 2.81381524596082
97 -50.640505173936525
98 11.95056527683359
99 -50.142323164243656
100 25.565505821149927
101 -64.57342061081808
102 51.48159904218815
103 -61.80007866320109
104 62.14519732744724
105 -33.41152766171452
106 53.783263374860866
107 -19.722015025349847
108 -16.23023069708863
109 51.72993370234378
110 -50.32717733554811
111 70.52380199848153
112 -11.189537838520074
113 51.900725366779575
114 -19.43493517463979
115 74.28072009366917
116 -43.44195674459162
117 79.89873309259879
118 -21.07916531052064
119 31.382545831762172
120 -3.603550394235293
121 29.253074832165286
122 -9.129834355981945
123 16.275461813645254
124 -6.124465995209333
125 9.133307237496526
126 0.3164353702334508
127 0.0
