0 0.0
1 -3.194536494962067
2 12.076605845652482
3 -17.722942205015286
4 18.365575587107468
5 -19.97449759415366
6 5.350825291203647
7 -17.24278844782461
8 -21.647026490287143
9 14.492451349820458
10 -60.9374099608205
11 -41.90355653159338
12 -8.925602752304464
13 -75.3524695776804
14 -1.2528969071233418
15 -42.67807482207347
16 -52.343676139864925
17 -32.70082123339843
18 -39.68739747630777
19 4.021186778465832
20 -35.92623351038897
21 3.4072997793338056
22 -23.62788348953276
23 72.06598569799586
24 -28.665983762466315
25 39.93561989407372
26 -0.03977572010484122
27 -3.6629544883073444
28 -2.520230727343048
29 -0.5990008006478899
30 14.480418039226308
31 -31.11445774119944
32 43.406003727281075
33 -22.275464571066014
34 45.36864237614518
35 -8.025463596907745
36 0.6052663451856698
37 7.0974825860502655
38 12.393866357679485
39 -2.1872386817621723
40 19.96449151753395
41 11.744405076754582
42 1.1831945943102526
43 -12.033964440261652
44 -21.462000167243175
45 -10.945124468555779
46 -13.624582379996962
47 -23.238690196945466
48 9.601412108995929
49 16.81631912818606
50 -7.103012140317598
51 66.45445846607261
52 -25.230057109258613
53 68.14568603632704
54 -40.13137608208308
55 49.23841473393944
56 -23.330684021561492
57 -3.9594646175644526
58 26.85674328819156
59 -46.57926616319554
60 23.035049479276793
61 -24.08890301253777
62 -5.245095286326247
63 -23.981297110092385
64 -39.592890663545795
65 -17.66298675692562
66 -10.860992726731505
67 -26.59388286177328
68 23.81975811967379
69 -41.03955583448303
70 -7.449467147583535
71 -42.896390656285035
72 6.76870676750117
73 -19.27941990770091
74 0.6147700395624591
75 -29.63441752735056
76 -5.163567637637306
77 1.9270274636377818
78 -18.373942036849808
79 -10.27750834788983
80 -16.72838825407826
81 30.81517176950338
82 -16.100545290071913
83 23.383144293150046
84 13.844440873159316
85 39.120528016648066
86 14.184075709934401
87 5.826086053760757
88 0.4909093668622215
89 23.91808873677392
90 -13.216087585648777
91 32.496761669274996
92 12.70269192922098
93 -37.82678244230759
94 24.652238499434922
95 -15.797034309059043
96 46.53200032322797
97 -25.076738122311898
98 25.845431736892966
99 2.0602993691042975
100 -16.69113288884966
101 -7.3128083915900115
102 15.442391655793658
103 2.9911087916936534
104 13.876600529390299
105 0.8218413925475965
106 9.879156245518088
107 38.065758890247146
108 -1.1920397171770136
109 7.3903064790554405
110 -62.928543723024205
111 19.917963055627027
112 -76.6722023073558
113 33.61670266037127
114 -39.66912298925926
115 -9.037464934614844
116 -19.719663645048204
117 -5.605716257046277
118 -36.52991088114568
119 14.62903040445051
120 -7.650864524743798
121 9.15712231372916
122 -3.522049390229488
123 22.83635949828338
124 0.4147076280651179
125 13.704855374462099
126 -0.4733826125065778
127 0.0
