0 0.0
1 -5.082115674378825
2 18.656246289119586
3 -25.01567653002135
4 13.773474311277035
5 -37.834196341886404
6 -0.14892733943154288
7 -24.20652688033453
8 -57.53073030783669
9 -6.362764302795935
10 -81.70867532983432
11 23.46555856936325
12 -79.30112759817959
13 8.058817161152218
14 -70.5408893018785
15 7.368186406404882
16 -24.903034384806254
17 -4.368454160621139
18 7.134544701263867
19 -15.276032879864985
20 9.920630676309909
21 36.833184145436725
22 5.304272575830799
23 -51.23555129791755
24 69.6460217985084
25 -87.73894990601123
26 65.92567266956138
27 -72.52368193724669
28 28.4910717532046
29 -17.46684593933113
30 -50.08624515061813
31 28.08130566669031
32 -58.74864242610273
33 23.33432396282917
34 -4.97445512417712
35 -21.319784319860386
36 19.609336644089222
37 -32.36556420331825
38 -2.072402681705098
39 53.80434468917989
40 -42.32520757743379
41 60.58158803998437
42 -2.037738006646232
43 20.388958743188972
44 -27.03255403594945
45 5.746673636352276
46 0.046224308651782675
47 -2.9898124377917
48 -20.25451534561039
49 4.141891065194644
50 16.33015545257525
51 -22.881244472408568
52 31.914752924009193
53 -51.5731441272675
54 23.625466276106582
55 -24.501198697793406
56 -9.108910016190126
57 -9.599676929270434
58 8.347284565792448
59 53.487710748691995
60 -19.377767870566036
61 50.370211797398184
62 7.427200000237605
63 -11.386690801107067
64 48.28511296133051
65 -9.022783884267877
66 47.47563589586296
67 -68.15647593852081
68 24.3314241532997
69 -12.185374296345822
70 -24.38468813100205
71 42.269086154620744
72 -70.6179839972676
73 79.34676032960569
74 -80.06473340238914
75 41.12272036629786
76 -37.953468005403934
77 42.14013024541857
78 17.07920268391715
79 22.213971200064794
80 79.17452105643913
81 -6.489509749923575
82 74.38359969480766
83 -31.023193624063193
84 41.01236859062528
85 -10.91627197150101
86 21.821509032622156
87 -0.22347699595958903
88 -26.904449465015436
89 51.66365977509142
90 -49.94244028181194
91 30.834536250024204
92 -18.76008819666187
93 -62.53263795498714
94 5.892466726460738
95 -63.38898055647014
96 11.5934469814395
97 -52.48225177783379
98 -13.229851419225229
99 -30.391832913015012
100 -10.977598802915583
101 -46.65175120144321
102 -7.533732662316826
103 -15.07787358797875
104 1.9404474918132744
105 -63.97812222506024
106 10.8657391014788
107 -43.201552513686906
108 -70.34666929731213
109 12.879678118435297
110 -69.70298354746892
111 -35.25589644512304
112 12.537812374439039
113 -36.36854578065651
114 -11.042555549687446
115 10.821371195929606
116 -23.10676441720912
117 50.58107191863231
118 9.465493898290418
119 54.62681311746452
120 -47.44324462070666
121 118.11749084065248
122 -52.45234453218377
123 78.91159702110888
124 -17.146441620028284
125 18.85365658788275
126 1.3376011649901252
127 0.0
