0 0.0
1 -5.22885592130789
2 11.25245058109869
3 -26.729301607252122
4 8.399435031447156
5 -19.947968960125745
6 -21.009978047129263
7 -20.226539164855218
8 6.222364060808926
9 -52.104910042792156
10 49.80672352431574
11 -63.636658142444645
12 16.464147232307845
13 -1.9060991053770167
14 -1.85535326966518
15 -11.554711860139376
16 -10.147928696894114
17 43.0522382284491
18 -28.196085764050103
19 28.985057890395375
20 2.398082765997154
21 22.32795495384212
22 -35.581966998166685
23 65.07876795227679
24 -38.79004024111522
25 28.241584567329955
26 -7.020271665701707
27 -72.47658157209109
28 77.30079287727374
29 -91.86041159514168
30 46.75104626367511
31 31.362346564800525
32 -13.926120257794132
33 41.34970073189119
34 -61.86928916595071
35 58.28887821190641
36 -44.651988339860516
37 -16.582258645721847
38 30.831004423231565
39 -29.891259193293624
40 42.369787649068336
41 -16.662826686738867
42 -25.672229154031868
43 25.493782533210304
44 -64.17281657784442
45 3.268198212294541
46 -31.935774142328924
47 -10.519234299468676
48 -49.22987468978241
49 -18.19347949361516
50 -35.69483816827401
51 -12.189217728205131
52 -30.18344718588165
53 -17.188356701164334
54 -29.073118065292785
55 -22.754312483988404
56 12.843463700178262
57 -19.986894352745317
58 43.71165555697858
59 -23.808761726508322
60 30.10951420066384
61 7.92826435325437
62 11.932824633537521
63 3.1563668089073746
64 5.521737896028569
65 6.529975679685421
66 37.37631685008019
67 9.207865107057296
68 46.1702833990549
69 28.375092175162788
70 70.19584780888307
71 -27.247958213000604
72 57.05510835431827
73 -3.926491583044102
74 8.878687218374457
75 39.109125801658024
76 -35.68114590568157
77 12.619366656340018
78 -21.662056767060513
79 12.224070914134796
80 -34.146459808586506
81 -43.470923999705306
82 -5.144117737866804
83 -0.32813587329294364
84 -20.8580065931903
85 37.46803321686875
86 -36.311508091015455
87 33.3808963909263
88 21.33317131364728
89 1.5546308381569018
90 6.283099551639534
91 -37.48586264483534
92 -3.364378174579331
93 26.30653154605764
94 -52.46329152151115
95 12.819003253867324
96 -3.5102757565313203
97 -38.040592575642265
98 7.312193111202976
99 10.014508010794064
100 -12.505565975635486
101 40.05861738706477
102 23.96614357539342
103 -2.7665067163496104
104 6.993482565862848
105 3.7691028353535474
106 33.49092639711935
107 29.51919901777428
108 -28.33918993142662
109 39.8479740085975
110 28.071613646789334
111 -29.42485096552393
112 56.40514391959521
113 -0.8081640893830552
114 5.431013679764601
115 -21.56496604531034
116 6.173529456262159
117 -5.0875770557214235
118 9.96149846976808
119 51.76613036486362
120 -57.032848257443945
121 56.60343961793635
122 -55.99795243173916
123 39.446734846598176
124 -17.254319746551747
125 10.293824654213283
126 -1.440667836210958
127 0.0
