0 0.0
1 -4.938102908480526
2 13.24451093950917
3 -28.942447436150914
4 14.34704983587197
5 -31.71368499338989
6 -24.728255128118807
7 -19.090821756195798
8 21.79085302693047
9 -52.72033320159728
10 7.849287319931031
11 8.165403553424401
12 -34.64736331186408
13 55.6788822179371
14 -47.20303934524732
15 42.56554523423246
16 -31.556165342147985
17 42.197452712249664
18 -13.064642342322777
19 0.9927664489076493
20 5.387373524471371
21 8.174514333132667
22 -36.91553261756831
23 35.163753777498144
24 -34.48867520088136
25 -4.797901101150709
26 -5.617047835559525
27 -13.922950347785674
28 -25.926126600470905
29 -7.473210438777577
30 -48.148052431697785
31 12.30648111285753
32 -45.79418838211922
33 -29.53047392171659
34 54.28257134406963
35 -22.065836075953513
36 52.64599076753984
37 11.448329011735133
38 20.06276694096469
39 37.43062321550323
40 6.379327182234242
41 -16.04536276122083
42 12.409574420712339
43 23.394238436384317
44 -35.04106283002229
45 50.629287434460544
46 -39.679913988129
47 2.4024316170141056
48 38.993297302737034
49 -44.14528744692154
50 60.49163058921155
51 -58.03183818575875
52 8.726130686524199
53 -10.396740539932445
54 -13.435368641631133
55 -37.870721567385004
56 -22.520651662961022
57 -9.458023061899283
58 -66.63938323885743
59 18.704925753899197
60 -55.53137901823053
61 -4.636280344413754
62 -19.440926617103663
63 -21.38854524311806
64 23.719127501201267
65 -6.950752818028663
66 17.48035200997139
67 2.254194397585159
68 -11.762988474603569
69 61.64165646488059
70 -37.29901312654266
71 35.34361971531888
72 3.479587006525165
73 23.367898976406973
74 -15.547634685281592
75 -12.097192187303063
76 20.389688927923057
77 -52.28814033987909
78 -0.8990320365961297
79 29.86784446133591
80 -67.66655375446588
81 14.55098601766936
82 -29.77536853748129
83 -4.494805810332653
84 65.48418934001585
85 -51.91119004286622
86 82.48216034675393
87 -37.808601772422435
88 43.937474405790965
89 -4.406782592920626
90 48.735859063974345
91 -13.666770131711436
92 38.89537231501299
93 -3.5011046184307255
94 27.00180753248005
95 22.150800813630365
96 -10.611953625747065
97 28.36619097196159
98 -20.977591206300293
99 42.10424855304756
100 20.39526976626127
101 -37.32053528805023
102 25.460075472160938
103 -11.99907587878344
104 -32.783672880495615
105 4.72126255544866
106 -68.6682008994071
107 13.504513784905313
108 -20.334575693248
109 12.774531437483107
110 -38.17669376900471
111 16.175336271011986
112 -51.12454863133215
113 -6.62147024936675
114 -36.6488496709011
115 7.170159568204001
116 -1.2974194831187815
117 8.703621630514919
118 7.319775684922482
119 11.068231827645915
120 -42.44307011654608
121 40.017821960467906
122 -14.38577932587643
123 34.080583704267944
124 0.5728231978133878
125 8.249550225216169
126 0.21047473439194625
127 0.0
