0 0.0
1 -4.667010096067075
2 12.028646697407378
3 -28.677239490382703
4 6.23438187137794
5 -40.02782410847412
6 16.044685796698154
7 -58.41597212775995
8 -6.487783510513346
9 -43.69617582632815
10 -17.89475689659664
11 -13.02360878640915
12 -49.23931635730191
13 41.12912968657944
14 -31.599461589312238
15 57.10255116421031
16 -74.77361537563974
17 98.58766601530247
18 -124.10248539893387
19 103.55055143772995
20 -29.93483316097513
21 -4.682151142985786
22 61.75391433489637
23 -31.022001938011517
24 50.518955601955696
25 38.6123895221255
26 25.245779973179317
27 0.04264826848823102
28 85.16667811231046
29 -55.09233818965013
30 56.33690840090557
31 -36.27087919587536
32 5.303341090736245
33 -16.201652291255165
34 14.194346499595397
35 -33.060888189231875
36 -16.41468763075956
37 -21.623756783008737
38 7.876081908379158
39 -7.91208035805086
40 -13.564961375588506
41 46.37372049505957
42 6.4628013442470005
43 32.21355393094425
44 33.14036678170987
45 53.74257007158548
46 4.035986961330877
47 57.29759845896213
48 -49.854353148970674
49 18.004988775622152
50 -53.666684302882224
51 -13.725243353109427
52 -79.33996196353438
53 19.905660487258388
54 -30.00370231593073
55 -10.644115419785797
56 6.8268567655896035
57 -20.48477997722404
58 -6.982765801579202
59 24.703838669511306
60 13.004269530276105
61 10.902135357849566
62 4.220630920397977
63 -13.391461477325501
64 15.71932880015604
65 -17.034308851211506
66 30.93109139586063
67 -35.3337748913634
68 75.91845625358205
69 -31.14436920668816
70 42.96367406372263
71 -19.167305025069354
72 -24.571924058735064
73 11.427718247117424
74 -39.656765657009316
75 43.70882192865427
76 -2.317863195297874
77 -8.889092892427682
78 14.218436930570846
79 -31.52260531783077
80 -1.2057850526136058
81 -24.5961936426569
82 -5.273140236100672
83 -30.02830946282563
84 -12.084015430882857
85 8.123929581002235
86 45.90011038847997
87 -19.96983367755991
88 35.125808564149075
89 33.5821586352009
90 36.09031315354497
91 36.45009910484633
92 4.036993177351533
93 35.27047277758433
94 -11.396150243751514
95 13.43148178087003
96 -24.982672827075874
97 -55.107033224889584
98 22.169625716472407
99 -52.54651502889866
100 -32.306676358173966
101 -4.648433335690895
102 -68.09336450360328
103 28.483494904507854
104 -67.39706612902414
105 -8.957706295038049
106 -82.62102525626435
107 31.170692966406758
108 -17.959268796488637
109 -41.48738925513737
110 16.236048757451613
111 -50.374707619933965
112 -29.830093055862346
113 -2.8090537419929644
114 -60.24710676509538
115 8.734273404667105
116 -27.852584813505
117 13.439749547229171
118 -1.614085902228007
119 41.46467652135324
120 -20.514873512837784
121 48.15880813443213
122 0.05865501977204698
123 26.748293238075362
124 -2.9783613934614337
125 10.659495264491957
126 0.25392214246138317
127 0.0
