0 0.0
1 -5.12681831310649
2 11.896635907961237
3 -16.49128508793786
4 16.794486913066287
5 -12.732820260764012
6 -17.193782626276597
7 -0.7081279382853142
8 -42.238354385640264
9 0.3655411506135479
10 -63.6712585394659
11 12.702941481802224
12 -41.010107601182284
13 22.27319549506595
14 8.443584734282119
15 7.950946591489479
16 -4.916367987739921
17 -10.145479300629713
18 -13.02116491884811
19 -16.659371375285247
20 -20.578701420464007
21 -42.282185466981396
22 -28.406675671693353
23 -13.018757602851197
24 -6.793059521590543
25 -10.438280360855655
26 -17.29881589829532
27 14.915220813326314
28 -12.49378904083668
29 23.579156931569205
30 -26.76193612142785
31 21.84450436218382
32 -4.180749324455119
33 -27.30127447323326
34 59.22288223368759
35 -71.29355481205118
36 87.66291128737885
37 -41.50334846599399
38 22.358479464795987
39 -2.533972883698474
40 -78.68810646532107
41 63.10927925360685
42 -81.68325126188023
43 31.183356783155062
44 -42.05249891534386
45 18.09338080974711
46 0.5724481477792548
47 -14.066445073956569
48 44.146299496894294
49 -42.087275745763854
50 33.74120997409111
51 -4.586348692955709
52 -22.177485554841425
53 58.45669569835431
54 -85.16155097633072
55 73.90373463121219
56 -28.54721033602894
57 50.119670863599026
58 -16.200334341267602
59 7.69327907460685
60 18.39557786791218
61 -44.396201092859464
62 50.035499476104086
63 -38.924952985445444
64 17.09082855957467
65 5.3852560876183135
66 16.027345779621925
67 -31.345845329153622
68 74.74091423978825
69 -64.01612257307097
70 74.05186415567337
71 -41.25850279924339
72 30.034845490603306
73 -11.811998790761676
74 -15.746116016102642
75 -1.5702693404824093
76 3.9701555941778315
77 -6.4782198011937675
78 -15.598349034856465
79 -11.866110255413227
80 0.525328706363175
81 -19.029717998675967
82 -22.672697057446168
83 44.183100789451736
84 -25.054356616613592
85 42.92784105114555
86 8.352256449428443
87 38.65403044552158
88 -31.947341906438197
89 45.176306350385495
90 -60.85012044603481
91 50.90627294702687
92 -45.67452577783264
93 11.350358220378908
94 -12.214987567665132
95 -23.042035051692952
96 -18.110237314391068
97 -30.47942252109967
98 -27.852922473775482
99 -38.6885765553586
100 -29.747777916971632
101 -49.51577018293955
102 33.82528050728045
103 -59.25446625446824
104 69.11699182828595
105 -54.944319305003575
106 1.8572888699463137
107 -1.0478310226282024
108 25.717726868377266
109 -11.381216554218868
110 26.36076015069296
111 -1.776287042840487
112 -28.949568786499103
113 20.52742050812494
114 -25.190082547139575
115 35.85657496443363
116 -35.10988656624322
117 86.49470373027195
118 -21.819165107269495
119 78.27260411994313
120 -17.727200969300643
121 66.76875839585945
122 -23.364455624877685
123 35.275138909737464
124 -11.27253799551182
125 9.932518729145688
126 0.4746656032228294
127 -0.0
