0 0.0
1 -3.110492317750224
2 10.067521187921475
3 -19.24421314854941
4 12.852258057330108
5 -41.11002590168183
6 10.94283510450704
7 -87.63723625646098
8 -11.932041135345907
9 -25.405934308903657
10 -1.8800854652997712
11 36.553359498156354
12 -59.06740645049637
13 26.643206660465477
14 15.587508431490619
15 24.328213005686408
16 -2.0303711298092453
17 26.455720724090757
18 -20.62613695189121
19 43.32053167512081
20 -13.082342622857434
21 17.457247426176718
22 -5.269284903589793
23 -20.344523486019646
24 -27.315199151052887
25 -29.641177076786402
26 15.033330433681023
27 -37.85239336357261
28 20.378812340169393
29 -21.3871231972262
30 14.874899082008636
31 -67.5877342997752
32 9.974088943858678
33 -70.81440672543332
34 -54.517166014776166
35 9.657312429741829
36 -77.66328082793193
37 23.91949320686085
38 -32.40094264663607
39 -41.519112036683175
40 -5.283764312039023
41 -25.187141407471756
42 -17.633688092606164
43 -12.054349402750548
44 -9.138456474375012
45 12.000381065218455
46 -66.99760355679132
47 -11.772227584041692
48 -50.06038917860567
49 15.034077662989679
50 -26.119950991290278
51 5.667460821269862
52 19.185825292785367
53 -31.320896220421492
54 36.36317151627364
55 -10.398478448832762
56 55.63856118482557
57 45.38907487538868
58 14.956564538973607
59 40.703695101816145
60 30.166451375477912
61 10.539526178322152
62 9.515328628530407
63 -8.600599650569842
64 -14.585192545372271
65 6.208485724065256
66 25.020528804634807
67 -20.12450858661896
68 31.589154423607383
69 16.14990787893801
70 4.072642719854353
71 9.46726659444298
72 2.7821331368100015
73 -27.966298638688862
74 14.572048480954436
75 -52.05258472942167
76 7.296831386146333
77 -23.73959339054784
78 -19.224615398530048
79 42.79122599686482
80 -56.29393795533466
81 37.28364646850531
82 -20.425255410886884
83 -4.069849495011857
84 34.330431147693645
85 -46.7361398882855
86 36.859434685445514
87 -21.49681943488196
88 -1.915532203927952
89 26.220638482312612
90 23.60199929674556
91 -13.317540276283946
92 24.620693898659734
93 -34.54933227153488
94 -25.364681233079725
95 18.44976971729793
96 -55.297199405151446
97 -10.412651604585216
98 -78.56847643748945
99 -5.1981271578287895
100 -57.1855458372321
101 -2.614944560358155
102 -53.99254719783193
103 16.881546229720765
104 19.91218831339404
105 -0.4791772403408338
106 72.5717990829359
107 -27.525624652218987
108 84.56301926315886
109 10.364126455951482
110 24.434905999235603
111 24.70421563378453
112 -4.758412936842961
113 33.632848203842826
114 -20.758933821273857
115 40.030596123417475
116 -26.542441800294366
117 21.858174292731427
118 15.917705412983215
119 39.45939207475755
120 1.7991159711386007
121 29.016471049030127
122 -16.23754431160086
123 34.85136024675044
124 -8.424315969196222
125 12.55353170752288
126 -0.559119619120016
127 0.0
