0 0.0
1 -5.0391358878120425
2 17.07436897823289
3 -35.05774187567673
4 8.878017764931895
5 -33.956193624198136
6 -31.36251578487848
7 -37.26915886532898
8 -43.21352751960638
9 22.69831901045646
10 -117.7510259406474
11 17.618314241689543
12 -39.545074895132814
13 -45.488934112698
14 10.955349591676026
15 -8.962236133312574
16 -22.487702128598254
17 9.288078964489692
18 -5.750770507172351
19 -24.569094920889142
20 53.00728279555126
21 10.105232305934209
22 38.215742069576564
23 61.04562401789225
24 44.7111741232364
25 38.05829035969019
26 48.42271036547565
27 26.71488258316337
28 5.908262198284317
29 37.01427878919611
30 35.87901494431445
31 0.10386051943148514
32 35.6782537852496
33 -12.509155950242079
34 -13.852479881664513
35 10.241216822814561
36 -39.97654542906346
37 -2.3808505427660016
38 -55.4662124830034
39 -1.5316633050565014
40 -20.011976815637603
41 5.359712950434716
42 -28.28747006587631
43 43.62281481537875
44 -28.405049643657954
45 15.80097525617125
46 -9.270156910024404
47 -32.61291892287889
48 49.10026037950645
49 -45.375529704655115
50 38.68642183995554
51 23.574383989091476
52 -59.237830889240065
53 47.73978526389485
54 -47.47122787266544
55 -12.38007843599403
56 19.112446466976667
57 -45.08716327203604
58 70.54863876006165
59 -77.91933359127256
60 45.40930346461706
61 -34.47780206452049
62 -8.27058702393612
63 -31.349006407650915
64 -21.211887934166953
65 -1.2218433500083188
66 -83.04228872571478
67 16.581291871748796
68 -61.11179340299848
69 -24.86838010433133
70 -31.140348065653406
71 -5.037839585733332
72 17.91464443426744
73 -40.137937470021136
74 -11.1042163232279
75 -33.41992448981933
76 -2.6450727238845633
77 -5.965209691605578
78 10.504299020715065
79 6.441335043864252
80 2.7417272938824833
81 29.92990471164278
82 2.6848135553574677
83 27.152516192843002
84 -21.53179888052474
85 61.49762753678858
86 -28.867732966655943
87 25.34185303970369
88 9.800428810932436
89 -26.691186842582493
90 23.11476865820816
91 -18.507299675680517
92 23.5789000029194
93 -55.40007497305236
94 39.20801157448336
95 -6.655694064675446
96 -33.313930141816876
97 49.61857168773807
98 -78.64275530593244
99 29.64174225202982
100 -6.212002426200587
101 -31.31990492224235
102 -23.124882290599572
103 -25.245053763929
104 -23.441686159669977
105 24.209230008678848
106 -13.203753611696019
107 -13.737589254013828
108 12.526176233099694
109 -8.277999286409344
110 35.746848740201045
111 -36.76377822917693
112 69.1674646619545
113 -17.19661298520842
114 17.006210064548977
115 34.61337006118255
116 -8.718169509662639
117 65.46302467418778
118 -18.53005360578615
119 90.00927906763353
120 -50.832549112807094
121 67.89209173116151
122 -36.204345261702855
123 36.28125140474448
124 -10.566256147856848
125 11.34224285837538
126 0.7296174784556553
127 0.0
