0 0.0
1 -4.862829618181109
2 15.924290597545268
3 -22.615914645647706
4 8.785897475146639
5 5.15182459718249
6 -39.8068111261002
7 27.066427566996268
8 -51.93959995996158
9 -7.037751198629892
10 -8.808581815318995
11 -12.193192035993201
12 -9.779391036058037
13 3.2173929225507414
14 -24.628397761298995
15 -16.44159019979127
16 -22.74976582184351
17 19.642853741250786
18 -40.12824897255073
19 23.51519647142086
20 -40.748058416379116
21 17.3804041991573
22 -34.76181904110403
23 -12.40863190581001
24 8.225009258415891
25 -17.585883020088595
26 76.77449619969883
27 -61.850154359472526
28 104.45488759591198
29 -58.814257229548076
30 42.34149027281834
31 2.0492774367700775
32 -18.947299559680012
33 18.79040219113185
34 -65.89680732675576
35 26.063212882079362
36 -83.50750248849702
37 59.446072809153385
38 -38.95670341500235
39 25.319652615424797
40 23.768247395354177
41 -19.53729280035029
42 7.235797065164561
43 34.99486663294707
44 -45.94528701970861
45 75.85716897811487
46 -25.21998590263217
47 16.68048387469867
48 22.89315361760662
49 -18.33737997973951
50 6.386287338891384
51 65.89963738646131
52 -20.913275149156295
53 24.31356227711837
54 69.79999651334361
55 -61.38276991125632
56 54.835005211910236
57 1.063397245941173
58 36.38384450434397
59 -33.81461031983419
60 33.83409344938484
61 -31.70474982724962
62 6.692423407132222
63 -55.901118586222736
64 -13.541508903852781
65 -66.85108654933579
66 41.13333109836686
67 -84.7745890790976
68 20.48499241438085
69 -48.0663136674519
70 -24.23232232178433
71 8.31193609236197
72 -37.040809299276575
73 3.296262650082216
74 9.567570850489448
75 -21.532136864158588
76 8.60076610983881
77 -7.017690607183035
78 17.838916094194524
79 16.568291910440237
80 -38.90200321320592
81 56.18827671689595
82 -36.73962585900922
83 74.16135298053787
84 -49.064507624601774
85 30.581109698445147
86 25.12561810280681
87 -23.20660420117455
88 -9.788492139531657
89 -34.29756093459213
90 -16.830446811356037
91 -2.113396208156231
92 -54.50445213021665
93 80.16212644709277
94 -28.650803934570135
95 19.631358949825984
96 21.773319761908727
97 18.29167531456458
98 8.882784482439217
99 28.40693204944451
100 -23.24719645521651
101 15.291335941529866
102 -28.76900659897332
103 4.007656387595251
104 17.72925438553339
105 -59.60723575130704
106 29.988197797698163
107 -67.20946938453314
108 54.93497210709269
109 -63.62601406842743
110 23.367832194894934
111 -44.9662098680001
112 -12.224171241656297
113 14.502723203360327
114 -28.61945941633711
115 42.634724378507784
116 -25.30081851200962
117 17.498006401131647
118 -7.929394610622648
119 -9.75471876166185
120 -10.895306405918147
121 52.18646066260252
122 -43.31559680712166
123 34.581818983318605
124 -9.63950591297495
125 9.415742039925096
126 -0.3116713493054745
127 0.0
