0 0.0
1 -4.651028989008369
2 7.435033567429315
3 -3.5936525089278812
4 -36.84196824784117
5 14.000313408462683
6 -76.02826489263886
7 4.201097662230017
8 -61.306805960585315
9 11.726304939373337
10 -36.197324285463864
11 5.762362799755408
12 -42.25321258402313
13 -30.687469138445316
14 19.93429828815701
15 -36.751605653239025
16 18.529535577816524
17 -36.62656688697657
18 -6.5716355960187895
19 -22.508731710978406
20 0.5947299237689103
21 3.910095964696225
22 16.348528356174224
23 -21.95688283621379
24 79.98223597003215
25 -22.572709742890254
26 68.08403109706721
27 20.07421033268172
28 -37.23395651068795
29 96.73793069415068
30 -52.61887391793447
31 45.84720186676767
32 19.117051694738777
33 7.857346027556942
34 -23.868016876253126
35 21.784317994876474
36 -40.23782559198605
37 -28.829763077621365
38 2.1772423072692524
39 -32.15224829468103
40 11.693160432358267
41 -23.035874144277745
42 -4.940135559866351
43 -12.1433709262721
44 -46.69835891033336
45 -12.765370976527693
46 -39.60859858669451
47 -6.112218227816842
48 -29.14279575761909
49 -25.412002633311268
50 22.381827982793858
51 -33.88691117407641
52 21.198308520732667
53 -32.23829773403581
54 17.323190700639277
55 22.183741750176413
56 -4.295979697833703
57 35.71216418462143
58 -14.827667642653495
59 44.99465051485151
60 31.145923974562645
61 -8.432425435275238
62 51.4535304815089
63 -19.876689889963238
64 0.5354391145243188
65 -6.985600383450621
66 -28.30507308352724
67 17.90582932298884
68 -15.394563356786788
69 -21.55989239120869
70 -1.2678043468426912
71 -5.509544339638985
72 -36.035955093304665
73 17.20844652820956
74 2.5209945916589764
75 -1.9963802436263287
76 20.977729563153247
77 14.946768948411368
78 49.806282602098605
79 26.342775320160282
80 -17.13390708808964
81 49.04554136028099
82 -35.30935128604051
83 34.03196693947183
84 -33.612587904137584
85 27.90020873868573
86 -10.70155470148878
87 -38.6294571653921
88 2.690897202177016
89 -11.532733026228495
90 -38.0583681668042
91 -27.07612902460518
92 -12.034654884722334
93 -32.41457501827379
94 -7.367814624361791
95 2.2428215391313913
96 -38.446916096543895
97 -21.81677661548021
98 8.651085346704152
99 -19.785010473175326
100 56.51295227742027
101 -23.00289464299114
102 97.90477046385762
103 -53.084082984536664
104 86.41078474387575
105 -37.97037904045184
106 29.42393945820273
107 42.98655442090911
108 -33.82044637468288
109 55.880124189753616
110 -12.72886633915443
111 13.601194944606501
112 7.508077009350732
113 32.87346866004482
114 -58.90557521256202
115 56.88170693153527
116 -81.89799514249027
117 78.1783985563873
118 -94.70557861821611
119 36.44971888138463
120 -24.774752132485663
121 7.8469217381425
122 -12.428204117267413
123 16.91143261081851
124 7.705999800894499
125 2.593651076663189
126 3.3955011923866723
127 -0.0
