0 0.0
1 -3.941330828317983
2 6.610532060620289
3 -22.143298598921227
4 -8.534201705757095
5 -19.8331975058409
6 -22.490380649438546
7 -29.957523487724075
8 -3.630155143496152
9 -32.3207022060378
10 -8.388132645796686
11 -92.87944580792117
12 16.830561075340654
13 -83.48134410851078
14 -2.8895327284039825
15 29.90865150226614
16 -58.48625004695227
17 8.079250442278248
18 -40.107274522443234
19 14.732924390069583
20 -27.06472536498318
21 20.47684925783471
22 -26.62862234720203
23 21.063334312533268
24 15.38847804470066
25 -22.942306648624875
26 34.55430750611246
27 -8.129978977181624
28 -24.654416551625445
29 41.56512111796054
30 -24.762339384528623
31 23.76762090129501
32 -11.370958611494926
33 39.492110992094595
34 -17.40814979207114
35 5.331663398587316
36 67.25454587166593
37 -54.961666858872015
38 15.165936863897217
39 0.414066972391185
40 -4.149403797904053
41 25.802277492210592
42 -6.470551231194456
43 -0.6666992451361408
44 18.304019822654666
45 11.851210779012614
46 26.060970152986524
47 -32.33530283003522
48 8.480649361146071
49 -33.249421897552345
50 -22.4530216415479
51 37.19688352046466
52 -71.62320733606651
53 25.101426998269538
54 -7.006736625985578
55 -47.25287362212653
56 65.4715121333631
57 -15.798929847376993
58 5.501844042254665
59 35.99482787183162
60 -23.493600951009693
61 48.67924799401001
62 -28.89405678499695
63 46.65534836884776
64 -33.24407009345792
65 41.67960451884885
66 36.24532976374941
67 -52.43286582741892
68 37.49707208184376
69 4.697604978722417
70 -42.34829086025226
71 -7.827056767291127
72 -27.59580519058632
73 -28.902739187841405
74 13.695561650426344
75 -44.549980799156934
76 5.912300225359694
77 10.167438832516481
78 -26.76685236277406
79 0.24503018529091214
80 5.28122054048856
81 -14.731742650738546
82 6.821543289337894
83 -24.293982148795394
84 26.475256498211454
85 8.761491451339984
86 -0.19909381456689457
87 6.073224399510408
88 -1.2601308578257866
89 -22.6376504731907
90 14.327478429904625
91 15.959782629003227
92 -20.997402710256438
93 14.852813613165994
94 9.54859413441605
95 19.01172087614196
96 19.09439681351488
97 17.38172789279225
98 -16.70240578527874
99 -11.262199853395646
100 -6.608720882837054
101 -39.608643487028594
102 -35.83583501647941
103 -27.05675539684559
104 -53.83975372461493
105 -3.954245556505555
106 -42.983875184096796
107 -19.64321609000343
108 18.73720369131154
109 -25.48596371537657
110 9.434388642496485
111 -27.072015806099145
112 -22.823158958378055
113 7.234977372325775
114 1.2794795769653193
115 34.71708482622552
116 37.46998375332872
117 -6.678561301975653
118 21.533563037596345
119 42.733804034184146
120 -10.17919075983341
121 65.44736124522889
122 -6.944441431468265
123 40.95594121862533
124 -3.020669699767482
125 13.339141000081602
126 0.647619736515553
127 0.0
