0 0.0
1 -5.361038739081161
2 15.297990956974028
3 -15.652573999829913
4 6.321600130752265
5 -21.816382256958754
6 11.436813332225238
7 -42.194800179055534
8 34.20153819339445
9 -40.052597710129675
10 -38.884901411363266
11 -7.017748899983454
12 -40.596878312281454
13 19.522657929989414
14 -61.159306098634346
15 29.805775288193544
16 -46.35545729927114
17 10.040923194836562
18 -42.43219350162495
19 17.451111678925045
20 -67.64983109765062
21 65.23387257733702
22 -56.78573276623468
23 51.377464410113866
24 -22.300405696740796
25 -7.577304697892285
26 -10.484369085225632
27 -51.77234705531323
28 36.96469635175037
29 -50.94200338671544
30 60.431695909876844
31 -50.08338171687019
32 -12.313012102069385
33 29.877140275146665
34 -45.19184965812233
35 -12.681813388808129
36 -20.142564025249904
37 -12.525604969049729
38 -36.04666536039421
39 34.202352532978466
40 -13.01486025839867
41 18.75154158085503
42 3.410873094312797
43 -40.32197775555854
44 23.222893112207544
45 -102.86265028608955
46 104.11603616349937
47 -104.56864490138393
48 38.51856040928823
49 62.69784187852837
50 -15.206943869223707
51 20.54118601703239
52 -58.109567447170775
53 40.82874836818703
54 -14.21856198458787
55 -10.808415823571059
56 -12.976532041936483
57 2.9239761082041444
58 9.953092357408867
59 8.532020386770318
60 4.185895947292484
61 26.58044778732983
62 -17.626040518736474
63 42.32493451621027
64 -21.663094503488217
65 68.04934257197147
66 18.30080877218155
67 42.69573323608319
68 0.6304755278295178
69 11.22712782558669
70 44.71343008936689
71 -78.03203460331683
72 83.79265114094777
73 -15.351512359106996
74 -25.239575449259636
75 43.31709081274206
76 -48.47579292983145
77 46.09152905876474
78 -35.61490995584207
79 15.694712888553388
80 -0.1196671871111116
81 11.137696386173877
82 41.87572928201965
83 -51.74443499872853
84 109.06965745652204
85 -79.46331396244199
86 65.85035032383139
87 -20.41378321601442
88 28.154423476885952
89 4.626189112488212
90 -21.914600637771162
91 60.26606661832865
92 -60.634375158017896
93 77.09717398229452
94 -65.30573644390533
95 57.26984865649344
96 -8.012202392443651
97 -10.181867035729095
98 27.960312755218375
99 9.515064044525829
100 -9.830889495845618
101 9.617282411680218
102 2.340131265148442
103 -25.153329971447036
104 -0.26157070428248475
105 -76.21940940633621
106 9.813122316858937
107 -35.79052265933877
108 -27.081456248381535
109 -32.41333084591583
110 -81.53671741836568
111 15.883131647204463
112 -55.75189550014804
113 16.346155948307356
114 -24.75424669698828
115 17.192270575497492
116 -48.93955849505872
117 10.524646934598035
118 -1.7160854175964828
119 9.68148418595137
120 18.416473723471434
121 36.877829093542196
122 -38.8651884245081
123 38.747499511476434
124 -10.339081348217043
125 8.2193317097098
126 0.613308603867324
127 0.0
