0 0.0
1 -5.390369612235572
2 14.85582143520321
3 -22.037566632905893
4 -1.283378778863964
5 -17.309816407502115
6 -39.60491383217594
7 -4.728137725059321
8 -8.503396612253466
9 8.840292942920023
10 2.9110226177367333
11 12.60656258569911
12 -14.96611959039071
13 -1.215460916720137
14 -21.501948752130076
15 65.75068066387088
16 -63.94961328725361
17 71.57054493818558
18 -41.83823691523179
19 9.29881157242989
20 -25.478512448754106
21 21.77203542498485
22 5.72835780386603
23 -27.055576209053694
24 59.26397967039517
25 -30.130743706282338
26 29.494297898654963
27 0.770344523343429
28 -2.4168686017049046
29 -6.590836939126826
30 27.170575781073325
31 -1.1125288238970554
32 -13.92205192069409
33 14.08428765577922
34 -34.13342793450135
35 18.23775394847165
36 -31.286908986234366
37 7.652538546984908
38 6.150246129530089
39 -13.192000240293183
40 31.35075065189874
41 -35.84771982149099
42 30.494359287084798
43 -5.916076242414506
44 29.74133055086202
45 25.31657776934274
46 -8.90056438208851
47 17.37820310397559
48 20.92004325457649
49 -17.770075993816818
50 9.87095155637703
51 6.241600409734036
52 -29.800789633576148
53 55.5259285316931
54 -36.28360040895869
55 6.377664093979109
56 -26.258994442488092
57 -33.16368366915609
58 -26.66682315565894
59 -39.606969646766274
60 -30.66048634912788
61 -41.971207031980036
62 -36.84595785084092
63 -40.727293754392285
64 -44.421414165006226
65 -44.921795026299115
66 -25.989232058887513
67 -33.72580902216478
68 -38.94660676128232
69 1.9839045700927622
70 -14.831314203079637
71 19.782295445314148
72 34.21890423173018
73 -8.398751987081942
74 34.97208323525056
75 -27.679977667426016
76 63.70556065838661
77 -0.01651511741372457
78 8.748505732367553
79 32.5588151472614
80 -35.0999670854525
81 38.31446761589894
82 31.60374352748677
83 -0.04367118914875823
84 52.15075018696845
85 -1.4226918710032188
86 17.32448740254749
87 21.213065290976907
88 -30.98315081112383
89 76.49884321575595
90 -7.0979191008942095
91 47.48984886011004
92 17.43846448800459
93 -8.068248208902842
94 38.48475803484187
95 -32.43827479758267
96 -51.844811986284874
97 -21.53612193875174
98 -33.550281985534944
99 -20.0059036628714
100 2.9592683512613362
101 -37.30851509137682
102 -11.435262654566394
103 -14.587407415078014
104 -8.461669099923446
105 -49.96561343699733
106 60.88686306697774
107 -68.23810198985366
108 58.42469715900652
109 -16.035899156569087
110 3.081571690089706
111 -8.702562035564467
112 25.008287975976952
113 21.35882664852994
114 -53.06877558785388
115 37.349972615589586
116 -62.854968420824115
117 33.755103024492705
118 -55.28306466925749
119 80.57643575620104
120 -80.86368150229696
121 58.03764978967829
122 -25.124774547623584
123 28.72011466510985
124 -4.110167991537015
125 8.904829230191494
126 0.767140713015128
127 0.0
