0 0.0
1 -4.854139552535308
2 13.879398394590163
3 -28.794810514496504
4 4.358686429836649
5 -25.688955654696283
6 -45.407449771207425
7 -22.348192273556677
8 -35.054260884417886
9 -34.38614427027915
10 -61.2720400136633
11 4.488018611983993
12 -75.67330893538241
13 38.56805526256186
14 -72.40445350661297
15 11.451280494953112
16 -40.324962480700705
17 -25.361495508884396
18 -21.463456479143034
19 7.360846125014964
20 -22.548102371713
21 9.669775914480018
22 -19.2370901380874
23 60.29416236520139
24 -41.71202881605301
25 53.48171285736029
26 23.089454421030684
27 13.583695972838497
28 106.88978834217536
29 -70.57439409273009
30 149.43326194746692
31 -121.53579868774231
32 95.24374736759057
33 -13.252306411501298
34 -1.2173608208376239
35 50.08764677768875
36 -55.82589605234743
37 53.479735960964426
38 -22.957918217151438
39 45.917202759519895
40 -5.314967455284726
41 46.63705023749632
42 -11.87775916001873
43 17.436784799866363
44 7.669546727055066
45 -0.7289759072449498
46 -13.982528231146764
47 20.752619460992072
48 -13.015035136491425
49 7.956146926521989
50 -33.335245806805425
51 25.83130840886713
52 -46.6710730699032
53 10.140421366532252
54 -40.522952579159686
55 -14.05164298179724
56 -2.0717427029554067
57 -32.596904721994825
58 25.93654725881724
59 -35.4186536289838
60 48.568387436753476
61 -45.29788141352772
62 48.202758356294204
63 -39.62312554996245
64 25.005842704235185
65 -48.044977056854485
66 -24.90787840799593
67 -23.58261713425688
68 -44.382249650935506
69 1.6874137303773602
70 -23.058528784344645
71 25.19430792162687
72 0.5273333570874265
73 46.94773665565495
74 -1.9132538496561455
75 -0.17353529385878372
76 13.166063320828462
77 -1.7070900218119043
78 -20.67709928415201
79 43.154762161047934
80 -22.051955502416824
81 39.60108711047841
82 27.88776316791645
83 16.757349165179956
84 -33.22251598995838
85 13.369541815941915
86 -30.848757586464494
87 -21.173101287067336
88 19.908136549480705
89 -49.11248079130081
90 81.63707725777704
91 -38.79404457226345
92 53.99864539197949
93 2.6624990151408503
94 24.790565771284268
95 28.089432970624763
96 18.297312312463273
97 20.21350110618511
98 -0.4637112570797961
99 35.83266490722944
100 -1.452306560869285
101 8.754234945241356
102 3.77480673550013
103 30.339240514954557
104 -43.891011290830136
105 4.014629545103533
106 -71.01144013259373
107 -17.13594537245151
108 -19.87846917520486
109 -15.280311651787544
110 -30.95401060617854
111 -10.025285562007118
112 -18.095343246328323
113 18.849671304428664
114 -36.130763422928474
115 -8.543006987818073
116 -8.697514968717313
117 -19.73679070379649
118 36.872995467779084
119 -21.133519016543868
120 15.091769528145264
121 21.267171278075256
122 -27.4398620321724
123 36.71873276536763
124 -8.491765900318903
125 10.183611106351053
126 0.36168929807194033
127 0.0
