0 0.0
1 -3.6240094010910804
2 15.910736073127206
3 -6.006661948398298
4 14.041291949714868
5 21.720284771279886
6 -1.7028161932969652
7 78.78398698976501
8 -15.59728475363209
9 47.53719091133205
10 -36.96270944594111
11 9.18739669897956
12 -23.706875270521493
13 -20.137639544422193
14 -9.80549595339429
15 -48.65169845618019
16 -41.081002319560405
17 -20.82681510186198
18 -51.12675176105015
19 -44.32037397196811
20 -70.80305327488871
21 7.097658044360008
22 -66.04455907326393
23 -41.326831993759235
24 52.493103358647595
25 -68.86111766104271
26 24.93470993802569
27 -21.46982617271712
28 13.721761990612725
29 34.045297493782535
30 7.214093120398083
31 -11.262535101375676
32 -7.313702782360637
33 32.84171605949294
34 -37.37384299886225
35 10.709022017954258
36 -27.002885041769684
37 0.30682867838106964
38 -11.020863586562243
39 16.420299205469558
40 -6.570078830664412
41 39.00697755393884
42 -6.7897624741711615
43 12.738103326083145
44 52.198358168238585
45 -27.162247430757454
46 53.36679663384531
47 -53.744395037374375
48 2.2183063767849216
49 9.762384993848164
50 -16.848157345545005
51 38.41432255621501
52 -67.07072201642795
53 47.59927439980674
54 -23.947199603962865
55 14.806503651337772
56 -24.356168361885853
57 22.457676375106303
58 -5.902888915427105
59 -2.701181502417678
60 25.997826744264625
61 -44.3678487522288
62 -27.54902919752107
63 -36.24957248452655
64 2.8246720000099352
65 -26.253401522290613
66 29.28342269955375
67 10.547318514561148
68 -55.5061710066726
69 38.931915864367674
70 -9.500700862364182
71 -35.87040709047062
72 28.460228903957407
73 -15.97639604417766
74 14.135454092867116
75 -2.6817635556098276
76 11.974239991798962
77 24.02543007274714
78 -11.601012990978774
79 7.317591163281953
80 4.407178258444802
81 -38.493670440397274
82 50.076128285371105
83 -44.98309582451465
84 65.34327445961576
85 -21.016972886139097
86 -14.029198000509277
87 57.61370955145078
88 -47.72509065389177
89 32.86503898406957
90 -51.23053330050985
91 17.48082621733084
92 -4.038492624862256
93 -15.103674467771356
94 3.790672801555503
95 -14.478081834639692
96 26.611239988453516
97 -35.24587174844502
98 22.449887614593138
99 29.541366149846162
100 -13.83163398637355
101 17.540280312504652
102 16.670343654808182
103 -19.938524193284316
104 67.24172111323013
105 -39.01738359741852
106 25.84247205151543
107 -1.348611669487471
108 -21.748104343536838
109 23.737061861003298
110 -48.85750606038395
111 4.96775915780999
112 -32.90310951246369
113 22.0613575404634
114 -31.292439498153314
115 54.98788299689763
116 -57.98465698886443
117 15.705917840060538
118 -92.70733970235952
119 3.299575261082193
120 -13.882686227096885
121 -9.954959528211988
122 -3.218951541197605
123 0.9043798612349666
124 2.9334001376030994
125 3.2934033863779564
126 0.932448984509868
127 0.0
