0 0.0
1 -4.697238637788507
2 14.629440289814765
3 -13.219148174306842
4 3.008453541755862
5 -36.79655250196197
6 -17.87446930237082
7 -70.09941531419427
8 -46.21023341936361
9 -34.42148688178652
10 -61.81648382213291
11 -6.925423838993719
12 -96.12386584422848
13 9.650855138313393
14 -44.55018220519834
15 -60.93230180415023
16 -9.599139072799414
17 -13.390223161653795
18 -59.435358746878
19 17.544507900655443
20 -9.119943911956339
21 -22.239785408506812
22 25.205935084039417
23 -11.793730431217034
24 23.647951328661367
25 -44.11987814635356
26 70.51677836620159
27 -25.592652793467206
28 3.17326018466391
29 -6.994960740818058
30 -40.441288038051944
31 17.02847555492711
32 -64.0007047942645
33 35.88412502441301
34 -75.22267346247529
35 32.19267791084144
36 -29.985869419865782
37 -38.92198009169063
38 -19.381528274606733
39 40.51652785638385
40 -49.17084143610154
41 15.518455440037851
42 2.4818013307271505
43 8.735210215826886
44 6.134271242389744
45 53.8973541634416
46 -16.53722939338673
47 37.495423472864886
48 18.612446186041574
49 24.541157901626207
50 0.42520594348808516
51 -12.421343652062422
52 23.62316827185684
53 -58.6796484150642
54 13.963381383618561
55 -33.90765407992128
56 -44.201730342536536
57 -3.2079975569673866
58 -4.0748077607260145
59 -1.031298550002227
60 30.33887219095486
61 5.266388565066579
62 44.76553805391407
63 -0.01345905852677962
64 67.21791821515586
65 -15.001347794247783
66 136.88911578817132
67 -25.128364950241547
68 81.61003503661134
69 41.30815396451884
70 -11.570725408042328
71 34.91165861287432
72 -63.44672655638659
73 17.96588318694883
74 -7.79911124961023
75 -25.18170954720074
76 -18.269812323699007
77 25.858293878507748
78 -92.61802908360406
79 9.203838699433835
80 12.255707854427843
81 -53.78729581912407
82 22.992707869902727
83 15.609923980550246
84 -51.98356289022279
85 15.13036835729218
86 -6.468747129193897
87 19.523662503849145
88 0.6700978215431731
89 26.42911082841779
90 7.5081312372137745
91 -5.8544262410217955
92 8.423452531701498
93 16.067670131813536
94 -34.549724962143664
95 64.93744643092559
96 -39.44103058418591
97 19.0783703115821
98 12.165527955714245
99 -48.8669865009072
100 4.262214865882018
101 -62.31676877795924
102 64.43225667811058
103 -60.41528966170684
104 37.75244254291002
105 -20.316580015917758
106 7.928463266543829
107 14.537250286467492
108 -28.138961935536187
109 29.329446066648128
110 -53.27134552615648
111 77.69819351077503
112 -51.09402229666527
113 17.58560978132264
114 -32.651155463763466
115 8.065755687702467
116 -73.85749020292953
117 46.8750617275673
118 -36.50331732714636
119 24.17028055748195
120 22.28060957899751
121 -3.3756818093080407
122 28.909775327904022
123 16.85176824895601
124 6.4833400827221
125 13.26486271104162
126 0.8132122203618033
127 0.0
