0 0.0
1 -3.715680796913502
2 8.08584794708666
3 -8.861881283770632
4 -2.4851877298537306
5 3.425714293707571
6 -2.3110125713810783
7 -15.450584584070754
8 24.024463705846085
9 -55.83483492664924
10 -36.474964866015945
11 -5.308631193193277
12 -111.92816234573645
13 -26.176757308752546
14 -6.408751559008649
15 -89.36942463001324
16 9.639155070859523
17 -17.573917113047518
18 -28.21957502932018
19 0.3846969901640893
20 -29.71432178948279
21 59.93448013183428
22 -22.458051860277386
23 10.401735883959205
24 40.69598838708822
25 -11.398781439124258
26 57.452774803076544
27 -2.9348229377079087
28 71.6940128002133
29 -21.527416129076276
30 44.53683102425316
31 -28.41087028311614
32 -16.490377729260548
33 11.411526198107008
34 -49.66591536747297
35 6.62495328116787
36 -35.82416737529802
37 11.617243458573057
38 -41.42670665914176
39 15.971705465043453
40 -37.08625740992283
41 -8.474915775139742
42 -16.118208155178912
43 -6.4891440748815965
44 -44.34662650066048
45 9.030368354574104
46 -15.771950547122227
47 -20.086274389528537
48 23.660842339230847
49 -33.344847495539234
50 -6.246468347862033
51 -28.510054502778477
52 -43.972825753527886
53 5.177563066125799
54 -5.815878458963761
55 -38.69521372311316
56 11.424284665078751
57 -9.240418885855584
58 -31.30866011192233
59 -12.758875413262027
60 13.351122377961454
61 -37.2826273564321
62 11.058961221000688
63 27.62064660677655
64 24.424859245449017
65 17.789240100539022
66 42.19507901892631
67 -12.966001437234938
68 7.590043174485965
69 32.59211454320224
70 -3.006991103304577
71 18.410935987123327
72 50.258346178572474
73 -39.35284267285526
74 35.39704472988367
75 6.460302722205741
76 -5.638192290669384
77 39.145064689248755
78 -7.476859415547061
79 37.25586377753889
80 -20.54271825411276
81 51.74376819268876
82 -46.67182943265616
83 28.63868076034399
84 -47.72944049229564
85 44.67585750372542
86 0.12709835315328608
87 -23.25971747149897
88 50.352717955666805
89 -47.74579219554141
90 47.77715413508309
91 -9.13255323818224
92 16.625165004327126
93 12.547454495159245
94 -24.612242655258036
95 89.8091441250264
96 -56.70535315238478
97 22.006944473419235
98 -16.937956688190695
99 17.890291423101296
100 -2.748529715250539
101 -17.317803992844816
102 30.428940591088644
103 -34.82399576093265
104 56.55265882620362
105 -125.50325237452033
106 68.23694668599835
107 -89.30984668178876
108 17.591404178996033
109 -36.14097820752995
110 -2.621439294552583
111 -0.00328543275007812
112 -52.27042544571607
113 23.688114125095467
114 -55.487059483447666
115 37.035623429956104
116 -43.917752187268796
117 64.69342768943048
118 -62.80932586720354
119 97.11393539074537
120 -51.45618978906371
121 65.57409632697713
122 -23.61627618211251
123 22.651299922898463
124 -3.2869111619908424
125 8.079378022567852
126 1.2456651077991756
127 0.0
