0 0.0
1 -4.182332665229186
2 7.5085394173917575
3 -6.752190175425239
4 -20.770174516168986
5 -9.37708740038604
6 -0.5942674599892707
7 -86.92700352009322
8 5.674371570987158
9 -111.84596595921447
10 -21.32337820621443
11 -68.02887273536602
12 -67.86948298561036
13 16.337692706973304
14 -49.848373301467895
15 18.338212222405254
16 -25.683014548212043
17 51.29848212320735
18 -21.496248090592466
19 50.483635339615276
20 5.92844339943793
21 35.420359883711946
22 7.60249418575051
23 40.77631647021179
24 45.290052733922884
25 12.411340935632428
26 -11.608313409459281
27 -3.7333598461408486
28 3.2912935491618036
29 -47.6322518753434
30 1.5160247627353254
31 -14.75956815176386
32 -54.33947314308286
33 -22.729663545675464
34 -18.69528917500972
35 -48.435092261408855
36 -13.540787640475541
37 -26.599625592143035
38 34.90894846224487
39 -13.988144830262355
40 4.049520105206973
41 21.950027500171085
42 1.1061216255188553
43 50.67659700883594
44 28.16612334879308
45 -9.548191812721013
46 51.30667384362693
47 -31.73576074683947
48 27.781109165886612
49 -6.964456479038822
50 -36.81893472037138
51 50.84400051738881
52 -39.768107592452544
53 18.4962545035802
54 -12.917774041165488
55 -19.12304707687575
56 3.8924999047762845
57 -20.553660830579773
58 26.893085833458684
59 -40.273151979979794
60 3.3139695985580673
61 17.38165179823993
62 -23.98709901344022
63 21.851127110114366
64 27.775545279533382
65 -24.65293943875578
66 38.79406277611678
67 -5.428016843384404
68 13.28785369117897
69 14.986681206524297
70 -43.582380563715034
71 40.43203170024998
72 -51.76136325971493
73 -18.06009111972378
74 12.190482618540381
75 -45.471195144138164
76 -18.073241736230976
77 -35.81942857578131
78 -9.701614449375278
79 -35.55977620743319
80 -12.613424795424509
81 -19.41876141719389
82 -71.10493438540891
83 62.703188141509415
84 -30.472332980963383
85 67.06609229594584
86 13.996138211668793
87 27.386192987127316
88 73.361348435416
89 16.087613927176854
90 21.263718836599626
91 -1.6623152933787155
92 -16.989924201721358
93 25.505337481507233
94 -17.702177703663327
95 -10.042950446590357
96 31.410634827465948
97 -46.50513529093546
98 26.99726462246753
99 1.0844527146549097
100 -15.244834469228051
101 -0.5537408462068589
102 -0.9129470584479988
103 2.417398630211742
104 -28.347601122302088
105 10.140526404800296
106 37.56609938979429
107 -68.17730913870079
108 32.777493124810384
109 -6.722485625814776
110 -24.121624732326303
111 11.860506010393934
112 22.68353118196205
113 -71.74322835950744
114 -4.319271344181758
115 -8.290467284977106
116 -5.2047514957141985
117 -9.999027224029762
118 23.159818142197324
119 56.831305530377804
120 -31.14376386536099
121 96.58777577557493
122 -46.2835724903945
123 51.94202545588887
124 -5.5627923212382315
125 13.156415827834458
126 0.5447038144385042
127 0.0
