0 0.0
1 -3.4647554128675884
2 7.407734869302053
3 -8.198041767666853
4 -1.3165253010852795
5 -9.293867605506582
6 -37.7563664417025
7 1.8136647207945806
8 -78.67478152916662
9 -3.55738433231607
10 -79.82442204129451
11 -14.135707406883478
12 -65.48287194607978
13 -10.921296629625422
14 -55.895015355056785
15 -4.498642813356636
16 -20.20937842607956
17 23.718204932047918
18 -56.354701483647
19 37.49479904951665
20 5.323735782317797
21 -26.61305499833024
22 7.585900806030226
23 -0.37629848112684244
24 -30.681816932812293
25 -4.68868486450568
26 -9.25331987054047
27 20.73949450616746
28 10.53050954470899
29 -24.153111239678996
30 70.58699819085285
31 -94.47398117360841
32 97.0416735969159
33 -31.811891234161887
34 18.811911341730134
35 -2.3796781574044727
36 -10.237817058845582
37 14.3759497189362
38 -9.184950502006666
39 37.466306306922576
40 -18.014819742360356
41 30.162078927672173
42 4.9593780117164945
43 7.9340976700763095
44 21.258885580247195
45 27.0936939775841
46 17.745818656747655
47 49.421507532871686
48 15.037737014066602
49 44.13235195470763
50 -2.299190656565005
51 4.172393981877054
52 -21.556703846975637
53 -24.754346632624685
54 -27.4925515548259
55 25.991448618944194
56 -33.93223304882591
57 9.70125683905624
58 -26.39866146579721
59 16.222270975149627
60 4.220060032353178
61 -43.890509815678946
62 48.07581368604753
63 -79.13224390343933
64 35.75764296122473
65 9.003262149198859
66 -11.44717490131388
67 21.87673622988786
68 -33.80444836104516
69 37.413626360756915
70 18.967572574508182
71 21.010371956200235
72 -11.614717465800403
73 31.427012234326945
74 10.25115294989072
75 -22.267395034445723
76 22.531111684913565
77 -15.63400848300613
78 -10.001520231830536
79 10.358705972503653
80 -24.743225106135583
81 -26.59382055496715
82 -4.735912167629869
83 -59.02725171400005
84 9.205897149277636
85 -0.43046886037691784
86 -2.1623933524222636
87 25.449007321464048
88 -5.58917618173323
89 25.583751270523038
90 17.868228870035853
91 -19.49048140213285
92 11.591700424319956
93 -34.95330578983418
94 -6.65225125533091
95 -60.3624991510969
96 46.04744041914761
97 -31.82334784022489
98 2.5094142162691
99 22.23079116135616
100 -50.069569792468215
101 29.276934073194614
102 -76.6097951571224
103 36.09174159738064
104 -63.247805269977306
105 3.0847921689619158
106 -19.27069998513206
107 -19.14229722762446
108 -21.94504518184953
109 -29.67796680085559
110 -21.754921117032715
111 -10.205461772859445
112 -1.244588531996216
113 -5.718287556227031
114 -6.338485813429428
115 7.640506433109586
116 73.47671499032718
117 9.475273569083596
118 63.923355715889016
119 51.105680708617605
120 -21.384944173988234
121 47.7326127862408
122 -19.11992161352265
123 17.736985157143828
124 6.46242213457527
125 4.00096688370775
126 1.2343758862484666
127 0.0
