0 0.0
1 -3.8547322491555187
2 10.467286356647417
3 -22.124773910463567
4 2.630015439362625
5 -17.448716590810257
6 -41.2954191346853
7 -9.69784108046647
8 -94.09974677937899
9 10.053970506619331
10 -83.34409997324917
11 7.023058177878642
12 -29.272416970287455
13 -15.552864285707793
14 -9.937589480495115
15 -12.70267815031902
16 -2.155296847086602
17 -14.858474230085818
18 4.953852882321791
19 -9.71592533893054
20 13.966616421319832
21 -0.15978029866925655
22 21.051607008789514
23 -10.659668024027086
24 35.483651056911356
25 3.064368693220119
26 18.68502554797094
27 -32.45373301559696
28 52.24049630216459
29 -38.80312735589524
30 40.687808882570266
31 17.388499672837785
32 -18.071866052190032
33 54.10796718499978
34 -28.414176877045943
35 4.039971453028548
36 -2.1894157449091582
37 -3.6802018897664825
38 -25.805758741069578
39 16.588159516493416
40 -38.550991517810864
41 -26.484312090336633
42 4.8037887501586285
43 -24.23797499746416
44 8.613724939571306
45 0.7015368771738962
46 2.735654666571396
47 -0.6621930468298108
48 -0.5916625941631192
49 -20.05744470834318
50 15.045752050211473
51 -22.07512542420971
52 -12.36999201062126
53 29.32863169850495
54 22.251942069146924
55 7.1875191438559805
56 30.94555768705569
57 37.478493080236355
58 2.386808989600847
59 53.045418071594824
60 -7.187369006222976
61 31.331915973848222
62 2.4170078119660805
63 -36.72381448040877
64 43.12611114697163
65 -28.97938031713025
66 -21.115982211632126
67 8.789784932796493
68 -19.606612726697044
69 28.09713530613737
70 -60.050426211942906
71 35.58334676471727
72 -49.123949711203586
73 -9.301585388417596
74 8.447554086647639
75 -63.234504638747964
76 -11.846119615132437
77 -14.535722412413493
78 0.658976061272347
79 -21.9010910831888
80 -18.224465042048987
81 -18.309302715620976
82 -10.375642155651578
83 -38.72306396632782
84 37.83080439050563
85 -47.49157235527999
86 49.65556152503907
87 -3.3877592940277754
88 8.999076853684008
89 60.77795715180895
90 -14.283618418033727
91 45.19499023206527
92 -17.157217928652372
93 40.093263507882384
94 1.45798804314065
95 32.213337490704575
96 8.523679180604304
97 16.487547492453142
98 20.327304553394804
99 -1.4306677174628872
100 17.782354244226084
101 -35.60180577956588
102 43.55426841028069
103 25.51177376079613
104 -34.67866328284413
105 30.781874153974012
106 -79.92804330189297
107 0.8831227955018415
108 -4.715578886201404
109 -31.685386245083492
110 32.285408594690104
111 -23.244058069782646
112 15.024143691308561
113 -19.83997951249708
114 -24.530753951437514
115 -2.4310742146663253
116 4.54132603668002
117 6.320789996784232
118 2.6325867830981027
119 39.43671714972807
120 5.931451074401013
121 31.377192745697663
122 -8.994617641208755
123 19.286833259436712
124 -9.693042821322987
125 11.984802530819756
126 -0.5020073145040406
127 0.0
