0 0.0
1 -4.579862292955137
2 8.634496149208957
3 -13.01191211217887
4 -13.286250871942489
5 -2.145799595293497
6 -19.824979086918898
7 4.689930551274668
8 -26.637750096329242
9 14.333901091220664
10 -27.65674760759855
11 27.779413889952508
12 -27.583018851511355
13 -19.23067339833126
14 20.493450804923935
15 -54.460052980113886
16 41.793924250675595
17 -57.66557478300276
18 15.602518620120671
19 -20.738646975416767
20 -33.62776408166364
21 12.993960520580986
22 -60.39759720171359
23 39.48522986300352
24 -53.695366135317386
25 48.57640063666162
26 -32.32895526204524
27 26.81740622758735
28 -16.457450561840396
29 -28.762011972331653
30 -18.46742714744339
31 -6.034501330506198
32 3.9608300085675823
33 -65.37128881016602
34 14.558825813884475
35 -23.186284005968677
36 -40.243689202457354
37 9.827495703871362
38 10.952543460510997
39 10.454782968291775
40 21.811256165861884
41 15.049167148936357
42 26.360700745772213
43 1.6924694029890008
44 26.709629300289468
45 -14.63783078522323
46 14.900296280585561
47 -47.41219826272069
48 53.04700696729952
49 -57.147433192530144
50 7.197166548528053
51 -7.403365125000561
52 -33.025067877568056
53 -16.7647817377516
54 -4.701215908452486
55 -13.358447250782246
56 -21.4748447161313
57 30.50269613271114
58 -41.0846736032795
59 68.30608744507883
60 -37.610336440650826
61 31.961218552174316
62 9.2882988771556
63 34.45824872820965
64 43.17646492037792
65 22.203175331770876
66 20.991269670767082
67 -0.14341932340404884
68 10.600748173663169
69 8.814516006332317
70 -8.804138034738529
71 2.057933590126396
72 -20.654191267947347
73 32.71994470841838
74 7.918086494839278
75 1.9474139965075226
76 20.87390293543615
77 -37.94616125318069
78 43.0824316651076
79 -22.363176071927597
80 -13.572687048670984
81 6.308501711347411
82 -14.023178326532982
83 -8.163768261237326
84 -18.709631476801572
85 8.336600507837463
86 4.537272176894106
87 -21.982915493977448
88 17.801520918879305
89 -32.635191849090745
90 5.658528472574736
91 19.071417811606928
92 -15.89054798427362
93 0.35124928586233056
94 13.034368996368414
95 20.01307694465309
96 -40.33840468550711
97 27.123586429051596
98 -26.88122595215994
99 -18.472314935548344
100 18.176060375771296
101 -38.586627650785324
102 52.52834659267108
103 -15.245969212822127
104 18.084366622574805
105 -35.07998929496024
106 -3.588359806292716
107 -25.543930416756712
108 -61.09380898802167
109 5.345711479477305
110 -55.27132990536974
111 -6.594340974865754
112 -29.980956030833447
113 4.670328460795993
114 -2.9412495554231692
115 16.618193229259333
116 -4.599441353423658
117 34.15585294183215
118 -28.835420663615373
119 68.32063434961667
120 -58.81586819301275
121 51.71685587093187
122 -5.726474614112134
123 24.51254592563317
124 3.662996233263027
125 7.291875717259009
126 1.4561248156263227
127 0.0
