0 0.0
1 -5.289737031560769
2 13.298327674791098
3 -23.729614964359413
4 10.55870248459563
5 -28.627779343366388
6 -12.900014399426412
7 -25.84772212896318
8 -18.40551195797024
9 7.96944205462819
10 -59.00495580695244
11 40.03392168245642
12 -48.72804145224629
13 23.264023654100022
14 -38.631309134008255
15 15.175171369380655
16 -58.09979088760729
17 37.41458213209898
18 -30.431074817555718
19 -7.38150420703382
20 39.30482033503986
21 -47.14803926282263
22 20.6622166054626
23 -24.21273005557453
24 40.19152495403216
25 -42.560897035681386
26 62.1769273009092
27 1.8802476403837938
28 -5.540001543293239
29 26.480466640242994
30 8.139356680392254
31 19.23018484728166
32 -12.856510888950483
33 9.687535353552038
34 26.308585772286257
35 -14.940755099950804
36 -17.564611958247617
37 -1.7671339532960197
38 -51.68687910099078
39 38.86434732624507
40 -60.01722851336328
41 7.2760903983507115
42 -30.6359603775579
43 17.86125724305236
44 -36.57263339375882
45 -44.20595610227545
46 5.236073887008853
47 -47.16218423164852
48 36.55487198340184
49 -15.792003531035542
50 21.625824812618905
51 10.023879108955882
52 44.56578526399817
53 -16.02282800457524
54 43.34033512259605
55 -9.82183903985837
56 17.32231463577643
57 -28.840716391499953
58 -16.828204944546705
59 -20.2973693837837
60 -30.627369448025988
61 16.0997387367232
62 -46.19650323306376
63 7.283159947636365
64 -10.393299820046899
65 37.491369040741205
66 -23.209724232830915
67 23.155382819908958
68 -37.1267900506248
69 42.13901772416031
70 -4.125696794677117
71 17.862348195478898
72 -10.23549163810239
73 31.595805458572038
74 -5.850602640349466
75 11.892404102526102
76 10.451180251413653
77 15.951629911474173
78 -24.912098527112864
79 30.062787622632346
80 14.863014477409042
81 -42.214267715856124
82 96.10693787183624
83 -28.847125775989674
84 51.82662081869668
85 -0.40024414420386234
86 52.533060458221705
87 -6.11685961363095
88 58.826209569227665
89 -15.135356356105767
90 18.624839391739375
91 20.278712522546375
92 -11.53356610292554
93 3.208320448104114
94 -18.173113281568476
95 -8.601445129380927
96 30.440949273633105
97 15.66285147678961
98 -74.57645054209546
99 31.320364765161074
100 -27.98451250757787
101 17.449203871931726
102 -43.29533901407249
103 24.9920709028542
104 -20.50066629207705
105 6.934369394125715
106 33.544903843848104
107 -53.998875958301596
108 18.039477065189164
109 -43.11646161865962
110 22.70486646784617
111 -99.33495091919907
112 39.816909818245904
113 -48.80618029259287
114 -27.336220886032184
115 16.123076234195278
116 -56.3844246232045
117 19.688941963097022
118 -37.05882334579779
119 35.14309524913928
120 -5.779070421742306
121 41.99503046440317
122 -38.11821780139899
123 44.470996130044654
124 -23.590748152105704
125 14.433189506379927
126 -0.634565789831916
127 0.0
