0 0.0
1 -4.417975707400016
2 6.266659928477829
3 -18.406508499310515
4 -0.9557749808030471
5 -33.64467193829744
6 9.287698591999568
7 -41.070445496021605
8 4.491075780887081
9 -24.23068491802135
10 10.986187122559402
11 -45.77561404583891
12 4.959270568209571
13 -6.1782442943040525
14 -32.93873454857623
15 3.2404219047266003
16 -3.4766163151790526
17 8.134636028431167
18 -28.111324734243578
19 6.234303757809627
20 -38.27189824060304
21 14.525038217496563
22 6.687056618751223
23 -1.5673861993401077
24 1.7846958199062812
25 18.89861911762758
26 -29.086420264067982
27 -1.2575669007088874
28 -23.363401587079462
29 -6.559504794797075
30 -24.076505601924815
31 -22.520253135065907
32 1.4624231218011097
33 -22.303207216775775
34 -34.39601977755313
35 25.06041818092041
36 -24.879465679961868
37 38.306779004556105
38 -17.338302240374055
39 -19.60085869530552
40 -13.88448250827145
41 -44.63962250887387
42 27.317404059639692
43 -52.80217056019666
44 19.262116666418382
45 8.612793271097647
46 -37.87037180626753
47 49.430546711621744
48 -43.7649810918463
49 51.72608941061898
50 -37.0601701627344
51 22.232574723167943
52 -7.311463240539241
53 17.59113551281024
54 44.921360321302394
55 -35.67244778569786
56 59.69241982918484
57 -54.307947598756684
58 95.96515867810996
59 -61.52627126896625
60 31.89578445669174
61 29.89035641203504
62 -50.95700554670682
63 14.236724259364678
64 1.817692177684995
65 22.151241165288017
66 -44.9406378039262
67 29.500574483516
68 7.059946106504442
69 -11.911241307944348
70 36.40634637513778
71 -20.469776582704746
72 -8.25163643319347
73 34.9259408037216
74 -10.640574238285867
75 -4.098153476638384
76 13.81621126670908
77 21.137593552634748
78 -19.617507988880057
79 13.49620292381839
80 -37.5552368561996
81 37.79216585752464
82 -40.92151838067913
83 6.164693767433818
84 -27.79640774673246
85 14.847877507794513
86 -19.88000282665995
87 40.002893241669994
88 -27.820292080461396
89 30.371705815956823
90 65.53487515637003
91 -77.5426196821106
92 84.92859190035857
93 -85.67944937000516
94 61.83585861396866
95 -42.24346701300972
96 -6.469665323736933
97 -23.57107131047081
98 -9.943526112865252
99 10.719867230712829
100 -36.492283072932494
101 -22.386715607556514
102 3.1403234310362818
103 -31.552045387752003
104 -19.9091765135207
105 21.80204996769268
106 -40.16043616949414
107 -12.975571159470253
108 -3.6982096624118888
109 -39.83106737306706
110 20.39614447185801
111 -17.193504842756457
112 28.136025495235508
113 7.190561137069254
114 10.859794762793888
115 95.47916658277504
116 -19.62925987780181
117 88.22531645689246
118 -28.07726888820409
119 80.79944351083205
120 -7.119782590815629
121 44.775764639198826
122 -3.421317692516851
123 44.10904440020273
124 -10.486448754971763
125 8.575017377729562
126 -0.0023942592628386143
127 0.0
