0 0.0
1 -3.2838955702278705
2 5.085409500281492
3 -9.433450897934701
4 -6.597012492705936
5 -41.07597432013604
6 -28.765150654114812
7 -42.17927904586289
8 -28.73663627463353
9 -46.52594382826839
10 -67.67566575499028
11 30.10547296076631
12 -98.25449650801816
13 55.691176750240395
14 -50.07858384312823
15 -6.1789589686656115
16 5.291892802318252
17 -61.32214961801477
18 48.50789604063576
19 -28.51674873198992
20 2.991013759111963
21 16.07258452971017
22 -16.75014064185992
23 29.943594809708006
24 0.8335079360597638
25 21.6547767621549
26 32.46159385082091
27 7.813506105196965
28 34.46341148198276
29 31.026224804583393
30 24.286882908574135
31 6.1749144108995075
32 31.852850050255565
33 -24.5317895387023
34 41.330513490531196
35 13.111005737017638
36 -20.63460742212345
37 16.411766267734606
38 -31.126660078530936
39 9.262312105288588
40 -28.118359936997752
41 11.786603231991483
42 -23.52431774402029
43 -16.91982246677607
44 -11.911913434809149
45 -7.38714746375421
46 27.89615190195281
47 -98.4690451501037
48 22.021094408313274
49 -41.40945417530392
50 -14.034905883313408
51 39.70572422680175
52 -71.41016990736405
53 45.073056433555706
54 -39.42167133170423
55 7.293478434870161
56 3.5917928718956067
57 14.986865419847025
58 -35.76920134353381
59 -0.25479887122861977
60 12.080697807490985
61 -16.76709723935651
62 75.03894579068233
63 -75.20045234457208
64 81.23087926581071
65 -27.151586941623037
66 31.293423754883325
67 8.825122005448089
68 15.408874426825452
69 19.8071581608516
70 -4.6011548638728
71 33.93605061933844
72 -5.760864236793768
73 0.4323558975035514
74 7.066882710184089
75 -30.76882672442146
76 -9.07489282564684
77 -1.0878558192389787
78 -14.89600775039848
79 -3.47016654590783
80 -22.911714855525286
81 23.704001709514607
82 -40.50716761537016
83 26.835436609341315
84 -35.83958197363421
85 21.23281101151472
86 -19.35029513010448
87 4.851119018031383
88 -11.741595944383041
89 -1.3278920719671885
90 1.3165017525578666
91 16.438484403990618
92 -40.404307434040874
93 54.74612155163447
94 -41.86825817247417
95 23.846212531198272
96 -32.735546518018914
97 -6.621185934959469
98 2.899447181790584
99 -70.59207789033658
100 85.11490418232479
101 -109.34755938251179
102 73.55152215829887
103 -44.83453072837859
104 36.69494203828016
105 -36.769974670837904
106 -14.356158943885083
107 7.738730512233265
108 -13.648450270060017
109 20.509145362022764
110 -20.736864861297164
111 33.87697472039576
112 -39.79928057828929
113 56.461092991107456
114 -43.64212558197876
115 76.5609101920776
116 -17.1056038325354
117 38.40853166607747
118 52.032170367825884
119 -19.84761903525704
120 30.396129614148585
121 17.324383797680266
122 -2.3155334451959835
123 20.981067938830872
124 0.06655528296751559
125 9.979102888336351
126 0.2187193779069665
127 0.0
