0 0.0
1 -5.716735578796615
2 12.79780329350048
3 -20.795487049318425
4 10.87826224202492
5 -18.223219218081297
6 14.522552254572231
7 -18.198536703125797
8 -40.45566044175373
9 21.744169220557723
10 -80.71902793185573
11 1.724145521108893
12 -40.42084152169725
13 30.82841758847675
14 -47.89255290566327
15 -25.279664543829295
16 -10.365827551063779
17 -18.7790822326092
18 -22.886927350297476
19 5.750656841391603
20 -27.633454638011187
21 -12.931911939838788
22 -22.849566344699614
23 29.566797933316614
24 4.256801437437934
25 -43.29488671705669
26 47.85075878982178
27 -31.279718955351797
28 34.37021167244817
29 -21.50068267476937
30 12.692027664288002
31 -19.47548636611377
32 39.112028479672325
33 -21.6505984417715
34 34.60609444035484
35 -4.2665404389782315
36 13.547198095650678
37 18.397050820430344
38 28.239499996413016
39 16.267878298531777
40 5.122501674423215
41 61.787045515000955
42 -3.008304507402047
43 33.75754471744492
44 -28.587355614715943
45 8.52245117240486
46 -16.678231351414624
47 -9.353497300158628
48 -1.3583642702885077
49 -5.428177053942428
50 -15.870137682325
51 -2.9583972722118865
52 -3.474550549358217
53 -17.502923823991022
54 14.749108530713968
55 -97.46870451339444
56 59.043812872284974
57 -46.21342021512768
58 -29.936225086575647
59 49.82486411223879
60 -56.38925349574328
61 78.63298158757459
62 -45.25001257938311
63 48.44439755999733
64 -30.40525475675631
65 -8.547812576464601
66 47.59010792310097
67 -1.9305495012032292
68 36.457570802627274
69 14.569272287804814
70 18.47777690744712
71 -11.608619039160999
72 -29.28057192463629
73 7.084923389416949
74 -48.978734070155724
75 29.910163835653965
76 -22.295262870068562
77 -0.9505148974636619
78 -39.427407527365254
79 32.796185525811765
80 5.686500514479778
81 -10.142031815927028
82 18.343955965059944
83 2.0248828163742925
84 12.70410009415534
85 -40.85281501821563
86 11.803746857151653
87 -35.40179343194503
88 -2.2516595693340453
89 -61.022081521308685
90 52.641882683143486
91 -98.66313718793727
92 49.854762712900175
93 -11.70373278062394
94 -29.903514759524853
95 27.702098429585348
96 -42.96361093129928
97 71.65515747112339
98 -51.27118336626531
99 47.688455073501316
100 10.949896786042055
101 -29.856857940604723
102 41.37534121792869
103 -17.048773764826667
104 -12.993339778914141
105 5.753206618816235
106 -13.563772754374622
107 -25.14720234636699
108 48.39042295496579
109 -55.89722772929118
110 13.95347658109609
111 -9.997145311495416
112 -20.08892155668213
113 58.46374761493305
114 -27.60536696405808
115 29.331471529402506
116 -9.752749086633873
117 48.24145199208968
118 12.898354510677361
119 58.66088822792056
120 6.11063164151133
121 44.78121077320416
122 -35.091191152606406
123 38.854983091319134
124 -19.571827428162138
125 11.564758965887798
126 -1.6887846766389465
127 0.0
