0 0.0
1 -4.459384204527486
2 16.39672578983646
3 -23.47948216260141
4 22.8366604549257
5 -36.31022818856338
6 18.367345274482158
7 -15.556691187960404
8 -23.572557685176985
9 -19.5011092170095
10 -6.30460501655211
11 -25.76450639990676
12 6.734514274010317
13 -13.740799389810185
14 -25.78924530607092
15 -0.2432738801242869
16 -53.49048033144131
17 8.237937518315906
18 -78.11639623117131
19 -3.3668895898835176
20 -30.70102944899324
21 -25.970659790754077
22 -36.075241015466524
23 -19.042083275385146
24 -11.882622015190783
25 -11.429044958875268
26 15.926125435541222
27 -39.907635824114145
28 26.981667307958215
29 -55.86114067386119
30 37.60922281557728
31 -65.65607047713641
32 44.30037608772664
33 -17.903007591920552
34 -0.8689289142120994
35 25.263251370977326
36 -31.437075485059097
37 32.22929425599167
38 -6.808811900836984
39 40.54169541670617
40 -0.6669038657664325
41 20.393930524823524
42 -28.602933730302723
43 54.30473156103709
44 -31.540851957774812
45 52.41829208421472
46 -35.05551945513979
47 39.89490982990963
48 1.0660088371516645
49 17.84905539636141
50 32.829325058084855
51 -13.353643148713282
52 55.508570636947354
53 -46.19442528660123
54 32.62947565534058
55 82.50714796427809
56 -44.6742408517941
57 69.74104211129611
58 12.6421084223132
59 45.83474715117638
60 -1.6810047707571791
61 0.6553329343342259
62 20.177873581183277
63 -39.194961177678735
64 9.349738955993477
65 -41.97924559057504
66 14.849363835518279
67 -44.3477597865268
68 28.55385902031486
69 -58.600053905126906
70 -38.585735092603706
71 3.7616092246509467
72 -98.9689789206165
73 50.2407531816091
74 -96.27461551003181
75 62.069792049043016
76 -25.07707713828582
77 -4.009036728386421
78 58.104737405631724
79 -86.01598993822164
80 110.25199763602421
81 -32.6965963153037
82 24.786719402982495
83 43.57049951051638
84 -47.44239127108231
85 29.850728718286895
86 -21.48700601601907
87 -30.599953307456175
88 53.54294568977259
89 -46.96221607796843
90 17.124261839242028
91 -21.503766547618746
92 -0.007337542958075426
93 -30.13024499702129
94 24.265594873967398
95 -16.634622939001265
96 -11.681543801949479
97 -4.954908812866418
98 -24.12129096072608
99 12.184276006746888
100 -62.11142680655814
101 47.16634375922032
102 -35.19163263055244
103 43.92294684076931
104 -10.06779696804798
105 -19.210766166941177
106 32.219427873028124
107 -17.246868398078252
108 2.5738811448123196
109 2.3938856165818287
110 15.78829448659388
111 8.147901012312971
112 -20.034083381657233
113 28.469813592711176
114 -25.837920757367204
115 -25.312140020461012
116 8.350737248802348
117 -69.09745340893525
118 54.35718638066079
119 -21.03632978690046
120 -31.746327931361844
121 52.10140245496221
122 -41.90776975903961
123 44.906852172734816
124 -19.117124345132325
125 20.16751881251624
126 -1.7065647548678016
127 0.0
